5.105802789330482483e-02,3.507865592837333679e-02,-4.377109557390213013e-02,-2.451965399086475372e-02,-1.117247864603996277e-01,7.946947962045669556e-02,1.524754241108894348e-02,-2.404346875846385956e-02,1.085018739104270935e-01,-1.439536549150943756e-02,1.447823643684387207e-01,-1.227490380406379700e-01,-7.942068576812744141e-02,2.799914777278900146e-02,-2.807780692819505930e-04,-1.548726856708526611e-01,-1.505876779556274414e-01,8.385573327541351318e-02,-5.366963148117065430e-02,-5.308155715465545654e-02,9.725849330425262451e-02,-1.569367349147796631e-01,-1.642921268939971924e-01,1.431603729724884033e-02,-5.354661121964454651e-02,2.356568165123462677e-02,1.491182297468185425e-01,1.843265742063522339e-01,1.734345257282257080e-01,2.631542682647705078e-01,-4.535694792866706848e-02,-1.807784140110015869e-01,2.871896140277385712e-02,-2.092309296131134033e-01,-9.106536209583282471e-02,1.087630316615104675e-01,4.690341651439666748e-02,-5.753328651189804077e-02,1.109172180294990540e-01,5.144985392689704895e-02,3.325333446264266968e-02,-3.088691458106040955e-02,5.254122614860534668e-02,-5.516542121767997742e-02,-1.924489736557006836e-01,-6.656267680227756500e-03,-1.378095597028732300e-01,6.880634278059005737e-02,-8.355015516281127930e-02,-2.104315720498561859e-02,-1.622035354375839233e-01,-1.587943872436881065e-03,1.103099659085273743e-01,-2.708369633182883263e-03,4.989437386393547058e-02,-1.486802995204925537e-01,-1.348658353090286255e-01,1.062168553471565247e-01,-2.064196914434432983e-01,-1.260819882154464722e-01,-2.679487466812133789e-01,9.292875975370407104e-02,-1.260082125663757324e-01,-7.039789110422134399e-02,-2.893223166465759277e-01,1.654141843318939209e-01,-8.890390396118164062e-02,2.067010104656219482e-01,-9.838424623012542725e-02,1.282321959733963013e-01,1.142451390624046326e-01,-4.749712720513343811e-02,-3.669517487287521362e-02,6.714201718568801880e-02,3.446590527892112732e-02,-4.332152381539344788e-02,6.125403195619583130e-02,-5.482727661728858948e-02,-2.458786405622959137e-02,-1.882451474666595459e-01,7.047953456640243530e-02,-1.547339409589767456e-01,5.506511926651000977e-01,3.632403677329421043e-03,-1.028837785124778748e-01,1.864237636327743530e-01,9.000675380229949951e-02,-9.384355694055557251e-02,-3.155843168497085571e-02,-1.052071899175643921e-01,-8.519924432039260864e-02,1.201028376817703247e-01,4.659822955727577209e-02,1.776865497231483459e-02,2.653687633574008942e-02,-2.663369849324226379e-02,1.778883300721645355e-02,6.782720983028411865e-02,1.552847027778625488e-02,-8.878061920404434204e-02,-1.113997492939233780e-02,-9.711895138025283813e-02,1.296410616487264633e-02,1.473537534475326538e-01,1.930134147405624390e-01,1.014795973896980286e-01,9.871324896812438965e-02,-2.545440793037414551e-01,-9.450413286685943604e-02,-3.155235573649406433e-02,-2.088282108306884766e-01,5.018392205238342285e-01,-6.636457145214080811e-02,-2.518814988434314728e-02,-4.964778665453195572e-03,1.003903429955244064e-02,-9.488735347986221313e-03,-3.754936857149004936e-03,1.294839940965175629e-02,5.880859494209289551e-02,2.082908153533935547e-01,1.224404945969581604e-01,-6.928007304668426514e-02,-2.409945055842399597e-02,-2.688888907432556152e-01,1.315424591302871704e-01,-5.763528402894735336e-03,1.450230740010738373e-02,3.098063543438911438e-02,-9.825150668621063232e-02,-2.995382528752088547e-03,-7.810314744710922241e-02,1.231178939342498779e-01,2.381686866283416748e-02,-1.310156583786010742e-01,-7.829704321920871735e-03,-1.159225963056087494e-02,-5.371584743261337280e-02,9.575045853853225708e-02,3.049032762646675110e-02,-1.480454951524734497e-01,-1.005376353859901428e-01,-1.053092554211616516e-01,-1.915916651487350464e-01,1.144770458340644836e-01,-1.595549732446670532e-01,1.393490284681320190e-01,-2.171989716589450836e-02,1.105989050120115280e-02,-5.655957385897636414e-02,-2.252715406939387321e-03,9.426186233758926392e-02,-1.239722669124603271e-01,3.353459388017654419e-02,6.600413005799055099e-03,6.811028718948364258e-02,2.038065046072006226e-01,-5.186377093195915222e-02,1.604415290057659149e-02,-8.936039358377456665e-02,-1.480035483837127686e-01,-7.210539281368255615e-02,-5.440911650657653809e-02,-1.002540141344070435e-01,6.554731726646423340e-02,9.539751708507537842e-02,1.712904572486877441e-01,2.939158491790294647e-02,-1.236647516489028931e-01,3.788848817348480225e-01,5.477856844663619995e-02,-2.291030064225196838e-02,1.651706546545028687e-02,8.627462387084960938e-02,-1.607320606708526611e-01,-1.278176307678222656e-01,-2.775733470916748047e-01,9.880334138870239258e-02,9.156498312950134277e-02,2.696838974952697754e-02,-1.076978296041488647e-01,-6.576066464185714722e-02,-8.636495098471641541e-03
2.992620505392551422e-02,1.405945746228098869e-03,-1.645184010267257690e-01,-1.617710106074810028e-02,-1.166337504982948303e-01,1.404937058687210083e-01,-2.128666825592517853e-02,-9.579084813594818115e-02,9.386244416236877441e-02,1.112556383013725281e-01,9.231678396463394165e-02,8.243753015995025635e-02,4.280607029795646667e-02,3.286889195442199707e-02,-4.175566509366035461e-02,-1.528653502464294434e-02,3.896458074450492859e-02,1.386621594429016113e-01,1.154304742813110352e-01,9.221289306879043579e-02,-1.277243196964263916e-01,5.009163543581962585e-02,1.749529987573623657e-01,-1.106443777680397034e-01,-1.092343777418136597e-01,-4.754617065191268921e-02,4.000743478536605835e-02,-2.348140999674797058e-02,9.149906784296035767e-02,-9.369137883186340332e-02,-7.636044174432754517e-03,-2.591897733509540558e-02,-8.767134696245193481e-02,-1.226971670985221863e-01,4.593555256724357605e-02,7.659573853015899658e-02,-9.923099726438522339e-02,-3.255013003945350647e-02,1.377149969339370728e-01,4.538381844758987427e-02,-1.258384734392166138e-01,1.348648369312286377e-01,-6.615044921636581421e-02,3.040920197963714600e-02,4.982255026698112488e-02,-8.325317874550819397e-03,-6.764417141675949097e-02,-4.947930201888084412e-02,1.168731078505516052e-01,2.048387676477432251e-01,-1.204013973474502563e-01,-6.202808767557144165e-02,-1.500175744295120239e-01,1.196084730327129364e-02,1.000277101993560791e-01,-7.698770612478256226e-02,-1.288568377494812012e-01,1.120987981557846069e-01,6.043688580393791199e-02,-2.042765915393829346e-01,-1.126076579093933105e-01,-1.135414466261863708e-01,2.876317501068115234e-01,7.100525498390197754e-02,-1.894390583038330078e-01,-1.428865045309066772e-01,1.290029585361480713e-01,-1.343406736850738525e-01,-6.883042305707931519e-02,1.036447510123252869e-01,9.903410077095031738e-02,1.027150824666023254e-01,6.399165838956832886e-02,-1.976787447929382324e-01,-1.560280919075012207e-01,-1.254674345254898071e-01,-6.083903089165687561e-02,-1.214704811573028564e-01,4.009294882416725159e-02,2.251724004745483398e-01,-1.731478609144687653e-02,5.208643153309822083e-03,1.743311733007431030e-01,9.516504593193531036e-03,1.068725660443305969e-01,2.756940200924873352e-03,4.261077381670475006e-03,6.756738573312759399e-02,-2.393515706062316895e-01,3.216370940208435059e-02,8.294586092233657837e-02,-1.350318342447280884e-01,4.341083578765392303e-03,6.125692650675773621e-02,-8.387809991836547852e-02,1.918756961822509766e-02,8.931432850658893585e-03,4.330446198582649231e-02,-7.242359966039657593e-02,1.348790228366851807e-01,4.757009819149971008e-02,-7.839494198560714722e-02,-2.013550326228141785e-02,4.864720162004232407e-03,1.517264246940612793e-01,3.151246160268783569e-02,1.399456411600112915e-01,-3.997628390789031982e-02,1.458532363176345825e-01,-1.425724029541015625e-01,-3.667646646499633789e-02,8.813192695379257202e-02,3.301718086004257202e-02,3.510547801852226257e-02,-3.405086696147918701e-02,-1.294558495283126831e-01,1.147758364677429199e-01,3.334451839327812195e-02,2.041431218385696411e-01,-7.176757603883743286e-02,1.726713329553604126e-01,-1.423279941082000732e-01,8.669296652078628540e-02,3.827619180083274841e-02,-1.062110513448715210e-01,-1.256878823041915894e-01,1.381558179855346680e-01,1.307844817638397217e-01,-1.435758769512176514e-01,1.527316570281982422e-01,-2.913088351488113403e-02,1.289217323064804077e-01,-9.099035710096359253e-02,-2.696580998599529266e-02,-2.763500623404979706e-02,-8.102053403854370117e-02,-2.318206056952476501e-02,-1.023779995739459991e-02,9.450335055589675903e-02,3.329412639141082764e-02,-3.843686729669570923e-02,7.349204272031784058e-02,-2.183965221047401428e-02,1.294101476669311523e-01,4.611750133335590363e-03,-8.011173456907272339e-03,-1.594582945108413696e-02,-1.723818480968475342e-01,-4.122421517968177795e-02,1.520890509709715843e-03,4.869151487946510315e-02,8.971562609076499939e-03,1.463675349950790405e-01,-1.310991938225924969e-03,-1.378583014011383057e-01,8.441948145627975464e-02,2.349434420466423035e-02,-4.940770193934440613e-02,-9.186010062694549561e-02,-7.004864513874053955e-02,1.175820529460906982e-01,-5.756744742393493652e-02,-6.671603769063949585e-02,1.068248003721237183e-01,-6.083465740084648132e-02,2.704745158553123474e-02,-1.509221345186233521e-01,5.162826273590326309e-04,-1.795243769884109497e-01,5.598123371601104736e-02,4.896154254674911499e-02,6.264891475439071655e-03,6.347557157278060913e-02,8.580688387155532837e-02,-2.455818057060241699e-01,1.800990402698516846e-01,-1.780787408351898193e-01,2.279618084430694580e-01,-3.172684833407402039e-02,1.277881413698196411e-01,-2.124499976634979248e-01,6.044529750943183899e-02,2.312880568206310272e-02
1.136203482747077942e-01,4.594885557889938354e-02,-1.290896534919738770e-01,-2.191352844238281250e-01,1.112300157546997070e-01,1.719982922077178955e-02,1.737808063626289368e-02,-2.417214587330818176e-02,1.953092217445373535e-01,-6.263045594096183777e-03,1.366893649101257324e-01,-7.404557615518569946e-02,2.622013986110687256e-01,-1.206283718347549438e-01,1.677076518535614014e-01,2.380879223346710205e-01,-1.443507224321365356e-01,2.402212470769882202e-01,7.702804356813430786e-02,-8.256977051496505737e-02,1.857768371701240540e-02,-1.281147450208663940e-01,2.678221836686134338e-02,1.648350208997726440e-01,-2.598614431917667389e-02,-1.538501381874084473e-01,-2.949037402868270874e-02,3.803499788045883179e-02,1.130706518888473511e-01,-3.496765494346618652e-01,-1.258711069822311401e-01,-1.981169916689395905e-02,7.076723966747522354e-03,1.741327643394470215e-01,-9.018952399492263794e-02,9.212831407785415649e-02,-5.634311214089393616e-02,-4.998283460736274719e-02,5.498642474412918091e-02,-1.481315493583679199e-01,-1.120703201740980148e-02,1.034545823931694031e-01,-7.477811723947525024e-02,3.135272115468978882e-02,1.019383445382118225e-01,-9.307800233364105225e-02,-6.329730153083801270e-02,3.142875805497169495e-02,-1.072625145316123962e-01,-2.044617086648941040e-01,5.574816465377807617e-02,-4.973340034484863281e-02,-5.731258168816566467e-02,1.000896245241165161e-01,8.646871149539947510e-02,1.392389182001352310e-02,3.586761304177343845e-04,-1.278678923845291138e-01,-2.074425853788852692e-02,1.133209243416786194e-01,-5.644983798265457153e-02,3.186706453561782837e-02,-1.501277834177017212e-01,2.620993927121162415e-02,-1.236136108636856079e-01,-4.966516792774200439e-02,1.503037512302398682e-01,1.901499181985855103e-01,-3.859556838870048523e-02,-1.179894898086786270e-02,-1.397289931774139404e-01,-9.303975850343704224e-02,6.050214171409606934e-03,1.428749859333038330e-01,-2.986891567707061768e-02,1.137508153915405273e-01,8.826982229948043823e-02,-2.175501585006713867e-01,-1.062965835444629192e-03,2.761257067322731018e-02,-3.171264752745628357e-02,-5.471840873360633850e-02,-2.091750875115394592e-02,3.997064381837844849e-02,-8.505445718765258789e-02,-1.775758266448974609e-01,1.829001009464263916e-01,2.979330904781818390e-02,1.364681422710418701e-01,1.968835145235061646e-01,4.573752731084823608e-02,-8.975103497505187988e-02,-8.773640543222427368e-02,-1.563188247382640839e-02,2.867364138364791870e-02,6.342824781313538551e-04,1.759640127420425415e-01,6.141081824898719788e-02,1.597608774900436401e-01,-1.309908926486968994e-01,2.606961727142333984e-01,7.866721600294113159e-02,1.367500517517328262e-02,2.061072364449501038e-02,2.731591165065765381e-01,2.247195877134799957e-02,-1.872436404228210449e-01,-1.450286060571670532e-01,-1.174725666642189026e-01,2.045723646879196167e-01,6.836508959531784058e-02,-8.536469191312789917e-02,-6.967264413833618164e-02,1.107415333390235901e-01,1.734166145324707031e-01,-1.219261288642883301e-01,-1.508443355560302734e-01,-1.335170269012451172e-01,-1.710925996303558350e-01,-1.079625412821769714e-01,1.601887196302413940e-01,1.423522680997848511e-01,-9.734939038753509521e-02,-2.057076618075370789e-02,5.174950510263442993e-02,2.628481984138488770e-01,-2.764894068241119385e-01,-3.260564524680376053e-03,-1.321943197399377823e-02,3.805281221866607666e-02,6.687428057193756104e-02,1.197667494416236877e-01,1.443346887826919556e-01,7.695861160755157471e-03,-1.444563362747430801e-02,-9.925016015768051147e-02,-9.544327855110168457e-02,1.589619368314743042e-01,8.829161524772644043e-03,-6.521071493625640869e-02,-1.552345789968967438e-02,-3.637185320258140564e-02,-1.842415891587734222e-03,-5.198287963867187500e-02,1.288501620292663574e-01,7.907101511955261230e-02,2.479706555604934692e-01,2.517557144165039062e-01,2.163941860198974609e-01,4.507254436612129211e-02,-7.904326170682907104e-02,-1.161542534828186035e-01,-7.435771077871322632e-02,3.030102550983428955e-01,-7.522664219141006470e-02,-6.276388168334960938e-01,5.372206214815378189e-03,-4.605823010206222534e-02,1.078641600906848907e-02,-1.362002938985824585e-01,-1.402997076511383057e-01,4.806261509656906128e-02,-2.532451413571834564e-02,-5.845540389418601990e-02,1.172285079956054688e-01,-1.512546688318252563e-01,4.152399301528930664e-02,1.711340844631195068e-01,-7.294145226478576660e-02,1.590560190379619598e-02,-1.659432053565979004e-01,-2.658089995384216309e-01,1.264036595821380615e-01,5.390437319874763489e-02,-8.411225676536560059e-02,-9.528523683547973633e-02,4.148717503994703293e-03,1.144858747720718384e-01,2.053024619817733765e-01,1.226132884621620178e-01,-1.099309474229812622e-01,-5.864919163286685944e-03,-2.101022154092788696e-01
1.488589197397232056e-01,-1.727745495736598969e-02,-6.352630257606506348e-02,1.711984574794769287e-01,-1.236848086118698120e-01,1.385300904512405396e-01,-6.138814240694046021e-02,-4.544627666473388672e-02,8.048890531063079834e-02,-8.036714047193527222e-02,-2.676682472229003906e-01,1.165294945240020752e-01,-4.134517163038253784e-02,-2.638175617903470993e-03,-1.398501992225646973e-01,3.751257434487342834e-02,-1.415653526782989502e-01,-5.503287911415100098e-02,8.075190335512161255e-02,2.900408394634723663e-02,-7.485944777727127075e-02,1.727359592914581299e-01,4.071763157844543457e-02,-2.358065694570541382e-01,-2.361077629029750824e-02,9.591932594776153564e-02,2.442469447851181030e-02,-1.904931068420410156e-01,-1.215820573270320892e-02,5.810613930225372314e-02,1.242278888821601868e-01,2.626153826713562012e-01,5.366508662700653076e-02,-6.035875156521797180e-02,1.084831878542900085e-01,-1.537194848060607910e-01,8.207120001316070557e-02,-2.572965323925018311e-01,6.770196557044982910e-02,-1.373240947723388672e-01,1.390906274318695068e-01,1.521663367748260498e-01,2.032968401908874512e-01,-5.215154588222503662e-02,-6.931846588850021362e-02,9.337264299392700195e-02,-9.545253217220306396e-02,7.609795778989791870e-03,9.415161609649658203e-02,1.371084004640579224e-01,-4.440320283174514771e-02,1.243715360760688782e-01,-3.905718913301825523e-03,3.130514407530426979e-03,9.841572493314743042e-02,-1.778050959110260010e-01,-1.051344051957130432e-01,1.236482858657836914e-01,-8.706031739711761475e-02,-1.229527294635772705e-01,3.926007077097892761e-02,2.282219007611274719e-03,1.188004463911056519e-01,5.014836788177490234e-02,-1.426240652799606323e-01,2.877689525485038757e-02,6.961298733949661255e-02,-1.007791259326040745e-03,-6.505448371171951294e-02,-1.190725266933441162e-01,-4.438931122422218323e-02,-6.203300133347511292e-02,5.151578783988952637e-02,-1.593956053256988525e-01,1.653951406478881836e-01,2.719465643167495728e-02,-5.246808007359504700e-02,-1.223246008157730103e-01,1.254496444016695023e-02,4.947719722986221313e-02,9.609763510525226593e-03,2.325708977878093719e-03,7.441979050636291504e-01,5.827083438634872437e-02,1.239127852022647858e-02,1.175184398889541626e-01,3.582448512315750122e-02,-8.860602229833602905e-02,-7.726371288299560547e-02,-1.563052982091903687e-01,-7.737800478935241699e-02,4.441948235034942627e-02,8.853568881750106812e-02,-1.144262179732322693e-01,-2.430958673357963562e-03,-2.238246798515319824e-01,1.111861597746610641e-02,-1.553324908018112183e-01,-1.036962419748306274e-01,1.546388864517211914e-01,-4.588052257895469666e-02,9.371852874755859375e-02,4.863182455301284790e-02,-7.270177453756332397e-02,1.013211682438850403e-01,-6.448896229267120361e-02,1.522437334060668945e-01,-6.323706358671188354e-02,-7.482658326625823975e-02,-2.714741230010986328e-02,8.712365478277206421e-02,3.963732123374938965e-01,1.181879639625549316e-01,-1.075749248266220093e-01,-6.224099174141883850e-02,1.197249740362167358e-01,1.127600371837615967e-01,-1.176555082201957703e-01,7.595915347337722778e-02,3.744129538536071777e-01,7.028552889823913574e-02,7.560290396213531494e-02,-2.995740808546543121e-02,6.496257334947586060e-02,-5.339654907584190369e-02,4.355373978614807129e-02,-3.104366362094879150e-02,-2.331397682428359985e-02,1.867464780807495117e-01,-1.462473720312118530e-01,-6.095975637435913086e-02,-1.976710706949234009e-01,5.542865023016929626e-02,-2.008447200059890747e-01,-5.480551347136497498e-02,-1.374885439872741699e-02,-1.001304239034652710e-01,5.524056777358055115e-02,4.090082272887229919e-02,1.343580149114131927e-02,5.587287619709968567e-02,-1.500743478536605835e-01,-6.795226037502288818e-02,2.966582961380481720e-02,-8.802887797355651855e-02,2.159917727112770081e-02,-3.989373892545700073e-02,1.227924749255180359e-01,-5.699054896831512451e-02,-1.833431422710418701e-01,1.487527275457978249e-03,-1.458223816007375717e-02,-1.191627141088247299e-02,-1.069650240242481232e-02,1.987932622432708740e-02,1.277948822826147079e-02,-9.680427610874176025e-02,4.059952124953269958e-02,1.481848023831844330e-02,9.854295291006565094e-03,-5.383195728063583374e-02,5.004045087844133377e-03,3.646174073219299316e-02,5.507961660623550415e-02,2.641054615378379822e-02,-4.753796011209487915e-02,1.096226796507835388e-01,-2.055824697017669678e-01,-7.256911601871252060e-03,4.204241633415222168e-01,-3.294462710618972778e-02,-1.118517443537712097e-01,-1.393363028764724731e-01,3.803120227530598640e-03,3.375234082341194153e-03,-7.664597779512405396e-02,3.675223514437675476e-02,4.860444366931915283e-02,-1.879361718893051147e-01,-1.341155022382736206e-01,6.223788857460021973e-02,-5.801226943731307983e-02,-4.985146969556808472e-02
-1.629878133535385132e-01,-1.936210244894027710e-01,-6.101880222558975220e-02,-6.035758182406425476e-02,-1.245354115962982178e-01,5.782577767968177795e-02,-2.482649683952331543e-02,1.304207891225814819e-01,-4.610419273376464844e-02,-1.180456951260566711e-01,-1.943334341049194336e-01,4.154924303293228149e-02,5.693985149264335632e-02,1.136990115046501160e-01,-3.898401930928230286e-02,1.430627405643463135e-01,7.867681235074996948e-02,1.312536001205444336e-01,1.915179491043090820e-01,-7.273752987384796143e-02,-9.060637652873992920e-02,-4.508419428020715714e-03,-2.456502616405487061e-01,-1.358089596033096313e-01,-3.262815251946449280e-02,6.847201287746429443e-02,6.020234897732734680e-02,1.104090586304664612e-01,-2.353514544665813446e-03,6.171579286456108093e-02,-2.371727675199508667e-01,7.288491819053888321e-03,3.116506524384021759e-02,-1.260460913181304932e-01,-8.424784243106842041e-02,-1.041464954614639282e-01,-2.225902527570724487e-01,-5.677578970789909363e-02,-1.658750176429748535e-01,7.737450301647186279e-02,-3.208939731121063232e-02,-5.669607222080230713e-02,-1.363546214997768402e-02,8.375671505928039551e-02,-1.665736287832260132e-01,6.470367312431335449e-02,-1.169306263327598572e-01,4.676340147852897644e-02,3.899667784571647644e-02,1.867430843412876129e-02,4.720840230584144592e-02,1.288816425949335098e-02,3.116741180419921875e-01,-5.266935750842094421e-02,7.301272358745336533e-03,-2.278324663639068604e-01,-4.799814894795417786e-02,2.109260261058807373e-01,-8.428931981325149536e-02,-1.204730942845344543e-02,-1.618479937314987183e-02,3.449087962508201599e-02,3.286303207278251648e-02,-1.210502535104751587e-01,1.344140321016311646e-01,-6.299301516264677048e-03,-8.633634448051452637e-02,-6.034568324685096741e-02,-1.921767890453338623e-01,7.952501182444393635e-04,-4.901440441608428955e-02,-4.021524800918996334e-04,-1.688359975814819336e-01,-2.754945121705532074e-02,-5.644045397639274597e-02,-3.296022117137908936e-02,-5.553504079580307007e-02,-8.597058057785034180e-02,2.423735260963439941e-01,1.967268735170364380e-01,6.292143836617469788e-03,5.307009071111679077e-02,5.743681788444519043e-01,9.224594384431838989e-02,-2.773186936974525452e-02,7.632093876600265503e-02,-8.951293677091598511e-02,1.295102089643478394e-01,-5.911085009574890137e-02,1.802396727725863457e-03,4.940073937177658081e-03,-1.309248358011245728e-01,-5.627506226301193237e-02,-9.038094431161880493e-03,-3.995983861386775970e-04,-4.184802249073982239e-02,4.011240229010581970e-02,-1.371693611145019531e-01,-2.890719333663582802e-03,-2.471045404672622681e-01,-1.356925219297409058e-01,3.629966080188751221e-02,-1.408316493034362793e-01,-5.908365920186042786e-02,-4.084465280175209045e-02,-1.238305866718292236e-02,-8.704793639481067657e-03,1.328867375850677490e-01,2.627247571945190430e-01,-1.562263816595077515e-01,-2.269733548164367676e-01,2.763321101665496826e-01,3.874237462878227234e-02,-2.383227460086345673e-02,-2.846555784344673157e-02,6.353575736284255981e-02,-9.463758207857608795e-03,-7.929851114749908447e-02,1.866506040096282959e-02,-8.117739856243133545e-02,-8.783394843339920044e-02,-1.001196801662445068e-01,6.262814998626708984e-02,1.404870450496673584e-01,-1.094339997507631779e-03,-3.187455236911773682e-02,-4.765507951378822327e-02,8.873656392097473145e-02,7.414911873638629913e-03,-2.215071916580200195e-01,4.503334686160087585e-02,1.276582777500152588e-01,-7.245850563049316406e-02,-2.190790772438049316e-01,-7.900603860616683960e-02,1.647907048463821411e-01,9.504882991313934326e-02,-7.998260110616683960e-02,-4.181146621704101562e-02,-2.027047276496887207e-01,1.005905270576477051e-01,-6.734390556812286377e-02,-4.766657017171382904e-03,1.022183075547218323e-01,-8.974978327751159668e-02,-1.479310244321823120e-01,-1.501027494668960571e-01,-1.366073191165924072e-01,7.402548938989639282e-02,-2.536529675126075745e-02,-3.413731232285499573e-02,1.324624102562665939e-02,3.190068760886788368e-03,-7.398623973131179810e-02,8.052338659763336182e-02,2.381351590156555176e-02,1.364121958613395691e-02,1.155821755528450012e-01,4.005282744765281677e-02,-1.721378266811370850e-01,1.496147364377975464e-01,9.050135314464569092e-02,5.975612625479698181e-02,9.303858131170272827e-02,-1.278056018054485321e-02,-8.281867206096649170e-02,-1.077362075448036194e-01,-5.970010533928871155e-02,6.427063047885894775e-02,4.784553647041320801e-01,1.176817044615745544e-01,-1.950355768203735352e-01,1.759065389633178711e-01,-7.105054706335067749e-02,3.165308013558387756e-02,-4.717284440994262695e-02,-1.538450717926025391e-01,2.708466947078704834e-01,-2.012938261032104492e-02,2.987867034971714020e-02,-4.055169597268104553e-02,1.711654216051101685e-01,4.807094857096672058e-02
1.084767282009124756e-02,-5.114103853702545166e-02,1.460426300764083862e-01,1.497914269566535950e-02,-6.738333404064178467e-02,-1.539268940687179565e-01,9.291392564773559570e-02,-5.366429314017295837e-02,-7.810248434543609619e-02,2.161966077983379364e-02,-1.543293893337249756e-01,3.946200013160705566e-02,3.569656237959861755e-02,3.099970333278179169e-02,7.949245721101760864e-02,-9.050918370485305786e-02,6.410632282495498657e-02,-2.714819833636283875e-02,-1.846999675035476685e-01,-5.965834483504295349e-02,3.974600881338119507e-02,1.698382496833801270e-01,-7.766471058130264282e-02,1.020670384168624878e-01,-1.361189782619476318e-01,-8.333472535014152527e-03,1.143968105316162109e-02,-5.702001228928565979e-02,1.370507627725601196e-01,1.261326018720865250e-02,1.848846375942230225e-01,7.820792496204376221e-02,1.555772572755813599e-01,-1.185312122106552124e-01,-1.088015139102935791e-01,1.539543420076370239e-01,5.592199042439460754e-02,5.459168460220098495e-03,-7.417687773704528809e-02,-7.507348060607910156e-02,1.318746060132980347e-01,-8.221807330846786499e-02,-1.230485066771507263e-01,1.051762327551841736e-01,4.116493742913007736e-03,1.814422905445098877e-01,2.841616421937942505e-02,2.221615463495254517e-01,9.269704669713973999e-02,1.495136469602584839e-01,-2.816391875967383385e-03,-5.795213207602500916e-02,6.998012214899063110e-02,7.263618707656860352e-02,2.785873832181096077e-03,-4.525227099657058716e-02,7.818144559860229492e-02,-6.430026888847351074e-02,1.551958024501800537e-01,2.217972278594970703e-01,-7.600999623537063599e-02,-2.587967738509178162e-02,5.236912891268730164e-02,-9.254964068531990051e-03,-2.149163000285625458e-02,-3.696203604340553284e-02,-1.384314745664596558e-01,1.418368220329284668e-01,6.459536403417587280e-02,3.956190869212150574e-02,-1.094182953238487244e-01,1.394293457269668579e-01,-1.890099048614501953e-01,-1.480302214622497559e-01,5.784547701478004456e-02,-1.004923954606056213e-01,3.033650219440460205e-01,1.544355973601341248e-02,-9.279181063175201416e-02,-3.669689968228340149e-02,-1.525227576494216919e-01,-1.407108753919601440e-01,-3.572503477334976196e-02,-1.408572942018508911e-01,-6.899896264076232910e-02,1.263955049216747284e-02,2.978209219872951508e-02,1.556708067655563354e-01,-4.319810122251510620e-02,-1.477776654064655304e-02,-2.592129446566104889e-02,-1.058445721864700317e-01,-4.607554152607917786e-02,7.992219924926757812e-02,2.281830273568630219e-02,-1.226675212383270264e-01,6.884192675352096558e-02,2.998137474060058594e-02,1.033911574631929398e-02,-3.125562518835067749e-02,-1.302826702594757080e-01,-6.597560644149780273e-02,-8.959625661373138428e-02,-1.065311357378959656e-01,-1.672754297032952309e-03,-3.099351190030574799e-02,-4.231080878525972366e-03,-1.808583885431289673e-01,9.311328642070293427e-03,3.104599192738533020e-02,-6.159031018614768982e-02,-5.229550227522850037e-02,-1.178363244980573654e-02,6.784930080175399780e-02,-3.033997863531112671e-02,2.729581482708454132e-02,-7.681145519018173218e-02,8.488345146179199219e-02,-1.453046053647994995e-01,-1.279730647802352905e-01,2.057079109363257885e-04,1.833239495754241943e-01,-3.979105874896049500e-02,-1.846186369657516479e-01,1.598590239882469177e-02,-1.308791190385818481e-01,-6.488537788391113281e-02,8.939563296735286713e-03,-5.947663635015487671e-02,-3.620740259066224098e-03,-1.424087584018707275e-01,6.770159304141998291e-02,-6.388940662145614624e-02,9.627855382859706879e-03,-4.883003979921340942e-02,7.278865575790405273e-02,1.053621247410774231e-02,8.938894420862197876e-02,8.423865772783756256e-03,1.114401891827583313e-01,1.001563444733619690e-01,1.446088999509811401e-01,1.211369484663009644e-01,-5.355955287814140320e-02,-4.367663711309432983e-02,-1.658203266561031342e-02,-2.617000229656696320e-02,-5.225808173418045044e-02,-5.336796492338180542e-02,-5.084148049354553223e-02,3.078591823577880859e-02,5.774565041065216064e-02,-5.146960914134979248e-02,1.730663925409317017e-01,3.057800233364105225e-02,1.017847284674644470e-01,4.965899512171745300e-02,-1.436776518821716309e-01,3.525934880599379539e-03,-1.987367272377014160e-01,-4.866156727075576782e-02,-2.164410054683685303e-01,-1.171195283532142639e-01,1.558840572834014893e-01,1.897916048765182495e-01,-1.752290874719619751e-01,-2.828863263130187988e-02,7.211618870496749878e-02,-1.314230728894472122e-02,4.305647313594818115e-02,-1.622142642736434937e-02,8.885718882083892822e-02,4.203343763947486877e-02,-5.645472928881645203e-02,5.943058803677558899e-02,2.314103022217750549e-02,5.872255424037575722e-04,-9.443914890289306641e-02,-7.348512113094329834e-02,-2.722567617893218994e-01,-1.894098371267318726e-01,-8.053480833768844604e-02,3.287496417760848999e-02
-2.495872229337692261e-02,-8.159711211919784546e-02,-1.769847124814987183e-01,1.862161979079246521e-02,-1.616706997156143188e-01,-2.556417509913444519e-02,2.124197082594037056e-03,-4.319633822888135910e-03,-4.998628050088882446e-02,-7.130232453346252441e-02,-2.732106670737266541e-02,2.989048371091485023e-03,4.554953053593635559e-02,1.383583098649978638e-01,4.325393121689558029e-03,-1.885125227272510529e-02,6.024386733770370483e-02,-9.702130407094955444e-02,1.546574383974075317e-01,-2.181050032377243042e-01,9.669155697338283062e-04,-8.152496069669723511e-02,1.758559048175811768e-01,-4.650681838393211365e-02,5.672875419259071350e-02,7.715721428394317627e-02,-1.567665301263332367e-02,-1.579873561859130859e-01,-4.794716835021972656e-03,4.852945730090141296e-02,3.178002685308456421e-02,-6.440378725528717041e-03,1.527578085660934448e-01,-1.221974715590476990e-01,-2.391823567450046539e-02,-2.613622322678565979e-02,-1.839458346366882324e-01,-2.335478551685810089e-02,1.134751364588737488e-01,-1.418878883123397827e-01,1.287495940923690796e-01,6.185489892959594727e-02,1.243553590029478073e-02,5.671122111380100250e-03,1.654087379574775696e-02,-1.891157478094100952e-01,2.148672193288803101e-01,-2.002187818288803101e-01,-5.962445214390754700e-02,6.011936813592910767e-02,2.985026501119136810e-02,6.463378667831420898e-02,-8.217747509479522705e-02,1.048156693577766418e-01,5.707464367151260376e-02,9.525711089372634888e-02,-3.177019953727722168e-02,9.376010298728942871e-02,-2.178223580121994019e-01,-1.007744148373603821e-01,-7.781266421079635620e-02,7.478453218936920166e-02,4.121485725045204163e-02,3.902589902281761169e-02,-8.405938744544982910e-02,4.938919097185134888e-02,1.739129275083541870e-01,-8.592893369495868683e-03,7.985973358154296875e-02,1.809455454349517822e-01,4.194584488868713379e-02,1.584548801183700562e-01,5.762931704521179199e-02,-9.985779225826263428e-02,-2.196336351335048676e-02,-7.601187378168106079e-02,2.238024398684501648e-02,-2.804854512214660645e-01,-2.364131249487400055e-02,-1.878850013017654419e-01,1.548966914415359497e-01,-1.523221582174301147e-01,1.121763885021209717e-01,-5.347404628992080688e-02,3.686199709773063660e-02,-9.980051219463348389e-02,2.174223028123378754e-02,-2.526079118251800537e-01,5.769303813576698303e-02,-3.404042497277259827e-02,7.136862725019454956e-02,4.892514087259769440e-03,8.794676512479782104e-02,-1.213567480444908142e-01,-2.256603986024856567e-01,8.968554437160491943e-02,1.207475885748863220e-01,1.814974658191204071e-02,-2.731705643236637115e-02,1.882806792855262756e-02,2.614356577396392822e-01,-1.779115945100784302e-01,1.441504713147878647e-02,-1.265450660139322281e-02,1.584269404411315918e-01,2.443177066743373871e-02,-5.740289017558097839e-02,2.878642175346612930e-03,8.294233679771423340e-02,1.021208316087722778e-01,-1.813081651926040649e-02,-1.752454638481140137e-01,-6.539425998926162720e-02,1.696670986711978912e-02,7.139776647090911865e-02,-6.645318353548645973e-04,-1.254131365567445755e-02,1.209162026643753052e-01,-2.377351075410842896e-01,-1.800143654691055417e-04,-1.034912243485450745e-01,7.761767506599426270e-02,2.325941063463687897e-02,-2.539860010147094727e-01,3.931209072470664978e-02,-6.335873901844024658e-02,2.356180688366293907e-03,2.018327079713344574e-02,-2.411640994250774384e-02,-1.863816231489181519e-01,-1.105294674634933472e-01,4.099704325199127197e-02,-1.923588216304779053e-01,7.693409919738769531e-02,1.794636063277721405e-02,-1.634083837270736694e-01,5.398552492260932922e-02,-1.213100850582122803e-01,-1.531067490577697754e-02,9.465327113866806030e-02,-4.400665685534477234e-02,1.067367643117904663e-01,1.106826886534690857e-01,-7.116582989692687988e-02,-1.012334972620010376e-01,-2.210569083690643311e-01,-7.748154550790786743e-02,-9.315076284110546112e-03,7.128971628844738007e-03,-4.912879317998886108e-02,-1.113800182938575745e-01,-1.198283061385154724e-01,2.305807545781135559e-02,1.505725830793380737e-01,5.487068742513656616e-02,8.341634273529052734e-02,-1.729867160320281982e-01,-8.736757189035415649e-02,4.443150386214256287e-02,-2.348267659544944763e-02,-2.076483815908432007e-01,-4.684063047170639038e-02,5.232607573270797729e-02,1.023018807172775269e-01,1.368360966444015503e-01,-1.114845648407936096e-02,-2.957119420170783997e-02,-1.048803981393575668e-02,2.204233407974243164e-02,2.080811001360416412e-02,-3.031509369611740112e-02,7.990606874227523804e-02,5.580002907663583755e-03,-7.165926694869995117e-02,-1.896479576826095581e-01,-5.893146619200706482e-02,2.864924371242523193e-01,1.279864460229873657e-01,2.001573704183101654e-02,8.580783754587173462e-02,5.593787878751754761e-02,2.590802311897277832e-02,2.905744127929210663e-02
2.798224240541458130e-02,5.433977022767066956e-02,-4.888513311743736267e-02,2.252492159605026245e-01,1.083674281835556030e-01,-7.839833199977874756e-02,7.714152336120605469e-02,-4.025845602154731750e-02,9.958706796169281006e-02,1.129450649023056030e-02,-5.270741507411003113e-02,-2.277865819633007050e-02,-1.161529123783111572e-01,-1.063789278268814087e-01,1.160028427839279175e-01,-2.077213302254676819e-02,5.804403871297836304e-02,1.735024712979793549e-02,2.103471197187900543e-02,-2.592601254582405090e-02,-6.405130773782730103e-02,-6.277468800544738770e-02,-1.758986115455627441e-01,-2.757836133241653442e-02,6.509413011372089386e-03,-1.106437817215919495e-01,-1.192511897534132004e-02,4.398084431886672974e-02,1.146953999996185303e-01,6.316161900758743286e-02,1.060652062296867371e-01,-1.436198055744171143e-01,-1.118193119764328003e-01,1.393958274275064468e-02,2.084125764667987823e-02,1.140661984682083130e-01,8.474134653806686401e-02,5.279869958758354187e-02,-2.206127718091011047e-02,1.427044533193111420e-02,-1.195807233452796936e-01,-4.196146875619888306e-02,9.994541108608245850e-02,-4.236073046922683716e-02,-1.041996702551841736e-01,-1.114021763205528259e-01,6.887885183095932007e-02,-1.018498651683330536e-02,-5.308901891112327576e-02,2.781628631055355072e-02,8.024556934833526611e-02,-1.765633188188076019e-02,-2.893490530550479889e-02,1.696750968694686890e-01,-4.433352872729301453e-02,-7.750196754932403564e-02,1.040107905864715576e-01,-6.578499078750610352e-02,4.356273263692855835e-02,-2.358262687921524048e-01,-8.467383682727813721e-03,4.256786033511161804e-02,2.684819996356964111e-01,-1.203788444399833679e-01,-5.866835638880729675e-02,1.939703151583671570e-02,1.556864380836486816e-01,-1.691364198923110962e-01,2.132905460894107819e-02,5.655312165617942810e-02,-4.001037776470184326e-02,7.980268448591232300e-02,-2.379788830876350403e-02,8.799812197685241699e-02,-1.980288773775100708e-01,3.078491054475307465e-02,8.850724995136260986e-02,9.609337896108627319e-02,9.168395400047302246e-02,2.692035436630249023e-01,5.974791012704372406e-03,3.226155042648315430e-02,-4.046305548399686813e-03,-1.009524520486593246e-02,-1.870298385620117188e-02,-1.173234358429908752e-01,8.869373798370361328e-02,-4.146601259708404541e-02,1.590196229517459869e-02,-4.554607719182968140e-02,-6.139725074172019958e-02,-1.012611910700798035e-01,-9.327284991741180420e-02,5.056605488061904907e-02,-6.614084821194410324e-03,2.018066644668579102e-01,4.648020491003990173e-02,-7.922759279608726501e-03,3.057757858186960220e-03,3.988561034202575684e-02,-5.950294062495231628e-02,-2.317786067724227905e-01,-7.076760381460189819e-02,-1.223909407854080200e-01,-4.634915664792060852e-02,4.045147076249122620e-02,-2.199684828519821167e-02,-2.762772887945175171e-02,2.493038587272167206e-02,-2.948966575786471367e-03,-6.063935905694961548e-02,1.409469265490770340e-02,-2.474885620176792145e-02,1.209842264652252197e-01,9.937459975481033325e-02,1.021683439612388611e-01,3.045813366770744324e-02,4.532333835959434509e-02,-4.577190056443214417e-02,-1.106676273047924042e-02,1.122376397252082825e-01,9.838169440627098083e-03,-4.957519099116325378e-02,-1.137342769652605057e-02,6.600423902273178101e-02,2.076731063425540924e-02,-6.796817481517791748e-02,-2.000804990530014038e-02,-5.156375002115964890e-03,-8.477930910885334015e-03,9.623474325053393841e-04,-1.247747465968132019e-01,9.668456763029098511e-02,7.464995235204696655e-02,7.939949631690979004e-02,-1.209139898419380188e-01,-4.629872366786003113e-02,-6.362923979759216309e-02,1.108395010232925415e-01,-1.147287487983703613e-01,-1.145427376031875610e-01,-5.408582743257284164e-03,-3.474768623709678650e-02,-6.206288188695907593e-02,-5.737117677927017212e-02,-5.146639794111251831e-02,1.088301390409469604e-01,-7.840319722890853882e-02,2.151326388120651245e-01,1.076973676681518555e-01,-1.050702184438705444e-01,9.028119593858718872e-02,-1.535521298646926880e-01,1.171036735177040100e-01,-1.635107100009918213e-01,-1.081653162837028503e-01,-1.826447546482086182e-01,-8.348260819911956787e-02,-5.933455750346183777e-02,1.626296490430831909e-01,-1.899034231901168823e-01,-1.367981135845184326e-01,8.470483124256134033e-02,4.850450158119201660e-02,1.468147933483123779e-01,-2.197490632534027100e-02,-1.231397241353988647e-01,8.573646098375320435e-02,1.364387571811676025e-01,8.076185733079910278e-02,-1.047293022274971008e-01,1.407205760478973389e-01,4.074474424123764038e-02,7.597710937261581421e-02,-4.860231280326843262e-02,2.714304253458976746e-02,1.159999370574951172e-01,-7.355797290802001953e-02,-1.658730506896972656e-01,-9.496950544416904449e-03,-1.583138257265090942e-01,2.889225445687770844e-02,1.082978472113609314e-01
3.966194111853837967e-03,-2.688509598374366760e-02,1.470313072204589844e-01,1.142120659351348877e-01,-4.617166519165039062e-02,6.786592304706573486e-02,-1.935739368200302124e-01,2.409483306109905243e-02,2.207052521407604218e-02,8.932370692491531372e-03,6.226806342601776123e-02,1.286303550004959106e-01,-2.019294798374176025e-01,7.139063626527786255e-02,-6.336009502410888672e-02,3.989082202315330505e-02,1.121236011385917664e-02,7.335439324378967285e-02,-1.233654096722602844e-01,3.231198787689208984e-01,-1.038734763860702515e-01,-5.528370663523674011e-02,9.204074740409851074e-02,9.849220514297485352e-02,1.977598853409290314e-02,2.271507829427719116e-01,-1.456877589225769043e-01,-4.371258616447448730e-02,-5.567459017038345337e-02,8.221381157636642456e-02,9.251246601343154907e-02,-1.619648337364196777e-01,3.587487712502479553e-02,6.202840432524681091e-02,-4.292196407914161682e-02,-1.166717559099197388e-01,-1.467378623783588409e-02,2.014305591583251953e-01,1.588287055492401123e-01,1.191516220569610596e-01,-1.000481769442558289e-01,-4.171746596693992615e-02,4.458206146955490112e-02,1.161549389362335205e-01,-1.010669246315956116e-01,-8.505607396364212036e-02,1.041729301214218140e-01,-4.348983615636825562e-02,9.509234689176082611e-03,7.728429883718490601e-02,3.486821800470352173e-02,-1.298929303884506226e-01,-1.675498858094215393e-02,-1.324947327375411987e-01,6.345755606889724731e-02,-6.451038271188735962e-02,2.690110206604003906e-01,-8.054082840681076050e-02,6.361865252256393433e-02,-2.261515334248542786e-02,4.625455290079116821e-02,-8.803706616163253784e-02,4.134155064821243286e-02,-6.046254560351371765e-02,1.527420282363891602e-01,-1.317621916532516479e-01,-1.704591065645217896e-01,-3.310237452387809753e-02,1.136149093508720398e-02,-7.257156819105148315e-02,5.543868243694305420e-02,-1.230279803276062012e-01,-4.989922046661376953e-02,-1.521601993590593338e-02,-4.426161199808120728e-02,2.392209023237228394e-01,8.032426238059997559e-02,-2.892625518143177032e-03,-2.398415505886077881e-01,-1.756957173347473145e-01,-1.445430964231491089e-01,4.339523240923881531e-02,-7.388439774513244629e-02,1.591054350137710571e-01,-8.028969168663024902e-02,7.534657418727874756e-02,3.439813852310180664e-02,1.223204750567674637e-02,-7.420793920755386353e-02,1.124437600374221802e-01,-2.109111519530415535e-03,-3.697104007005691528e-02,1.391021609306335449e-01,-6.431486923247575760e-03,6.883825361728668213e-02,-4.451902210712432861e-02,2.685244008898735046e-02,9.275665879249572754e-02,1.093348041176795959e-01,-6.793738901615142822e-02,-1.235824003815650940e-01,-3.125241771340370178e-02,1.773813068866729736e-01,7.585895806550979614e-02,-1.606166660785675049e-01,-1.649630516767501831e-01,-5.368296429514884949e-02,-2.835903689265251160e-02,-1.597702130675315857e-02,-1.682169921696186066e-02,1.309749335050582886e-01,-5.846010148525238037e-02,-9.264359623193740845e-02,-1.752237677574157715e-01,5.861024558544158936e-02,-3.120263479650020599e-02,1.208477839827537537e-01,-1.787184029817581177e-01,6.455069035291671753e-02,-4.900912940502166748e-02,9.652742743492126465e-02,1.057841777801513672e-01,-9.462106972932815552e-02,1.045916453003883362e-01,3.895525634288787842e-02,-8.490329980850219727e-02,4.239574819803237915e-02,6.964694708585739136e-02,-2.252276288345456123e-03,6.281685200519859791e-04,-1.714059710502624512e-02,4.443582147359848022e-02,-2.333164960145950317e-01,3.621468693017959595e-02,1.205226965248584747e-02,-1.081881523132324219e-01,-6.330635398626327515e-02,-8.654029667377471924e-02,6.361401826143264771e-02,2.238565497100353241e-02,7.398572564125061035e-02,-1.464469879865646362e-01,-7.476618885993957520e-02,1.087028682231903076e-01,8.249081671237945557e-02,1.726395934820175171e-01,2.059456519782543182e-02,3.524773567914962769e-02,-1.624536067247390747e-01,-7.433314621448516846e-02,-1.076692566275596619e-01,-8.146851509809494019e-02,1.684730313718318939e-02,-6.307410448789596558e-02,-1.382625848054885864e-01,-8.381889015436172485e-02,3.748683258891105652e-02,9.996386244893074036e-03,-1.190258115530014038e-01,-4.718002304434776306e-02,-4.979991540312767029e-02,-6.686976552009582520e-02,-1.033460870385169983e-01,-1.347994357347488403e-01,9.798001497983932495e-02,-9.833883494138717651e-02,7.413300126791000366e-02,5.649125948548316956e-02,-1.313991248607635498e-01,-1.050689741969108582e-01,7.112445309758186340e-03,-2.244235947728157043e-02,-1.746987365186214447e-02,-5.314322561025619507e-02,3.467646241188049316e-02,8.070465177297592163e-02,9.642622619867324829e-02,-2.374817132949829102e-01,-1.097058728337287903e-01,8.696854114532470703e-02,5.476102232933044434e-03,2.540124580264091492e-02,3.971520438790321350e-02
-1.037369817495346069e-01,-2.982498332858085632e-02,3.031206503510475159e-02,-7.244064006954431534e-03,-7.551116496324539185e-02,-4.184460267424583435e-02,-1.096325293183326721e-01,1.988358795642852783e-01,2.402652800083160400e-01,-6.112778931856155396e-02,3.011581860482692719e-02,1.739212423563003540e-01,7.195026427507400513e-02,5.312602221965789795e-02,8.978483825922012329e-02,2.621780633926391602e-01,2.235234249383211136e-03,1.020872965455055237e-01,-1.378464698791503906e-01,-1.409205496311187744e-01,3.937961906194686890e-02,-9.822188317775726318e-02,8.950118720531463623e-02,1.454884260892868042e-01,-5.588072165846824646e-02,-1.467999517917633057e-01,2.721528708934783936e-02,-6.185257062315940857e-02,-6.876069121062755585e-03,-9.197714924812316895e-02,-1.866769045591354370e-01,-1.023187264800071716e-01,1.067678071558475494e-02,1.803639084100723267e-01,-8.937325328588485718e-02,-1.306045353412628174e-01,-5.991370230913162231e-02,-1.788523048162460327e-01,-2.638676464557647705e-01,2.263450250029563904e-02,1.005648747086524963e-01,-4.183658584952354431e-02,-6.075299158692359924e-02,-5.261510983109474182e-02,-1.489084027707576752e-02,-5.962502956390380859e-02,4.143254086375236511e-02,6.509620696306228638e-02,1.402807305566966534e-03,-1.097227185964584351e-01,1.512395124882459641e-02,-2.661763690412044525e-02,1.519514024257659912e-01,-2.962309122085571289e-02,4.814606532454490662e-02,-1.169000342488288879e-01,1.163625195622444153e-01,-1.367283463478088379e-01,-1.385939866304397583e-01,-9.457729756832122803e-02,-1.739410310983657837e-01,-1.028965935111045837e-01,2.275816909968852997e-02,-7.563871145248413086e-02,1.437325477600097656e-01,-1.854002103209495544e-02,3.464066982269287109e-02,-1.347945779561996460e-01,-1.603316217660903931e-01,7.160105276852846146e-03,-1.792800277471542358e-01,1.393843144178390503e-01,1.225912347435951233e-01,-2.030363082885742188e-01,-1.104758381843566895e-01,-2.802554965019226074e-01,7.402645051479339600e-02,-4.685033636633306742e-04,-3.710770234465599060e-02,5.421102419495582581e-02,-4.345780983567237854e-02,-1.323441714048385620e-01,-6.254302710294723511e-02,-5.213182047009468079e-02,2.258066460490226746e-02,-1.296654045581817627e-01,8.076704293489456177e-02,8.224267512559890747e-02,1.521205455064773560e-01,-4.152423888444900513e-02,-9.346012771129608154e-02,-5.253507941961288452e-02,-3.278465708717703819e-03,-2.014157325029373169e-01,3.521348163485527039e-02,-1.257676631212234497e-01,4.290726780891418457e-02,-1.198358135297894478e-03,-9.672517329454421997e-02,-9.614194929599761963e-02,-1.965672969818115234e-01,-2.229650691151618958e-02,-1.611842541024088860e-03,4.263141006231307983e-02,-2.856113424059003592e-04,-4.023898020386695862e-02,1.328481584787368774e-01,1.697953939437866211e-01,-5.080831423401832581e-02,-5.012913141399621964e-03,5.018487572669982910e-02,-3.043293207883834839e-02,-2.797832190990447998e-01,5.571399629116058350e-02,-1.888640969991683960e-01,1.443238854408264160e-01,-4.036691412329673767e-02,-6.661355495452880859e-03,3.378093615174293518e-02,1.889241114258766174e-02,7.558327913284301758e-02,2.622905746102333069e-02,2.133116722106933594e-01,-3.517415523529052734e-01,1.019038781523704529e-01,-2.116534113883972168e-01,5.953087285161018372e-02,1.163906753063201904e-01,3.872396796941757202e-02,-4.076411575078964233e-02,4.254180938005447388e-02,1.074470430612564087e-01,1.066395416855812073e-01,-5.201609432697296143e-02,5.147454142570495605e-02,1.033002212643623352e-01,1.055660173296928406e-01,2.883846499025821686e-02,1.072517558932304382e-01,-1.301747113466262817e-01,-2.667666599154472351e-02,2.046697027981281281e-02,5.147036910057067871e-02,2.284777611494064331e-01,-4.264548048377037048e-02,2.525091543793678284e-02,-1.950173228979110718e-01,2.952055931091308594e-01,1.088745892047882080e-02,-4.339564219117164612e-02,-6.192246824502944946e-02,7.393400371074676514e-02,-1.501370817422866821e-01,1.109306365251541138e-01,2.323265075683593750e-01,7.615226320922374725e-03,-7.662023417651653290e-03,-1.931027472019195557e-01,6.901253759860992432e-02,2.738261595368385315e-02,-2.131523564457893372e-02,4.739058017730712891e-02,2.381922006607055664e-01,-2.940464951097965240e-02,-5.031752586364746094e-02,5.914329737424850464e-02,1.739245094358921051e-02,-6.187784951180219650e-03,1.695692837238311768e-01,1.104555849451571703e-04,-1.731955260038375854e-02,-6.166955828666687012e-02,6.357996910810470581e-02,9.189746342599391937e-03,1.781108677387237549e-01,-1.036200299859046936e-01,3.456696867942810059e-02,-1.270721852779388428e-01,2.143967524170875549e-02,-6.087217107415199280e-02,-9.867987036705017090e-02,-1.491289138793945312e-01,1.082053259015083313e-01
2.399257868528366089e-01,-7.507521659135818481e-02,-1.357192844152450562e-01,1.034862250089645386e-01,-1.775621064007282257e-02,-6.996049731969833374e-02,-2.968601882457733154e-02,7.763554155826568604e-02,-1.224456876516342163e-01,-8.808380365371704102e-02,-2.164022177457809448e-01,5.561604723334312439e-02,2.159881442785263062e-01,7.388810068368911743e-02,-8.850157260894775391e-02,-4.031574726104736328e-02,3.106483817100524902e-02,-1.127093136310577393e-01,-5.070933606475591660e-03,-1.024942621588706970e-01,-2.855087630450725555e-02,1.990483403205871582e-01,-1.036608815193176270e-01,9.230548888444900513e-02,-4.569287225604057312e-02,1.481714695692062378e-01,-1.160436868667602539e-01,7.297269999980926514e-02,1.614160835742950439e-01,1.719278283417224884e-02,9.594096988439559937e-02,-9.065825492143630981e-02,1.269715428352355957e-01,-6.603259593248367310e-02,9.127624332904815674e-02,1.583720147609710693e-01,-3.336004540324211121e-02,2.351272106170654297e-01,7.451239228248596191e-02,6.574099510908126831e-02,7.529041916131973267e-02,5.140237510204315186e-02,7.198303937911987305e-02,1.140562444925308228e-01,-1.196702793240547180e-01,-9.491346776485443115e-02,-3.222779184579849243e-02,1.357058137655258179e-01,-1.147379428148269653e-01,2.557873427867889404e-01,2.285722643136978149e-01,5.991639569401741028e-02,-1.344935037195682526e-02,1.062085852026939392e-01,1.639137044548988342e-02,-8.440264500677585602e-03,-5.360737070441246033e-02,1.662614494562149048e-01,-1.522823572158813477e-01,-1.969445496797561646e-01,4.716422036290168762e-02,-2.126944512128829956e-01,-7.187953591346740723e-02,-1.649292260408401489e-01,-1.868020743131637573e-01,-1.072056740522384644e-01,1.154247149825096130e-01,-5.951257050037384033e-02,-8.600664883852005005e-02,2.116186171770095825e-01,-2.513314187526702881e-01,-7.828407734632492065e-02,2.321143168956041336e-03,-4.308435693383216858e-02,-3.557072952389717102e-02,1.839318722486495972e-01,-1.766596734523773193e-01,-7.924045436084270477e-03,-5.376726388931274414e-02,-3.606419265270233154e-02,-6.517393141984939575e-02,-1.655074357986450195e-01,5.428890883922576904e-02,-6.410435587167739868e-02,-5.343526974320411682e-02,3.021372482180595398e-02,-2.730016112327575684e-01,1.845796853303909302e-01,6.755954772233963013e-02,5.392232909798622131e-02,8.865897357463836670e-02,9.712046384811401367e-02,-6.057688966393470764e-02,-2.539656870067119598e-02,-1.049232184886932373e-01,-1.038130559027194977e-02,6.430351734161376953e-02,-6.944064795970916748e-02,1.345000462606549263e-03,-1.219535470008850098e-01,-1.547953784465789795e-01,-1.132385898381471634e-02,-5.361404642462730408e-02,-1.742532104253768921e-01,6.359682977199554443e-02,-3.443405032157897949e-02,-2.307575009763240814e-02,-2.052483893930912018e-02,3.500061109662055969e-02,-7.068791985511779785e-02,1.442622244358062744e-01,9.765464812517166138e-02,-1.139350384473800659e-01,7.854128628969192505e-02,1.009169891476631165e-01,1.379941869527101517e-02,-1.647405326366424561e-02,-8.852248080074787140e-03,-4.412183538079261780e-03,-7.442764937877655029e-02,3.923842310905456543e-02,7.998528331518173218e-02,8.881526067852973938e-03,-1.526993960142135620e-01,-1.556586623191833496e-01,-6.395604461431503296e-02,8.567074686288833618e-02,6.902471929788589478e-02,-8.966795355081558228e-02,6.476337090134620667e-03,-5.563569068908691406e-02,-5.714280903339385986e-02,7.645837962627410889e-03,-1.149791106581687927e-01,3.758506104350090027e-02,1.001140922307968140e-01,4.385295137763023376e-02,1.766363084316253662e-01,-3.109472244977951050e-02,-4.706907644867897034e-02,4.698658362030982971e-02,-1.236246600747108459e-01,3.249752819538116455e-01,5.194461345672607422e-02,6.888712942600250244e-02,-1.760818213224411011e-01,-1.064059231430292130e-02,2.282480001449584961e-01,1.048846021294593811e-01,9.275257587432861328e-02,-7.906843721866607666e-02,9.093538671731948853e-02,2.540990523993968964e-02,1.942083425819873810e-02,-4.800681024789810181e-03,-6.065573543310165405e-02,-1.733649969100952148e-01,-4.332308843731880188e-02,1.463510245084762573e-01,-7.313971966505050659e-02,-4.550955072045326233e-02,1.424399763345718384e-01,-2.719824612140655518e-01,-3.390641137957572937e-02,-1.015038578771054745e-03,4.590040445327758789e-02,3.505263477563858032e-02,5.533067137002944946e-02,1.390918642282485962e-01,-9.811924397945404053e-02,-2.000565826892852783e-02,7.226926833391189575e-02,-2.672138810157775879e-02,-1.015955805778503418e-01,1.011842489242553711e-01,8.289427310228347778e-02,3.332317620515823364e-02,-1.589803397655487061e-01,-1.293951421976089478e-01,-2.422869950532913208e-02,8.204227685928344727e-02,-1.222583279013633728e-01,8.358445763587951660e-02
-6.299144774675369263e-02,1.344212442636489868e-01,7.893590629100799561e-02,1.333498060703277588e-01,-1.426017135381698608e-01,-2.094642259180545807e-02,8.876513689756393433e-02,-7.482211291790008545e-02,-5.928045883774757385e-02,8.340824395418167114e-02,-5.047646537423133850e-02,8.210337907075881958e-02,-1.205599159002304077e-01,1.432713866233825684e-01,8.759009838104248047e-02,1.097373068332672119e-01,1.022116467356681824e-01,7.723352313041687012e-02,4.181519895792007446e-02,-7.345396559685468674e-03,-7.028136402368545532e-02,-6.231090053915977478e-02,1.560435909777879715e-02,1.789234578609466553e-01,-1.303893029689788818e-01,2.753635048866271973e-01,1.710346490144729614e-01,2.647597342729568481e-02,-1.334097236394882202e-01,8.068419992923736572e-02,6.555698812007904053e-03,4.393701627850532532e-02,2.864948511123657227e-01,-6.601735367439687252e-04,-7.335525006055831909e-02,-3.837764635682106018e-02,-9.122954308986663818e-02,-3.806252032518386841e-02,-1.680104807019233704e-02,-6.854255497455596924e-02,3.245968371629714966e-02,1.742860823869705200e-01,1.986324191093444824e-01,-1.490137875080108643e-01,7.841362804174423218e-02,-3.569523617625236511e-02,-7.168332487344741821e-02,2.243212983012199402e-02,-1.180990189313888550e-01,1.437006145715713501e-02,-9.230712056159973145e-02,-8.362937718629837036e-02,-1.583644002676010132e-01,-8.402645587921142578e-02,-6.199670210480690002e-02,1.520042866468429565e-01,-4.925548285245895386e-02,6.242030300199985504e-03,7.116405665874481201e-02,-7.666836678981781006e-02,2.892074547708034515e-02,-9.649897366762161255e-02,2.279927767813205719e-02,6.607211381196975708e-02,1.766179502010345459e-02,-1.852170005440711975e-02,3.314951062202453613e-02,-7.643578201532363892e-02,9.820531308650970459e-02,1.800038814544677734e-01,5.169873684644699097e-02,-4.359325021505355835e-02,1.759258806705474854e-01,-6.547060608863830566e-02,-3.375228121876716614e-02,4.031457647215574980e-04,-9.141195565462112427e-02,6.842322647571563721e-02,7.249236851930618286e-02,1.057267561554908752e-01,-1.394187808036804199e-01,-6.645696610212326050e-02,-7.739058136940002441e-02,7.913964241743087769e-02,2.635779045522212982e-02,7.666269689798355103e-02,1.208402216434478760e-01,-4.284913185983896255e-03,9.470101445913314819e-02,-1.914965175092220306e-02,1.544687990099191666e-02,-3.000454790890216827e-02,-8.734904229640960693e-02,-6.662149727344512939e-02,8.508049696683883667e-02,-1.257078442722558975e-02,4.145922139286994934e-02,-1.966167939826846123e-03,-9.239920973777770996e-02,-1.470859944820404053e-01,-3.263984993100166321e-02,-6.680008023977279663e-02,8.601696044206619263e-02,-1.413472294807434082e-01,6.070646271109580994e-02,-3.741204738616943359e-02,-2.253920957446098328e-02,-5.965688452124595642e-02,4.045465961098670959e-02,5.286693572998046875e-02,2.145844139158725739e-02,-1.464805845171213150e-02,3.862247988581657410e-02,1.114342957735061646e-01,8.051768690347671509e-02,8.728978782892227173e-02,1.329782605171203613e-02,-1.633107066154479980e-01,-1.813524961471557617e-01,5.451728031039237976e-02,2.153626680374145508e-01,3.396472195163369179e-03,-8.125729858875274658e-02,-1.127172410488128662e-01,-7.726321369409561157e-02,-9.061198681592941284e-02,-1.337579339742660522e-01,-2.805318869650363922e-02,-2.991727180778980255e-02,1.122504621744155884e-01,2.381042763590812683e-02,6.633607298135757446e-02,1.650679670274257660e-02,9.237586520612239838e-03,1.236827075481414795e-01,9.109839051961898804e-02,1.269254982471466064e-01,2.066737860441207886e-01,1.228960417211055756e-02,1.769314706325531006e-01,1.017220970243215561e-02,1.765993610024452209e-02,3.067304380238056183e-02,-4.914788156747817993e-02,-1.647691428661346436e-01,4.754734784364700317e-02,-1.880480200052261353e-01,-8.709878474473953247e-02,2.859255298972129822e-03,1.273067891597747803e-01,-1.015018671751022339e-01,7.187725603580474854e-02,-1.810124218463897705e-01,1.596656441688537598e-01,1.450365185737609863e-01,-3.105090185999870300e-02,-9.669981896877288818e-02,1.989907585084438324e-03,-8.529671467840671539e-03,-9.972845017910003662e-02,8.747094124555587769e-02,-1.804059296846389771e-01,2.545304410159587860e-02,4.585803300142288208e-02,2.511634118854999542e-02,-4.931319132447242737e-02,-5.731701105833053589e-02,7.924186438322067261e-02,-5.054249987006187439e-02,5.248872190713882446e-02,-2.151681780815124512e-01,1.905190199613571167e-01,-4.097637534141540527e-02,9.536532685160636902e-03,1.170535385608673096e-01,6.858999282121658325e-02,6.088582798838615417e-03,-4.767290130257606506e-02,9.349786490201950073e-02,1.965150982141494751e-01,1.332844942808151245e-01,1.228837072849273682e-01,-1.437857002019882202e-01
-3.766350448131561279e-02,2.880434319376945496e-02,-2.153951376676559448e-01,-2.235737256705760956e-02,1.461170464754104614e-01,3.958059847354888916e-02,1.666976660490036011e-01,-2.618897520005702972e-02,8.890257775783538818e-02,6.636904925107955933e-02,-1.707061231136322021e-01,2.260153591632843018e-01,-1.229372620582580566e-01,5.326570942997932434e-02,1.659179776906967163e-01,-2.687163092195987701e-02,-4.977378249168395996e-02,-1.493849903345108032e-01,1.171352807432413101e-02,-1.811449825763702393e-01,-1.025003045797348022e-01,-4.086114000529050827e-03,7.607659697532653809e-02,1.099861040711402893e-01,3.022546879947185516e-02,1.236662194132804871e-01,-1.204601079225540161e-01,-4.914737772196531296e-03,2.057967334985733032e-01,1.490222569555044174e-02,2.531401216983795166e-01,-1.814875751733779907e-02,-2.034771889448165894e-01,1.159828305244445801e-01,-5.074405670166015625e-02,1.207258552312850952e-01,-5.197785049676895142e-02,-2.947376854717731476e-02,1.165491119027137756e-01,-1.785238683223724365e-01,7.483238726854324341e-02,3.817827627062797546e-02,-6.330205500125885010e-02,-2.743978053331375122e-03,6.755936890840530396e-02,4.866779968142509460e-02,9.691910818219184875e-03,3.446192666888237000e-02,-1.362943947315216064e-01,8.041854202747344971e-02,2.018860727548599243e-02,-7.960627973079681396e-02,-3.327764198184013367e-02,3.010165528394281864e-04,-1.080673113465309143e-01,8.866886049509048462e-02,-7.014341652393341064e-02,-4.033571481704711914e-02,1.323074288666248322e-02,-2.757348120212554932e-02,3.230180963873863220e-02,-1.139680817723274231e-01,-4.856487736105918884e-02,-1.420049965381622314e-01,7.821656018495559692e-02,-1.441047936677932739e-01,-2.511299401521682739e-02,8.646688610315322876e-02,1.277438830584287643e-02,-1.741943806409835815e-01,-4.042533040046691895e-02,6.125858798623085022e-02,1.118844151496887207e-01,9.049333631992340088e-02,8.791931718587875366e-02,2.129269205033779144e-02,-1.510370243340730667e-02,-3.070409223437309265e-02,-1.063685044646263123e-01,1.232499182224273682e-01,-2.203021496534347534e-01,-5.152767896652221680e-02,1.012779306620359421e-03,-1.924126297235488892e-01,1.290135085582733154e-01,2.388197630643844604e-01,-3.131448104977607727e-02,1.191295683383941650e-01,1.846935153007507324e-01,-2.391097135841846466e-02,-1.348625421524047852e-01,5.889287218451499939e-02,-1.696337163448333740e-01,6.166013702750205994e-02,-6.640163064002990723e-02,-5.449607595801353455e-02,-1.363963037729263306e-01,-2.126357890665531158e-02,2.944906800985336304e-02,6.875779479742050171e-02,-4.240642860531806946e-02,-2.780936360359191895e-01,6.785219162702560425e-02,9.571593254804611206e-02,-4.808849841356277466e-02,1.486485600471496582e-01,-7.716974616050720215e-02,1.379626095294952393e-01,2.604656815528869629e-01,-8.910005912184715271e-03,5.149498581886291504e-02,1.908097229897975922e-02,2.806516736745834351e-02,1.609408669173717499e-02,6.110818684101104736e-02,-4.117142036557197571e-02,1.470408290624618530e-01,-1.105940192937850952e-01,7.919170707464218140e-02,2.235032431781291962e-02,9.670881927013397217e-02,1.082082763314247131e-01,-3.231976181268692017e-02,1.347459852695465088e-01,1.373223662376403809e-01,-5.281079933047294617e-02,-1.427573859691619873e-01,-8.691105246543884277e-02,1.064132153987884521e-01,1.207070276141166687e-01,-2.120078206062316895e-01,-1.696363240480422974e-01,-9.637170284986495972e-02,1.933321803808212280e-01,-5.088611692190170288e-02,2.704699989408254623e-03,-2.130942046642303467e-01,8.388020098209381104e-03,1.761938259005546570e-02,-1.579097509384155273e-01,-1.140146031975746155e-01,-9.600579738616943359e-02,2.871383428573608398e-01,-1.508972942829132080e-01,1.194946914911270142e-01,-1.130380555987358093e-01,1.801493167877197266e-01,-6.304818205535411835e-03,5.907355342060327530e-03,-5.044243484735488892e-02,-6.744011491537094116e-02,5.542140454053878784e-03,3.492032364010810852e-02,-1.761020272970199585e-01,1.008302066475152969e-02,1.091458946466445923e-01,-2.447465062141418457e-02,1.041386500000953674e-01,-3.722351742908358574e-03,6.769643723964691162e-02,4.539848305284976959e-03,7.083979249000549316e-02,6.828686594963073730e-02,-6.586863100528717041e-02,1.460977643728256226e-01,-2.464693970978260040e-02,-1.368379406630992889e-02,-1.272824108600616455e-01,-3.952739387750625610e-02,2.030206918716430664e-01,2.203642129898071289e-01,5.924087390303611755e-02,3.966669738292694092e-02,1.177290454506874084e-01,-4.561383277177810669e-02,4.987368732690811157e-02,1.897109448909759521e-01,-4.728737100958824158e-02,5.817434284836053848e-03,1.245481744408607483e-01,9.205216169357299805e-02,4.133344814181327820e-02,-1.248007267713546753e-01
1.274159550666809082e-01,-3.018278628587722778e-02,-9.529148787260055542e-02,-7.520633935928344727e-02,4.806761071085929871e-02,1.340666860342025757e-01,-1.890079975128173828e-01,-1.749965995550155640e-01,-7.763764262199401855e-02,1.361500024795532227e-01,-2.993733622133731842e-02,-1.860612481832504272e-01,-1.176072955131530762e-01,-3.926033899188041687e-02,3.053560294210910797e-02,-7.825146615505218506e-02,-1.242041587829589844e-01,-1.937122792005538940e-01,-1.429838407784700394e-02,-7.721632719039916992e-02,-4.132062941789627075e-02,-9.019608050584793091e-02,1.884307526051998138e-02,1.985108554363250732e-01,7.168083917349576950e-03,-8.574014157056808472e-02,-3.255461901426315308e-02,-1.753007620573043823e-01,-1.186735257506370544e-01,1.211453601717948914e-01,-1.119490340352058411e-01,5.696427077054977417e-02,-5.866185575723648071e-02,-2.660409174859523773e-02,1.875832527875900269e-01,-2.409896254539489746e-01,8.192267268896102905e-02,-2.034790217876434326e-01,9.455325454473495483e-02,-1.452169939875602722e-02,-7.101193070411682129e-02,1.625025868415832520e-01,1.129381824284791946e-02,1.945349387824535370e-02,2.782370336353778839e-02,3.460567817091941833e-02,-5.002081394195556641e-02,4.018450528383255005e-02,7.050799578428268433e-02,-5.719403922557830811e-02,-4.365212470293045044e-02,9.354321286082267761e-03,-5.276339361444115639e-04,2.117557264864444733e-02,-1.000238582491874695e-01,6.823618710041046143e-02,5.502722784876823425e-02,-3.412096500396728516e-01,-1.177993938326835632e-01,-1.177266091108322144e-01,-1.624539494514465332e-01,-1.910827308893203735e-01,-3.282694518566131592e-02,-1.038247868418693542e-01,6.633259356021881104e-02,-1.210142448544502258e-01,-3.363192081451416016e-02,6.038611382246017456e-02,-1.135396063327789307e-01,8.684868365526199341e-02,-1.850749738514423370e-02,-1.925708912312984467e-02,-2.255558073520660400e-01,1.546158688142895699e-03,-7.091302424669265747e-02,-6.127141043543815613e-02,8.226630091667175293e-02,4.836851730942726135e-02,-5.548060685396194458e-02,-1.854960024356842041e-01,-1.903369575738906860e-01,4.912855848670005798e-02,1.092769056558609009e-01,-1.767241954803466797e-02,1.798096448183059692e-01,-4.619647562503814697e-02,1.100575625896453857e-01,2.291339635848999023e-01,2.348192594945430756e-02,-1.209447067230939865e-02,-1.296596508473157883e-02,-1.553622335195541382e-01,7.073108106851577759e-02,1.044011488556861877e-01,1.545531675219535828e-02,-9.434461593627929688e-03,-2.340244129300117493e-02,-1.468031406402587891e-01,1.063042134046554565e-01,-1.422247849404811859e-02,-4.800581187009811401e-02,1.611509025096893311e-01,-7.893976569175720215e-02,1.302010565996170044e-01,-1.497583687305450439e-01,-1.888672262430191040e-01,-8.468753099441528320e-02,5.566473677754402161e-02,-4.502890631556510925e-02,-2.025492340326309204e-01,-1.313322931528091431e-01,6.187105923891067505e-02,6.129540875554084778e-02,-1.521168649196624756e-01,-1.012009829282760620e-01,1.456153094768524170e-01,-2.156570553779602051e-02,8.561714738607406616e-02,-1.878146827220916748e-01,-3.430889546871185303e-02,-1.122898831963539124e-01,-8.060731738805770874e-02,4.622711241245269775e-02,-3.882462903857231140e-02,3.082104213535785675e-02,-3.921386599540710449e-02,-7.555758953094482422e-02,2.134413272142410278e-01,-4.838914424180984497e-02,8.618558943271636963e-02,-1.390591710805892944e-01,1.633259654045104980e-02,-3.087220713496208191e-02,-1.186436638236045837e-01,9.906573593616485596e-02,-1.469620689749717712e-02,-1.481712460517883301e-01,-8.351466804742813110e-02,6.425623595714569092e-02,-1.707904040813446045e-02,9.977933019399642944e-02,-6.158487871289253235e-02,1.560606211423873901e-01,5.902371555566787720e-02,-2.434654347598552704e-02,-9.897240996360778809e-02,4.694337770342826843e-02,1.300513297319412231e-01,-2.301006615161895752e-01,-7.858567684888839722e-02,-1.379794776439666748e-01,2.716082893311977386e-02,-1.872117668390274048e-01,4.951355233788490295e-02,-7.850888185203075409e-03,1.054956540465354919e-01,1.649123281240463257e-01,4.835740476846694946e-02,1.267513632774353027e-01,-2.224855422973632812e-01,-2.338285185396671295e-02,-7.087010145187377930e-02,7.842193543910980225e-02,-1.071971133351325989e-01,1.329640448093414307e-01,1.351174116134643555e-01,1.057528797537088394e-02,-7.368258200585842133e-03,1.513107270002365112e-01,6.712592393159866333e-02,-1.157454624772071838e-01,-4.390959814190864563e-02,1.192052960395812988e-01,-1.778141111135482788e-01,-6.466299295425415039e-02,2.380522340536117554e-01,-2.334093675017356873e-02,2.410115860402584076e-02,1.654453575611114502e-01,-1.293457597494125366e-01,1.356302797794342041e-01,-4.678177461028099060e-02,2.264945954084396362e-01
-2.167675271630287170e-02,6.313070654869079590e-02,-3.643418103456497192e-02,-3.282557427883148193e-02,-6.917464733123779297e-02,-2.484457753598690033e-02,-1.742374524474143982e-02,1.914475411176681519e-01,5.375039577484130859e-02,-4.624474793672561646e-02,2.021212726831436157e-01,-8.560007438063621521e-03,-1.640640795230865479e-01,8.708611130714416504e-02,7.489315420389175415e-02,1.691370755434036255e-01,-6.250416487455368042e-02,-9.586217813193798065e-03,9.843386709690093994e-02,4.620841145515441895e-02,8.675780147314071655e-02,1.813184842467308044e-02,2.494284883141517639e-02,6.715194135904312134e-02,7.979042828083038330e-02,-3.630065172910690308e-02,7.125841826200485229e-02,1.090186163783073425e-01,7.501743733882904053e-03,2.410004474222660065e-02,8.621215820312500000e-02,-2.247538864612579346e-01,-1.711388230323791504e-01,-1.088428590446710587e-02,2.990945056080818176e-02,1.513613015413284302e-01,-7.301759719848632812e-02,-5.164918676018714905e-02,1.546041816473007202e-01,-6.719634681940078735e-02,1.042807549238204956e-01,1.561995875090360641e-02,4.887332906946539879e-04,-2.811149507761001587e-02,-6.048085168004035950e-03,1.612104326486587524e-01,-1.450024098157882690e-01,1.168705374002456665e-01,-1.368533670902252197e-01,3.026718832552433014e-02,2.509009279310703278e-02,7.873238064348697662e-03,-1.714244037866592407e-01,-1.202704906463623047e-01,-8.757530897855758667e-02,1.276654303073883057e-01,1.304589118808507919e-02,1.303737163543701172e-01,1.475977152585983276e-01,1.980284228920936584e-02,6.565529853105545044e-02,7.449109852313995361e-02,3.903983533382415771e-02,1.303962022066116333e-01,-5.642589926719665527e-02,-3.162472322583198547e-02,-4.152614623308181763e-03,-1.638867557048797607e-01,-5.694005638360977173e-02,-9.320898354053497314e-02,-7.810991257429122925e-02,4.637194797396659851e-03,1.817118003964424133e-02,-1.900687254965305328e-02,9.016049653291702271e-02,-1.040755882859230042e-01,-1.412210017442703247e-01,-5.593701452016830444e-02,1.937702745199203491e-01,1.895393617451190948e-02,8.719721436500549316e-02,9.148522280156612396e-03,-6.622584164142608643e-02,2.647422067821025848e-02,6.212962418794631958e-02,-2.843892276287078857e-01,-6.685431301593780518e-02,-6.426622718572616577e-02,-1.260894089937210083e-01,1.375362426042556763e-01,6.637632846832275391e-02,-5.472004879266023636e-03,-1.178118884563446045e-01,-1.939377337694168091e-01,3.371170908212661743e-02,-1.657561510801315308e-01,1.400167196989059448e-01,6.941597163677215576e-02,-1.048659067600965500e-02,-7.900505512952804565e-02,-2.304451353847980499e-02,-1.825613081455230713e-01,-6.108661368489265442e-02,9.504860267043113708e-03,6.859597750008106232e-03,5.493198335170745850e-02,-2.894374430179595947e-01,-9.421208500862121582e-02,7.687763124704360962e-02,-1.029002591967582703e-01,-2.588489353656768799e-01,-5.895992740988731384e-02,9.564877301454544067e-02,-1.939450651407241821e-01,1.021008044481277466e-01,1.778214820660650730e-03,1.124609354883432388e-02,-1.397679653018712997e-02,3.051343746483325958e-02,-2.089707851409912109e-01,-7.777135819196701050e-02,-1.371123939752578735e-01,7.993396371603012085e-02,-3.760686516761779785e-02,-2.201722562313079834e-01,-1.077479273080825806e-01,2.875542826950550079e-02,7.508790493011474609e-02,-1.867987811565399170e-01,-2.021496184170246124e-02,6.486286967992782593e-02,-1.134070754051208496e-01,1.067304909229278564e-01,-5.259416997432708740e-02,-6.427334249019622803e-02,2.580083906650543213e-02,-1.372098326683044434e-01,-1.233829632401466370e-01,7.335702329874038696e-02,5.145426373928785324e-03,-9.548558294773101807e-02,-8.633381873369216919e-02,-1.392287909984588623e-01,-2.176376618444919586e-02,-5.277522653341293335e-02,-2.266571819782257080e-01,1.524852812290191650e-01,-1.589024811983108521e-01,-7.055263966321945190e-02,-5.606524180620908737e-03,-1.593404561281204224e-01,-1.202174499630928040e-01,-6.483937054872512817e-02,-1.203856319189071655e-01,1.014970615506172180e-02,1.751653254032135010e-01,-1.171475127339363098e-01,-4.676578193902969360e-02,4.073330201208591461e-03,4.642044752836227417e-02,9.011147171258926392e-02,9.097542613744735718e-02,-5.383777245879173279e-02,1.569770127534866333e-01,1.111406311392784119e-01,-1.698295921087265015e-01,-4.054915532469749451e-02,-8.223655819892883301e-02,6.938070058822631836e-02,1.486305985599756241e-02,4.630661755800247192e-02,-4.081905260682106018e-02,-2.832544781267642975e-02,-2.740731835365295410e-02,-9.555611014366149902e-02,2.091268450021743774e-01,-5.184956267476081848e-02,-1.323128640651702881e-01,5.706887692213058472e-02,-4.585323110222816467e-02,-1.665997207164764404e-01,8.568675071001052856e-02,-2.309271320700645447e-02
1.354651749134063721e-01,2.110202051699161530e-02,4.382598400115966797e-02,3.941005095839500427e-02,8.386342786252498627e-03,-6.403078441508114338e-04,1.914497613906860352e-01,5.136515572667121887e-02,8.243163116276264191e-03,4.386286064982414246e-02,-8.234218508005142212e-02,7.172723859548568726e-02,8.990205824375152588e-03,-9.015728533267974854e-02,-5.566082149744033813e-02,-9.064728766679763794e-02,-2.914293855428695679e-02,9.214346110820770264e-02,-3.232094645500183105e-02,3.652030136436223984e-04,4.402844235301017761e-02,1.837040334939956665e-01,-5.352278426289558411e-02,4.693587496876716614e-02,2.940140850841999054e-02,-2.660809829831123352e-02,-1.891307681798934937e-01,-7.224594801664352417e-02,-1.550360471010208130e-01,-1.725152134895324707e-02,2.537924610078334808e-02,-3.230695426464080811e-02,6.583037972450256348e-02,-1.386210918426513672e-01,1.522260159254074097e-01,2.679322063922882080e-01,-1.184561103582382202e-01,8.936583250761032104e-02,1.587909460067749023e-01,3.300029411911964417e-02,1.032916083931922913e-02,1.280000153928995132e-02,5.580477789044380188e-02,5.810804665088653564e-02,-8.312440663576126099e-02,-1.174302622675895691e-01,6.044040992856025696e-02,1.241269484162330627e-01,-1.593074016273021698e-02,5.743020772933959961e-02,1.970394849777221680e-01,-1.191458180546760559e-01,-3.294581174850463867e-02,-1.058843359351158142e-01,5.565855652093887329e-02,6.652513891458511353e-02,5.566679406911134720e-03,1.075553894042968750e-01,-4.731776192784309387e-02,1.731570437550544739e-02,7.861512154340744019e-02,-2.097928822040557861e-01,-1.097903922200202942e-01,1.093453168869018555e-01,2.103436589241027832e-01,6.246688961982727051e-02,-1.000844985246658325e-01,1.734588178806006908e-03,1.260174810886383057e-01,1.202800348401069641e-01,5.985279753804206848e-02,1.018895953893661499e-01,1.041234284639358521e-01,-1.371527016162872314e-01,-9.599009901285171509e-02,2.499600946903228760e-01,-4.048658534884452820e-02,2.275079786777496338e-01,3.301443904638290405e-02,-3.758989274501800537e-02,-8.642338216304779053e-02,-1.334145218133926392e-01,-2.494022995233535767e-02,-1.874921657145023346e-02,-1.245085224509239197e-01,-1.390255093574523926e-01,-1.344007998704910278e-01,-1.415555477142333984e-01,5.149761587381362915e-02,6.482298672199249268e-02,1.461147069931030273e-01,7.544056326150894165e-02,6.277810037136077881e-02,-1.247689127922058105e-01,5.346174910664558411e-02,1.523782014846801758e-01,9.543908387422561646e-02,6.425877660512924194e-02,-3.693874552845954895e-02,7.778187841176986694e-02,-1.303090453147888184e-01,1.240404229611158371e-02,8.480485528707504272e-02,-3.546925634145736694e-02,6.792057305574417114e-02,2.776768244802951813e-02,6.458105891942977905e-02,-1.522245407104492188e-01,-8.179415017366409302e-02,6.169229745864868164e-02,-1.368372291326522827e-01,-1.670159585773944855e-02,-8.391110599040985107e-02,5.271793156862258911e-02,3.138649463653564453e-02,4.070890322327613831e-02,-6.373398751020431519e-02,1.287466883659362793e-01,-1.751695424318313599e-01,-1.210901699960231781e-02,1.211767047643661499e-01,5.479134246706962585e-02,1.107034236192703247e-01,-5.849063396453857422e-02,2.755329199135303497e-02,5.129028484225273132e-02,1.448090560734272003e-02,2.314734272658824921e-02,-7.258608192205429077e-02,3.126686438918113708e-02,8.721122145652770996e-02,-1.473142392933368683e-02,1.748519986867904663e-01,-4.914158210158348083e-02,8.541681803762912750e-03,1.330985426902770996e-01,7.009705528616905212e-03,3.145576640963554382e-02,1.497111171483993530e-01,-2.022649645805358887e-01,-1.854495704174041748e-01,-1.363954097032546997e-01,-2.482938813045620918e-03,-2.675324082374572754e-01,-2.974896505475044250e-02,-3.160358965396881104e-02,1.263636201620101929e-01,9.120317990891635418e-04,1.727716624736785889e-02,3.227720409631729126e-02,3.243602439761161804e-02,-1.423547565937042236e-01,-1.400024145841598511e-01,-1.320577710866928101e-01,-1.340531371533870697e-02,-9.279661625623703003e-02,-1.628687232732772827e-01,-5.784829333424568176e-02,1.026176512241363525e-01,2.954396419227123260e-02,-3.733452036976814270e-02,-6.534565985202789307e-02,-4.254879802465438843e-02,-8.651728928089141846e-02,2.510708868503570557e-01,6.740868091583251953e-02,-2.410056442022323608e-02,7.841201871633529663e-02,-4.975784197449684143e-02,1.043638959527015686e-01,-1.244632340967655182e-02,-1.732407882809638977e-02,-6.856143474578857422e-03,-9.530249983072280884e-02,-7.528299465775489807e-04,-6.914099305868148804e-02,-1.446144580841064453e-01,1.716341823339462280e-02,9.025203436613082886e-02,-1.772661805152893066e-01,-4.439564794301986694e-02,-2.214350551366806030e-02,-8.391925692558288574e-02
6.878866348415613174e-03,1.039193384349346161e-02,5.908694118261337280e-02,-1.468099206686019897e-01,1.659208983182907104e-01,6.282845884561538696e-02,-1.533944606781005859e-01,-4.585938900709152222e-02,2.606925182044506073e-02,-1.645117551088333130e-01,6.334300339221954346e-02,8.826397359371185303e-02,-1.268062889575958252e-01,-7.690506987273693085e-03,-1.330985873937606812e-01,1.679500937461853027e-01,-1.087212935090065002e-01,-7.935314625501632690e-02,1.354720443487167358e-01,-2.662432007491588593e-02,-8.709702640771865845e-02,-1.487182080745697021e-01,-2.561112344264984131e-01,-3.212679922580718994e-02,1.244180724024772644e-01,8.350469917058944702e-02,-2.644163370132446289e-02,-1.712447404861450195e-01,-7.170433644205331802e-03,-4.542937874794006348e-02,-1.763604879379272461e-01,-2.231451123952865601e-01,6.483895331621170044e-02,7.649292051792144775e-02,-2.692713215947151184e-02,-3.248920664191246033e-03,2.027923986315727234e-02,8.661985397338867188e-02,-3.824697807431221008e-02,8.794253319501876831e-02,3.924540057778358459e-02,5.224093794822692871e-02,1.214656159281730652e-01,3.069745004177093506e-02,-4.420864209532737732e-02,1.967298090457916260e-01,-1.285016983747482300e-01,1.305998861789703369e-01,2.095572836697101593e-02,-3.228133022785186768e-01,1.575941592454910278e-01,-1.911465078592300415e-01,-2.051184326410293579e-01,9.236457198858261108e-02,4.188495129346847534e-02,3.118150867521762848e-02,1.029004007577896118e-01,1.163233220577239990e-01,3.780667111277580261e-02,-5.467241862788796425e-04,9.155577421188354492e-02,8.544211834669113159e-02,-5.708384141325950623e-02,1.033048778772354126e-01,-2.606115490198135376e-02,3.618656471371650696e-02,-1.627273410558700562e-01,9.246176481246948242e-02,-4.929675161838531494e-02,4.468024894595146179e-02,6.445871293544769287e-02,3.805070370435714722e-02,1.255537569522857666e-01,1.405436843633651733e-01,-1.276023685932159424e-01,-1.210291907191276550e-01,6.685408949851989746e-02,1.059629842638969421e-01,2.329530417919158936e-01,6.563805043697357178e-02,3.771316260099411011e-02,-4.897383973002433777e-02,3.510981425642967224e-02,2.271563559770584106e-01,-6.002936512231826782e-02,-6.520215421915054321e-02,1.112812459468841553e-01,6.169474497437477112e-02,5.576103553175926208e-02,6.797275692224502563e-02,-1.805808395147323608e-02,-7.786558568477630615e-02,-9.438695013523101807e-02,-1.365406066179275513e-02,1.083304136991500854e-01,7.841426879167556763e-02,-1.245083212852478027e-01,-2.037699520587921143e-01,7.754784077405929565e-02,1.480920519679784775e-02,6.120257079601287842e-02,-4.105728864669799805e-02,1.472708676010370255e-02,-9.706313908100128174e-02,-1.363669931888580322e-01,-4.708423092961311340e-02,1.066884398460388184e-01,2.160368859767913818e-02,3.536850214004516602e-02,4.826426878571510315e-02,-6.708404421806335449e-02,-4.248143360018730164e-02,-1.175759136676788330e-01,1.360063813626766205e-02,-1.017623245716094971e-01,-4.930105432868003845e-02,-7.235747575759887695e-02,-1.602111756801605225e-02,4.869668558239936829e-02,1.132956594228744507e-01,5.272360518574714661e-02,-3.485307097434997559e-04,-7.278296351432800293e-02,3.896740078926086426e-02,-2.233528532087802887e-02,8.664313703775405884e-02,6.721855700016021729e-02,-1.593979895114898682e-01,-1.137439534068107605e-01,-5.006235465407371521e-02,-1.033146530389785767e-01,3.625387325882911682e-02,-1.983526796102523804e-01,-6.828270107507705688e-02,-1.855912059545516968e-02,8.803471922874450684e-02,-1.238010302186012268e-01,-2.512929141521453857e-01,-8.292233198881149292e-02,-5.613962188363075256e-02,-1.070314738899469376e-02,-2.559251710772514343e-02,-1.316713094711303711e-01,1.222425997257232666e-01,1.265416592359542847e-01,-8.780764788389205933e-02,3.025531582534313202e-02,-6.963018327951431274e-02,-5.852741003036499023e-02,-7.435446977615356445e-02,-1.736762933433055878e-02,-7.390841096639633179e-02,3.069884181022644043e-01,6.107486411929130554e-02,-6.544473022222518921e-02,1.149181872606277466e-01,1.586077176034450531e-02,9.946555644273757935e-02,-2.233838196843862534e-03,2.371337823569774628e-02,-1.359788626432418823e-01,7.309119403362274170e-02,7.346656639128923416e-04,5.357742775231599808e-03,2.600664831697940826e-02,-1.485987007617950439e-01,1.003442481160163879e-01,2.285726182162761688e-02,7.241247594356536865e-02,-1.084953546524047852e-01,-5.755324289202690125e-02,5.129419639706611633e-02,-7.024724781513214111e-02,1.164462715387344360e-01,6.866401992738246918e-03,1.638130247592926025e-01,-6.282059103250503540e-02,3.110056743025779724e-02,4.748745635151863098e-02,2.764470688998699188e-02,-3.103085458278656006e-01,-5.870119854807853699e-02,8.752865716814994812e-03
-1.885995715856552124e-01,-4.121192172169685364e-02,-2.446137927472591400e-02,1.246129423379898071e-01,-7.418994605541229248e-02,6.015620008111000061e-02,-1.101953387260437012e-01,-2.130730897188186646e-01,-4.870715364813804626e-02,-9.933403879404067993e-02,1.536207199096679688e-01,1.894755363464355469e-01,-8.673557639122009277e-02,-6.974918395280838013e-02,-2.199680358171463013e-01,-1.747731715440750122e-01,-8.486453443765640259e-02,2.339596152305603027e-01,-1.067848652601242065e-01,-2.095002681016921997e-01,-1.425377577543258667e-01,2.153496444225311279e-01,-1.752762198448181152e-01,-1.049044877290725708e-01,3.021974675357341766e-02,3.061679005622863770e-02,-7.935033738613128662e-02,1.913643628358840942e-01,9.187694638967514038e-02,1.621770262718200684e-01,-6.463260203599929810e-02,7.378713693469762802e-03,-1.350740045309066772e-01,-1.006828024983406067e-01,-1.128582730889320374e-01,-1.173326596617698669e-01,-1.011468246579170227e-01,5.407600477337837219e-02,1.079373992979526520e-02,-7.858244329690933228e-02,-1.868882402777671814e-02,-1.135118231177330017e-01,4.282344505190849304e-02,-1.365968491882085800e-02,2.155116200447082520e-02,-1.494121551513671875e-01,-1.439286023378372192e-01,-6.078477203845977783e-02,1.902888715267181396e-02,-5.415195599198341370e-02,4.196304455399513245e-02,7.418633997440338135e-02,-6.723020970821380615e-02,1.081808060407638550e-01,-2.098578959703445435e-02,-1.630665734410285950e-02,-9.582450985908508301e-02,2.294238358736038208e-01,-1.416150201112031937e-02,-7.513361424207687378e-02,8.331461250782012939e-02,3.197711333632469177e-02,4.743138328194618225e-02,-7.627551257610321045e-02,-3.692299127578735352e-03,1.959617286920547485e-01,1.603777259588241577e-01,2.690699882805347443e-02,-1.743710041046142578e-01,-1.355655342340469360e-01,1.629101186990737915e-01,-3.548004850745201111e-02,1.043582111597061157e-01,-1.422844380140304565e-01,1.788898184895515442e-02,-1.079818382859230042e-01,-2.134583517909049988e-02,-4.098502546548843384e-02,-1.723493188619613647e-01,-1.202910691499710083e-01,-2.239101752638816833e-02,-3.565540909767150879e-02,3.989061713218688965e-01,2.638086862862110138e-02,6.203764677047729492e-02,-6.818541139364242554e-02,-9.567275643348693848e-02,2.534261941909790039e-01,-5.160243064165115356e-02,-5.900905281305313110e-02,-5.119239166378974915e-02,-7.451640814542770386e-02,8.084849268198013306e-02,2.832249365746974945e-02,-9.635318815708160400e-02,-1.438623815774917603e-01,-4.374668002128601074e-02,-1.556385010480880737e-01,1.676177829504013062e-01,-1.396000087261199951e-01,-1.525288671255111694e-01,3.346074000000953674e-02,1.581064462661743164e-01,2.236443608999252319e-01,-9.761286526918411255e-02,-7.125518471002578735e-02,-5.254721269011497498e-02,-1.003930624574422836e-02,1.129986569285392761e-01,-1.971163414418697357e-02,-5.850651487708091736e-02,4.468502104282379150e-01,-6.511481851339340210e-02,1.735803857445716858e-02,7.614707201719284058e-02,3.372753784060478210e-02,-1.442696601152420044e-01,1.858212053775787354e-02,-1.830184645950794220e-02,1.588939726352691650e-01,-9.227536618709564209e-02,1.035902053117752075e-01,-1.666969060897827148e-01,-2.911095023155212402e-01,6.789669394493103027e-02,8.549795486032962799e-03,4.718679189682006836e-02,8.613183163106441498e-03,-1.063314080238342285e-02,1.829659752547740936e-02,-3.230039775371551514e-02,1.357237156480550766e-02,-1.375808566808700562e-01,-1.062247529625892639e-01,3.610589727759361267e-02,-1.035641282796859741e-01,-6.914431601762771606e-02,9.366242587566375732e-02,2.241798862814903259e-02,2.044104933738708496e-01,1.610102802515029907e-01,2.353843599557876587e-01,-1.270237416028976440e-01,-1.404536515474319458e-01,9.545055031776428223e-02,-5.522442050278186798e-03,-3.164916299283504486e-03,-4.704618826508522034e-02,4.689573496580123901e-02,4.823561012744903564e-02,-1.638529896736145020e-01,8.275030553340911865e-02,2.983271516859531403e-02,7.138264179229736328e-02,1.754547059535980225e-01,-9.126745164394378662e-02,2.841350808739662170e-02,8.206078410148620605e-02,-7.847434282302856445e-02,-1.393823176622390747e-01,8.403441309928894043e-02,-1.768254935741424561e-01,-1.037266384810209274e-02,-3.009538725018501282e-02,9.764093905687332153e-02,-6.411055475473403931e-02,-4.872988536953926086e-02,-4.397239163517951965e-02,1.672623157501220703e-01,3.950481414794921875e-01,-1.582600772380828857e-01,-1.866139769554138184e-01,-2.651087753474712372e-02,4.307712987065315247e-02,1.908958256244659424e-01,-1.349003314971923828e-01,6.600741297006607056e-02,-2.586386352777481079e-02,-1.616924554109573364e-01,-3.479752689599990845e-03,-2.658193372189998627e-02,-1.926380246877670288e-01,-7.234430313110351562e-02
-6.941271945834159851e-03,-2.699645981192588806e-02,2.712625563144683838e-01,-1.016318351030349731e-01,6.089025363326072693e-02,-1.422079056501388550e-01,-7.560397684574127197e-02,-2.403662219876423478e-04,7.066213339567184448e-02,8.665917068719863892e-02,-5.249359086155891418e-02,4.030457884073257446e-02,4.515134915709495544e-02,-1.050689369440078735e-01,1.106742024421691895e-01,1.019304171204566956e-01,1.454334259033203125e-01,-3.049054928123950958e-02,-2.134890994057059288e-03,1.260895747691392899e-02,1.054826080799102783e-01,-1.175005584955215454e-01,-1.274630278348922729e-01,-1.279215216636657715e-01,1.330327242612838745e-01,-4.809366539120674133e-02,-2.900102734565734863e-02,8.506870269775390625e-02,-6.021893396973609924e-02,1.116032898426055908e-01,1.117555275559425354e-01,2.649659514427185059e-01,1.028842478990554810e-01,-1.091162487864494324e-01,-2.162926048040390015e-01,2.513933926820755005e-02,-3.493238613009452820e-02,7.267639040946960449e-02,2.820626460015773773e-02,-9.390670061111450195e-02,-1.014838963747024536e-01,1.090992912650108337e-01,-1.385100483894348145e-01,1.570430994033813477e-01,6.221150234341621399e-02,-8.845230191946029663e-02,-1.009953394532203674e-02,-9.951276332139968872e-02,-8.870214223861694336e-02,-2.383300364017486572e-01,1.672122068703174591e-02,9.428261965513229370e-02,-4.361019656062126160e-02,4.153434187173843384e-02,1.574375778436660767e-01,4.787525534629821777e-02,1.278160214424133301e-01,9.335811436176300049e-02,-9.441074915230274200e-03,-9.528318792581558228e-02,-2.652500383555889130e-02,-2.173520326614379883e-01,-4.363452270627021790e-02,2.959103882312774658e-01,3.028165735304355621e-02,-4.482683539390563965e-02,-1.251965668052434921e-02,6.268224120140075684e-02,1.328106224536895752e-01,-1.214615069329738617e-02,-5.364345014095306396e-02,-8.651132881641387939e-02,3.681810200214385986e-02,1.011951863765716553e-01,2.363643608987331390e-02,-2.002584487199783325e-01,4.229688644409179688e-02,1.073866710066795349e-01,2.331725507974624634e-01,-5.925731733441352844e-02,1.488324999809265137e-01,-1.810694932937622070e-01,-5.538236349821090698e-02,9.959542751312255859e-02,9.392470866441726685e-02,-1.754295267164707184e-02,1.964991092681884766e-01,-1.403242647647857666e-01,1.129731908440589905e-01,-5.939970910549163818e-02,2.740368247032165527e-02,8.733894675970077515e-02,-7.952181249856948853e-02,-9.857120923697948456e-03,2.422025799751281738e-02,-9.375674277544021606e-02,-1.355795115232467651e-01,2.088624686002731323e-01,6.462275516241788864e-03,4.655926674604415894e-02,1.141415461897850037e-01,4.618580266833305359e-02,1.491005625575780869e-02,-8.751712739467620850e-02,-1.344268471002578735e-01,1.112277954816818237e-01,2.066542357206344604e-01,-9.585661441087722778e-02,-3.047349117696285248e-02,5.283143371343612671e-02,1.657465845346450806e-01,-2.663892507553100586e-02,-5.602603405714035034e-02,3.593925014138221741e-02,-1.018278226256370544e-01,5.349272117018699646e-02,-1.120998710393905640e-01,-8.297707536257803440e-04,9.589976817369461060e-02,-9.259966015815734863e-02,8.187497407197952271e-02,6.267838645726442337e-03,8.474309742450714111e-02,8.475007116794586182e-02,4.840636253356933594e-02,4.604208096861839294e-02,3.769286349415779114e-02,-2.165745681850239635e-04,-7.333895564079284668e-02,2.626700885593891144e-02,-1.903910785913467407e-01,-9.908632934093475342e-02,4.285641014575958252e-02,-7.613374292850494385e-02,-5.948021262884140015e-02,3.784272447228431702e-02,-8.225871250033378601e-03,7.281433790922164917e-02,8.732161484658718109e-03,-7.179381698369979858e-02,-1.606972538866102695e-03,-4.315994738135486841e-04,7.482581585645675659e-02,-3.057949244976043701e-03,9.345538169145584106e-02,3.542637079954147339e-02,1.161709204316139221e-01,-1.516534984111785889e-01,1.781897395849227905e-01,-9.200423955917358398e-03,-1.082414668053388596e-02,5.825924500823020935e-02,-8.862233161926269531e-02,-2.812478244304656982e-01,6.224029883742332458e-02,8.036869019269943237e-02,-3.118694946169853210e-02,-4.654543846845626831e-02,-1.491213124245405197e-02,-6.835467368364334106e-02,-2.052767574787139893e-02,9.618132561445236206e-02,-1.563785076141357422e-01,9.131925553083419800e-02,1.803972991183400154e-04,-1.373921632766723633e-01,-1.399747729301452637e-01,6.804733723402023315e-02,-2.166441679000854492e-01,6.714219599962234497e-02,-1.426915079355239868e-01,-7.237006444483995438e-03,-1.295935828238725662e-02,8.097451180219650269e-02,-1.351159214973449707e-01,7.404578477144241333e-02,-3.040812909603118896e-02,-1.183131933212280273e-01,1.773521006107330322e-01,8.217046409845352173e-02,-1.145472899079322815e-01,-5.300010368227958679e-02,1.033750176429748535e-02
5.462471023201942444e-02,-3.590693930163979530e-03,7.074166089296340942e-02,-1.298797577619552612e-01,4.941985011100769043e-02,8.470709435641765594e-03,1.474460810422897339e-01,-3.874224144965410233e-03,8.108312636613845825e-02,-4.910945519804954529e-02,-8.524617552757263184e-02,2.812689729034900665e-02,-2.633286826312541962e-02,1.815472096204757690e-01,-9.815033525228500366e-03,3.021037206053733826e-02,-1.678675785660743713e-02,-4.186947643756866455e-02,-1.934334933757781982e-01,-6.749483197927474976e-02,3.344067558646202087e-02,-6.153095886111259460e-02,-5.604934319853782654e-02,3.841594606637954712e-02,-6.156770046800374985e-03,-1.079326793551445007e-01,-1.734408200718462467e-03,6.836580485105514526e-02,2.602259628474712372e-02,1.717626932077109814e-03,-1.640041321516036987e-01,1.130883693695068359e-01,1.226317603141069412e-02,-1.753812730312347412e-01,2.289777100086212158e-01,-1.043125167489051819e-01,5.861173197627067566e-02,-1.756318360567092896e-01,-3.113954328000545502e-02,7.913725823163986206e-02,-3.550972416996955872e-02,3.778911009430885315e-02,-2.465153336524963379e-01,-5.600971356034278870e-02,-1.189067494124174118e-02,-1.021698564291000366e-01,4.795622825622558594e-02,1.843584030866622925e-01,3.771348670125007629e-02,2.747127786278724670e-02,-5.670189484953880310e-02,3.977424651384353638e-02,5.617969855666160583e-02,1.321245878934860229e-01,4.100536555051803589e-02,7.118251174688339233e-02,7.492193486541509628e-03,1.809893548488616943e-01,3.032666258513927460e-02,-6.920195370912551880e-02,2.160504162311553955e-01,-8.508660644292831421e-02,8.967321366071701050e-02,-7.281860709190368652e-02,8.202042430639266968e-02,-2.181780152022838593e-02,-8.540887385606765747e-02,-1.538830250501632690e-01,-1.109810248017311096e-01,-4.629370197653770447e-02,3.478033468127250671e-03,1.240795701742172241e-01,1.351517140865325928e-01,1.145646348595619202e-01,-1.292182952165603638e-01,2.169147506356239319e-02,1.016128882765769958e-01,-2.113378606736660004e-02,-1.046001464128494263e-01,-1.231181472539901733e-01,-1.144360452890396118e-01,5.221039801836013794e-02,9.519295394420623779e-02,1.182248890399932861e-01,-1.044671051204204559e-03,-5.579761788249015808e-02,4.859568085521459579e-03,-2.983803488314151764e-02,1.412982940673828125e-01,1.244751736521720886e-01,-1.423901971429586411e-02,1.039112433791160583e-01,-1.413737684488296509e-01,1.233188137412071228e-01,-7.923711091279983521e-02,1.627816557884216309e-01,-1.966597288846969604e-01,-2.044731192290782928e-02,-8.502238243818283081e-02,-5.047049745917320251e-02,-8.174932003021240234e-02,-6.668446958065032959e-02,2.682282216846942902e-02,1.536506265401840210e-01,-1.306885331869125366e-01,2.421167641878128052e-01,-2.179270684719085693e-01,-8.927761763334274292e-02,-1.011331155896186829e-01,8.637776970863342285e-02,5.258678272366523743e-02,2.255066633224487305e-01,1.008207798004150391e-01,6.067952141165733337e-02,-1.714425981044769287e-01,2.459585294127464294e-02,-5.413978174328804016e-02,-7.840248942375183105e-02,-6.657226383686065674e-02,-6.592287868261337280e-02,-4.794278740882873535e-02,1.535578370094299316e-01,6.326548010110855103e-02,7.919315248727798462e-02,8.180646598339080811e-02,2.759091742336750031e-02,-2.756761200726032257e-02,1.959410458803176880e-01,1.346033960580825806e-01,9.235630929470062256e-02,-5.706359818577766418e-02,2.756266854703426361e-02,1.391452550888061523e-01,2.606406994163990021e-02,-2.244552969932556152e-02,5.204755067825317383e-02,1.608075350522994995e-01,-1.615381538867950439e-01,4.799976199865341187e-02,-1.367131769657135010e-01,2.476820498704910278e-01,-1.822610199451446533e-02,-5.937238410115242004e-02,-3.271066350862383842e-03,-6.793914735317230225e-02,-6.590566039085388184e-02,2.225272208452224731e-01,7.747613638639450073e-02,1.036850810050964355e-01,2.474186196923255920e-02,6.136449426412582397e-02,9.323688596487045288e-02,-2.817803993821144104e-02,1.598368287086486816e-01,-4.441665485501289368e-02,4.130344092845916748e-02,-7.645714282989501953e-02,3.977442160248756409e-02,7.881905883550643921e-02,3.783864378929138184e-01,-1.411055475473403931e-01,3.292397782206535339e-02,7.159369438886642456e-02,-4.116237908601760864e-02,-1.152664795517921448e-01,-1.108289882540702820e-01,1.546300500631332397e-01,4.579773172736167908e-02,7.698089629411697388e-02,-7.095466554164886475e-02,6.156163662672042847e-02,-7.084701955318450928e-02,1.567355394363403320e-01,-2.461699023842811584e-02,2.781316451728343964e-02,4.253626242280006409e-02,-1.810476034879684448e-01,1.243956503458321095e-03,8.506676554679870605e-02,8.957860991358757019e-03,1.010934170335531235e-02,-6.188695877790451050e-02,4.248116910457611084e-02
5.093434080481529236e-02,1.025563627481460571e-01,1.219018548727035522e-01,-2.980599179863929749e-02,3.315550461411476135e-02,-4.072077572345733643e-02,-2.233195006847381592e-01,1.393772196024656296e-02,-1.652065813541412354e-01,-1.382469534873962402e-01,-4.598922282457351685e-02,1.334265768527984619e-01,-1.146089658141136169e-01,1.209808662533760071e-01,-7.615841180086135864e-02,-8.175326883792877197e-02,-4.976955056190490723e-02,-1.294733881950378418e-01,2.053104341030120850e-03,6.683162879198789597e-03,2.264013700187206268e-02,-3.208782523870468140e-02,1.044598370790481567e-01,1.283724904060363770e-01,-5.924364179372787476e-02,-2.214956581592559814e-01,1.708102971315383911e-02,-7.149025052785873413e-02,1.621379107236862183e-01,6.352746486663818359e-02,1.681554913520812988e-01,-1.620362401008605957e-01,-1.303139775991439819e-01,-5.353008210659027100e-02,3.071870096027851105e-02,5.119595304131507874e-02,-4.388951510190963745e-02,1.362106949090957642e-02,2.185213416814804077e-01,8.850724250078201294e-02,3.449328942224383354e-03,7.943881675601005554e-03,8.918690681457519531e-02,1.144571825861930847e-01,2.386887818574905396e-01,-1.068329215049743652e-01,7.390277087688446045e-02,7.216116786003112793e-02,4.824843723326921463e-03,8.720143884420394897e-02,1.147811338305473328e-01,1.486125029623508453e-02,5.523123592138290405e-02,-1.105906292796134949e-01,-2.915801294147968292e-02,1.891921907663345337e-01,1.427302062511444092e-01,3.460001200437545776e-02,-9.236820787191390991e-02,-1.376332715153694153e-03,2.450460381805896759e-02,4.676069319248199463e-02,-5.397423356771469116e-02,1.115624457597732544e-01,-1.723656952381134033e-01,-1.591718755662441254e-03,1.340257525444030762e-01,-6.081118434667587280e-02,6.348791066557168961e-03,-1.040901709347963333e-02,-3.150081261992454529e-02,4.803382977843284607e-02,-5.805262178182601929e-02,-3.523769080638885498e-01,2.055491358041763306e-01,-3.051993250846862793e-02,1.185010895133018494e-01,9.987106546759605408e-03,7.920131832361221313e-02,5.816404148936271667e-02,3.628874942660331726e-02,1.664039790630340576e-01,8.742114901542663574e-02,6.618820130825042725e-02,-3.453493118286132812e-02,1.086805909872055054e-01,1.054983958601951599e-01,-5.897762253880500793e-02,-1.371964216232299805e-01,-1.338037997484207153e-01,-5.022390279918909073e-03,-5.808866117149591446e-03,3.748812153935432434e-02,-3.465152531862258911e-02,-2.667955867946147919e-02,-8.563885092735290527e-02,-5.222512781620025635e-02,5.139070749282836914e-02,2.490159496665000916e-02,-1.751365661621093750e-01,-4.047575220465660095e-02,3.532825212460011244e-04,8.206698298454284668e-02,1.154939383268356323e-01,-1.652592718601226807e-01,-1.449373364448547363e-01,9.546017274260520935e-03,4.429698362946510315e-02,1.512797474861145020e-01,4.783730581402778625e-02,-1.932390034198760986e-01,-1.178145408630371094e-01,-2.153908163309097290e-01,7.576153147965669632e-03,2.533861100673675537e-01,3.776528313755989075e-02,3.339419513940811157e-02,2.264093160629272461e-01,3.373292833566665649e-02,1.448623389005661011e-01,-6.708014011383056641e-02,1.074011474847793579e-01,1.211187019944190979e-01,4.213797673583030701e-02,-1.869121491909027100e-01,1.906486600637435913e-01,3.006038069725036621e-02,2.839080616831779480e-02,5.402801930904388428e-02,2.345847934484481812e-01,9.904866665601730347e-02,1.106603667140007019e-01,1.548619866371154785e-01,-1.114142872393131256e-02,-1.052704229950904846e-01,-1.606443822383880615e-01,-1.184794679284095764e-01,-2.077766656875610352e-01,-2.611822076141834259e-02,-2.069980055093765259e-01,-1.587737053632736206e-01,-2.076406404376029968e-02,6.272795051336288452e-02,1.032402366399765015e-01,3.700628504157066345e-02,-1.011212989687919617e-01,-8.748052269220352173e-02,-5.832706019282341003e-02,1.925686895847320557e-01,3.098211623728275299e-02,-1.318415552377700806e-01,-2.580158412456512451e-02,6.039865687489509583e-02,1.932637393474578857e-01,9.593962877988815308e-02,2.878525480628013611e-02,7.145845890045166016e-02,-1.372363418340682983e-01,-5.655618757009506226e-02,6.750865373760461807e-03,-1.044168621301651001e-01,-1.605213731527328491e-01,8.863684535026550293e-02,-1.481160223484039307e-01,2.411537244915962219e-02,-9.601668268442153931e-02,1.918884217739105225e-01,1.386934816837310791e-01,-1.426909714937210083e-01,1.505006849765777588e-01,1.216155290603637695e-01,8.407820947468280792e-03,1.038922667503356934e-01,-9.804345667362213135e-02,3.364957123994827271e-02,6.040500849485397339e-02,-2.349532209336757660e-02,-2.003000304102897644e-02,3.622695803642272949e-02,-3.055105172097682953e-02,-9.601052105426788330e-02,3.368967026472091675e-02,-1.520255953073501587e-01
1.478217169642448425e-02,5.740323290228843689e-02,1.434371527284383774e-02,-9.090235829353332520e-02,3.805921971797943115e-02,-3.656003624200820923e-03,2.017612569034099579e-02,-1.293557696044445038e-03,-2.609969861805438995e-02,4.162335023283958435e-02,-1.863200217485427856e-02,-4.080532491207122803e-02,-1.073679476976394653e-01,7.285531610250473022e-02,1.328380852937698364e-01,1.067171804606914520e-02,1.177654415369033813e-01,1.327678263187408447e-01,-3.300906345248222351e-02,-2.401653081178665161e-01,-3.054367750883102417e-02,4.590329900383949280e-02,-4.857633262872695923e-02,-1.167580261826515198e-01,1.014164239168167114e-01,5.382247641682624817e-02,1.164111793041229248e-01,-5.079285427927970886e-02,-3.051349818706512451e-01,-1.381158530712127686e-01,8.914478868246078491e-02,1.227093935012817383e-01,-1.270826160907745361e-01,3.842719271779060364e-02,-9.366425871849060059e-02,3.943676128983497620e-02,-1.909300982952117920e-01,1.250774115324020386e-01,1.005435660481452942e-01,1.788105070590972900e-02,7.898214459419250488e-02,-6.429468095302581787e-02,-2.042165547609329224e-01,-8.262219280004501343e-02,5.537850782275199890e-02,-6.990040838718414307e-02,9.516611695289611816e-03,1.016260124742984772e-03,1.732080616056919098e-02,4.195162281394004822e-02,1.691064536571502686e-01,1.279285252094268799e-01,-4.091094061732292175e-02,2.630861401557922363e-01,2.348635643720626831e-01,-9.162787348031997681e-02,-9.562581777572631836e-02,-3.469474986195564270e-02,5.154497921466827393e-02,1.690823882818222046e-01,-4.032192006707191467e-02,1.482190042734146118e-01,-8.983220905065536499e-03,2.016259282827377319e-01,8.942539244890213013e-02,-7.642451673746109009e-02,-6.644003838300704956e-02,2.587920427322387695e-02,4.595685005187988281e-02,-1.062219962477684021e-01,-4.325484856963157654e-02,-2.165825851261615753e-02,-3.585115447640419006e-02,-1.661439985036849976e-01,-1.250946968793869019e-01,2.180351018905639648e-01,-7.233034819364547729e-02,-5.723043158650398254e-02,-4.236712679266929626e-02,2.278192937374114990e-01,2.896462939679622650e-02,-2.521501183509826660e-01,-2.155519574880599976e-01,3.671457991003990173e-02,6.177638471126556396e-02,-1.239683106541633606e-01,-4.597378149628639221e-02,4.099034518003463745e-02,4.530368745326995850e-02,-2.011571824550628662e-01,5.303645879030227661e-02,1.339697986841201782e-01,1.613195389509201050e-01,2.936443313956260681e-03,4.638609290122985840e-02,-1.307612936943769455e-02,1.164630241692066193e-02,-1.091776713728904724e-01,-3.681675530970096588e-03,6.333452463150024414e-02,1.209781244397163391e-01,-4.371105879545211792e-02,-9.860414266586303711e-02,1.768597364425659180e-01,5.335403978824615479e-02,1.189505085349082947e-01,-2.140645682811737061e-02,-2.658187039196491241e-02,-1.622390598058700562e-01,-1.176264323294162750e-02,1.987989395856857300e-01,1.692313402891159058e-01,2.410941012203693390e-02,-1.129010915756225586e-01,-2.770524285733699799e-02,4.260024521499872208e-03,-4.277288168668746948e-02,6.828133761882781982e-02,-1.108889747411012650e-02,9.681791812181472778e-02,-1.051120236515998840e-01,-2.247802913188934326e-02,4.649189114570617676e-02,1.213770508766174316e-01,2.179436981678009033e-01,1.431492716073989868e-01,-3.387916460633277893e-02,1.028822213411331177e-01,-7.962989807128906250e-02,1.258517652750015259e-01,1.274365186691284180e-01,-6.281176954507827759e-02,2.231054902076721191e-01,-1.709722541272640228e-02,2.606078796088695526e-02,-2.226294251158833504e-03,1.157088764011859894e-02,5.211744923144578934e-03,1.008762344717979431e-01,-8.857590705156326294e-02,-9.410613775253295898e-02,6.036471575498580933e-02,-4.171700403094291687e-02,-1.543407142162322998e-01,-1.758076697587966919e-01,2.096427083015441895e-01,1.130948308855295181e-02,-6.465610861778259277e-02,4.995228257030248642e-03,8.534027636051177979e-02,1.867082342505455017e-02,-1.950268633663654327e-02,-5.947209894657135010e-02,-5.523349624127149582e-03,-1.797243356704711914e-01,1.028122976422309875e-01,-5.391926318407058716e-02,-2.746334299445152283e-02,-6.164755672216415405e-02,1.501526087522506714e-01,-9.680335223674774170e-02,1.626868546009063721e-01,1.637283116579055786e-01,3.423594310879707336e-02,-2.102610655128955841e-02,-1.018264740705490112e-01,9.592387080192565918e-02,-1.979654468595981598e-02,6.821455061435699463e-02,-2.421241402626037598e-01,2.511771582067012787e-02,1.961862742900848389e-01,-1.691884100437164307e-01,-1.356418281793594360e-01,-1.717892140150070190e-01,1.277025882154703140e-02,-1.127398293465375900e-02,-7.818993180990219116e-02,2.001125067472457886e-01,4.532904922962188721e-02,-3.022799082100391388e-02,1.190499141812324524e-01,-2.246808111667633057e-01
8.210921287536621094e-02,2.200625278055667877e-02,5.975876934826374054e-03,1.038305759429931641e-01,1.576152592897415161e-01,-3.702955693006515503e-02,1.230550110340118408e-01,5.391703546047210693e-02,8.614771999418735504e-03,-5.274910107254981995e-02,-3.033063374459743500e-02,1.263995468616485596e-01,7.466198503971099854e-02,2.214536070823669434e-02,6.820546835660934448e-02,4.617153853178024292e-02,2.983930287882685661e-03,-5.911365151405334473e-02,3.012349084019660950e-02,8.610537275671958923e-03,1.266778856515884399e-01,-8.460140973329544067e-02,-1.823960542678833008e-01,9.511390328407287598e-02,1.333340704441070557e-01,-1.986270993947982788e-01,1.269073039293289185e-01,-1.028771027922630310e-01,-1.441908478736877441e-01,1.677961200475692749e-01,3.234308585524559021e-02,-3.952481597661972046e-02,1.205577254295349121e-01,9.179691225290298462e-02,8.661221712827682495e-02,1.297868490219116211e-01,9.821157902479171753e-02,-7.526021450757980347e-02,8.537863194942474365e-02,7.791367173194885254e-02,1.825360208749771118e-01,1.147678941488265991e-01,-1.427087634801864624e-01,-1.282759606838226318e-01,7.852044701576232910e-02,-7.641134317964315414e-03,-2.792170830070972443e-02,2.275142446160316467e-02,-1.224994286894798279e-01,2.491422370076179504e-02,4.922395199537277222e-02,-2.447507344186306000e-02,2.885083109140396118e-02,2.651552855968475342e-02,-7.135440409183502197e-02,1.956337392330169678e-01,5.694472230970859528e-03,1.218193769454956055e-01,-8.209420740604400635e-02,1.616953313350677490e-01,1.670740097761154175e-01,1.015410870313644409e-01,-2.096669934689998627e-02,-1.018134206533432007e-01,-9.187132865190505981e-02,9.297880530357360840e-02,1.738352328538894653e-02,-5.976694449782371521e-02,2.742565870285034180e-01,-3.222491964697837830e-02,8.267198503017425537e-02,8.360712975263595581e-02,6.890718638896942139e-02,6.167767196893692017e-02,1.591825336217880249e-01,-2.475200034677982330e-02,2.312214486300945282e-02,1.523967981338500977e-01,8.364856988191604614e-02,-7.649774104356765747e-02,-6.536141037940979004e-02,5.087452381849288940e-02,1.370252668857574463e-01,1.974711380898952484e-02,-3.078017197549343109e-02,-1.276493445038795471e-02,-9.448189288377761841e-02,-3.703885897994041443e-02,-5.525726824998855591e-03,1.283901035785675049e-01,6.449995934963226318e-02,-7.223707437515258789e-02,2.623578906059265137e-01,-3.021179139614105225e-01,-2.761775441467761993e-02,6.492421030998229980e-02,-7.800915837287902832e-02,1.702996641397476196e-01,-5.263399705290794373e-02,8.615358173847198486e-02,-5.011849477887153625e-02,2.556857094168663025e-02,-9.119568765163421631e-02,-1.689361780881881714e-02,-1.044012680649757385e-01,-7.035186048597097397e-03,5.482942238450050354e-02,2.904472500085830688e-02,-1.517502814531326294e-01,-1.408416777849197388e-01,-7.027538120746612549e-02,9.976301342248916626e-02,1.518057137727737427e-01,2.491098493337631226e-01,1.527822762727737427e-01,1.509017050266265869e-01,3.338260203599929810e-02,-1.401020139455795288e-01,2.013602405786514282e-01,8.698516339063644409e-02,3.399786353111267090e-02,-1.269182205200195312e+00,-2.032018601894378662e-01,-9.487251192331314087e-02,-2.680004835128784180e-01,-6.640820950269699097e-02,-1.062288731336593628e-01,-9.397116303443908691e-02,1.430240646004676819e-02,-3.750738874077796936e-02,1.650069504976272583e-01,4.525569453835487366e-02,1.702373661100864410e-02,-1.415506750345230103e-01,1.072988957166671753e-01,-6.068894173949956894e-03,-4.476551711559295654e-02,-6.641969084739685059e-03,-1.306812465190887451e-01,1.719287782907485962e-02,8.369913697242736816e-02,-2.939190901815891266e-02,1.373457610607147217e-01,-8.780854940414428711e-02,-1.175411641597747803e-01,1.458445843309164047e-02,-5.141279660165309906e-03,-5.991206690669059753e-02,1.292083598673343658e-02,3.389581572264432907e-03,2.071580886840820312e-01,6.482678651809692383e-02,3.825889527797698975e-02,2.911153249442577362e-02,1.949348002672195435e-01,-1.489375829696655273e-01,-3.987757861614227295e-02,-1.320080608129501343e-01,-1.389016676694154739e-02,2.763598859310150146e-01,3.288800362497568130e-03,-4.343326017260551453e-02,4.873616993427276611e-02,9.311562031507492065e-02,-7.046601176261901855e-02,-2.019849568605422974e-01,9.341733902692794800e-02,-1.776933670043945312e-01,-6.069343537092208862e-02,-1.447369456291198730e-01,4.490586742758750916e-02,-1.003150939941406250e-01,1.077148243784904480e-01,4.253036901354789734e-02,7.716545462608337402e-02,-8.755466341972351074e-02,8.326958119869232178e-02,-4.011705052107572556e-03,8.295444771647453308e-03,9.242326766252517700e-02,-5.624062940478324890e-02,1.821652054786682129e-02,-2.257703058421611786e-02
7.761594653129577637e-02,1.123505458235740662e-01,-1.262525767087936401e-01,2.141367644071578979e-02,4.189250990748405457e-02,-7.944202423095703125e-02,6.996101140975952148e-02,3.443272144068032503e-04,-1.437304913997650146e-01,-1.309335380792617798e-01,-2.842863090336322784e-02,-9.602064639329910278e-02,-1.523398458957672119e-01,-7.266035676002502441e-02,6.320679187774658203e-02,-1.831554770469665527e-01,7.133227773010730743e-03,1.773466020822525024e-01,1.130926683545112610e-01,-6.370589137077331543e-02,1.394052058458328247e-01,-8.423744887113571167e-02,-2.098482660949230194e-02,5.797085165977478027e-02,7.007028907537460327e-02,1.330495923757553101e-01,6.382759660482406616e-02,7.481428980827331543e-02,-6.644576042890548706e-02,-1.666226834058761597e-01,-1.414084527641534805e-02,1.641553342342376709e-01,1.711034215986728668e-02,-1.132154371589422226e-02,-3.872686251997947693e-02,4.777653515338897705e-02,5.930365622043609619e-02,1.053488925099372864e-01,6.612039357423782349e-02,-1.250118911266326904e-01,-7.337903231382369995e-02,-1.414255145937204361e-02,-1.323802024126052856e-01,1.510114222764968872e-01,-4.794630408287048340e-02,-8.658807724714279175e-02,4.973553493618965149e-02,-5.937163159251213074e-02,6.828294694423675537e-02,2.499372698366641998e-02,2.637907676398754120e-02,4.712761193513870239e-02,-1.693347096443176270e-02,-4.595144465565681458e-02,-2.528499066829681396e-02,1.018394976854324341e-01,5.913275480270385742e-02,4.176890477538108826e-02,-6.337811704725027084e-03,-1.230323500931262970e-02,1.140463910996913910e-02,-3.797579929232597351e-02,7.637734711170196533e-02,-1.757516860961914062e-01,1.020496860146522522e-01,5.667610093951225281e-02,-1.790455579757690430e-01,-1.009822636842727661e-01,-1.129795387387275696e-01,-6.507895886898040771e-02,4.057452827692031860e-02,-8.402713388204574585e-02,-8.595526963472366333e-02,6.555537134408950806e-02,1.072720140218734741e-01,-1.159629598259925842e-02,-1.820905599743127823e-03,2.662524282932281494e-01,-1.140095591545104980e-01,1.112078651785850525e-01,1.342583894729614258e-01,-1.127135381102561951e-01,2.066607400774955750e-02,-2.096843868494033813e-01,-1.430934369564056396e-01,1.926193833351135254e-01,-1.171932090073823929e-02,2.345803529024124146e-01,-5.639573186635971069e-02,1.185788512229919434e-01,1.208304464817047119e-01,-2.721623703837394714e-02,-2.265854626893997192e-01,2.440056651830673218e-01,1.268184781074523926e-01,2.710152044892311096e-02,8.309725672006607056e-02,3.327396884560585022e-02,7.019028067588806152e-03,1.049954667687416077e-01,1.846579089760780334e-02,-4.852304235100746155e-02,-9.342892467975616455e-02,-8.220531046390533447e-03,-3.644499927759170532e-02,2.819001860916614532e-02,-5.143069475889205933e-02,-2.783937752246856689e-01,4.317470639944076538e-02,-1.405489817261695862e-02,-4.834297671914100647e-02,9.473278373479843140e-02,1.383782327175140381e-01,-1.584639698266983032e-01,7.554844021797180176e-02,-6.932011991739273071e-02,-2.372239902615547180e-02,1.181726455688476562e-01,-3.946834802627563477e-02,-2.537832595407962799e-02,-6.706573814153671265e-02,-2.982700765132904053e-01,8.337089419364929199e-02,-1.097477450966835022e-01,1.731668971478939056e-02,-1.102122589945793152e-01,8.108268375508487225e-04,4.793358221650123596e-02,4.770181700587272644e-02,-7.894587703049182892e-03,-6.095066666603088379e-02,1.157854720950126648e-01,2.284948714077472687e-02,-1.016059983521699905e-02,-1.342799067497253418e-01,-1.923759840428829193e-02,1.956682354211807251e-01,2.405760250985622406e-02,5.501937493681907654e-02,-1.902524381875991821e-02,2.191121503710746765e-02,-4.693014919757843018e-02,-1.158720403909683228e-01,-1.055468022823333740e-01,1.491919625550508499e-02,-2.183350361883640289e-02,1.314251869916915894e-02,-9.125220030546188354e-02,-7.229861617088317871e-02,-6.980115175247192383e-02,-7.093586027622222900e-02,1.076350212097167969e-01,8.828552067279815674e-02,6.989760696887969971e-02,-6.075059995055198669e-02,9.209883958101272583e-02,-3.089890815317630768e-02,-2.804921008646488190e-02,-4.954380914568901062e-02,-1.011177618056535721e-02,-9.236542880535125732e-02,-3.653496038168668747e-03,-3.607993945479393005e-02,2.195282280445098877e-01,6.508021056652069092e-02,3.138233721256256104e-02,6.271128356456756592e-02,-3.979034349322319031e-02,-2.199698984622955322e-02,-7.004626840353012085e-02,-4.164770990610122681e-02,2.041471600532531738e-01,2.349389195442199707e-01,1.251010745763778687e-01,7.834132760763168335e-02,1.020160391926765442e-01,1.731335669755935669e-01,-1.529893577098846436e-01,-5.642285943031311035e-02,1.217250078916549683e-01,-9.644829481840133667e-02,-7.986515760421752930e-02,1.053433865308761597e-02
-1.634270884096622467e-02,1.623362451791763306e-01,1.082607582211494446e-01,-1.955539360642433167e-02,4.926528036594390869e-02,7.643916457891464233e-02,1.026417966932058334e-02,-1.912349909543991089e-01,7.872106134891510010e-02,-1.830870807170867920e-01,-8.908521384000778198e-02,2.946272864937782288e-02,1.067297160625457764e-01,1.889303326606750488e-02,-8.357995748519897461e-02,-1.361104752868413925e-02,1.204693019390106201e-01,1.429102499969303608e-03,-5.944267660379409790e-02,-5.050860717892646790e-02,7.470040023326873779e-02,8.897864818572998047e-02,-5.366800725460052490e-02,1.882908493280410767e-01,2.728449553251266479e-02,2.745352976489812136e-04,-1.341538876295089722e-01,1.129438579082489014e-01,5.102073773741722107e-02,-3.340664878487586975e-02,-1.002755574882030487e-02,-6.004144996404647827e-02,6.416130810976028442e-02,-9.153892844915390015e-02,1.302334964275360107e-01,4.687012732028961182e-02,1.805010065436363220e-02,-1.727871014736592770e-03,2.618670463562011719e-01,4.308110848069190979e-02,8.862980455160140991e-02,6.131716072559356689e-02,-1.212162598967552185e-01,-9.907238185405731201e-02,1.649088263511657715e-01,-1.435588300228118896e-01,1.361156813800334930e-02,-5.708191171288490295e-02,4.328088462352752686e-02,2.260729297995567322e-02,-1.251999139785766602e-01,1.115006431937217712e-01,7.244920730590820312e-02,-8.277801796793937683e-03,1.582139134407043457e-01,-1.386516634374856949e-02,1.114140078425407410e-02,7.534838467836380005e-02,5.769045278429985046e-02,-6.748402863740921021e-02,-6.159143149852752686e-02,-1.064525172114372253e-01,3.050906024873256683e-02,8.437161892652511597e-02,-2.112429216504096985e-02,3.693329542875289917e-02,3.260544314980506897e-02,1.373021155595779419e-01,-3.551782667636871338e-02,-1.578655093908309937e-01,-1.867421120405197144e-01,-4.911040305159986019e-04,2.196427062153816223e-02,-3.990382887423038483e-03,3.367274627089500427e-02,2.577725648880004883e-01,1.575844287872314453e-01,-6.449341773986816406e-02,-7.391367107629776001e-02,-1.042841747403144836e-01,6.022981926798820496e-02,5.118885077536106110e-03,3.481840193271636963e-01,1.426917314529418945e-01,-3.090478666126728058e-02,-1.010098457336425781e-01,-9.768075495958328247e-02,-1.553708910942077637e-01,4.439951479434967041e-02,-1.004374176263809204e-01,2.784393131732940674e-01,-1.348455157130956650e-02,-2.250191569328308105e-01,5.378059297800064087e-02,4.494405537843704224e-02,-1.709934771060943604e-01,2.008981406688690186e-01,-1.880582422018051147e-02,-2.348128557205200195e-01,1.562076956033706665e-01,6.934322416782379150e-03,9.446062892675399780e-02,3.358558053150773048e-03,-1.047019287943840027e-01,2.999317646026611328e-01,1.862635952420532703e-03,-1.339037716388702393e-01,-1.395144313573837280e-01,-6.987475603818893433e-02,-7.452476769685745239e-02,3.910608123987913132e-03,4.440129101276397705e-01,-2.000959515571594238e-01,1.774086430668830872e-02,-1.203964129090309143e-01,9.076274931430816650e-02,2.858010306954383850e-02,-4.519917815923690796e-02,-1.577321290969848633e-01,2.416517734527587891e-01,7.971604913473129272e-02,1.727568544447422028e-02,-1.280014961957931519e-01,-1.142272204160690308e-01,-1.396129373461008072e-02,-8.197738230228424072e-02,2.513185143470764160e-02,-6.761065125465393066e-02,-6.747213751077651978e-02,3.502412140369415283e-02,7.195913791656494141e-02,-2.190273441374301910e-02,-1.884732022881507874e-02,-9.615710377693176270e-02,-1.371055468916893005e-02,1.222617775201797485e-01,-6.052381545305252075e-02,7.258774340152740479e-02,1.259248405694961548e-01,-7.642173022031784058e-02,-6.838036933913826942e-04,1.014804765582084656e-01,-6.558875739574432373e-02,7.066319882869720459e-02,1.355764828622341156e-02,3.968148678541183472e-02,-2.478572539985179901e-03,7.120072841644287109e-02,2.278795232996344566e-03,8.264632523059844971e-02,-2.420849725604057312e-02,7.419901341199874878e-02,-1.263481974601745605e-01,-1.077442020177841187e-01,-2.161047607660293579e-01,-1.151954755187034607e-01,-3.785104304552078247e-02,1.144821792840957642e-01,2.586118178442120552e-03,1.070793792605400085e-01,1.013041362166404724e-01,1.434637010097503662e-01,5.262591317296028137e-02,7.353279739618301392e-02,1.841059327125549316e-02,4.240455850958824158e-02,4.435339570045471191e-02,-4.772602114826440811e-03,-7.597359269857406616e-02,5.192232728004455566e-01,1.725559495389461517e-02,1.068895403295755386e-02,-4.925338551402091980e-02,5.331363528966903687e-02,1.615277230739593506e-01,-3.315593302249908447e-02,-4.099118709564208984e-02,-3.352679312229156494e-02,5.100264027714729309e-02,8.749933540821075439e-02,-1.487727276980876923e-02,-7.849853485822677612e-02,2.990621328353881836e-01
5.152036622166633606e-02,1.435590684413909912e-01,1.251869499683380127e-01,-2.198015712201595306e-02,-1.807913929224014282e-01,-1.317758020013570786e-02,-1.092027723789215088e-01,3.484340757131576538e-02,-1.137929037213325500e-01,3.464661538600921631e-02,8.572781458497047424e-03,-1.595586165785789490e-02,-2.862716652452945709e-02,-1.153530552983283997e-01,-8.297963067889213562e-03,7.908881455659866333e-02,1.766200736165046692e-02,1.332224309444427490e-01,-1.270673871040344238e-01,-1.428981423377990723e-01,-2.322134673595428467e-01,1.706487685441970825e-02,1.524951588362455368e-02,-2.734868600964546204e-02,9.102863073348999023e-02,8.088529855012893677e-02,6.685875356197357178e-02,-2.460621744394302368e-01,-1.437213569879531860e-01,-2.499541733413934708e-03,1.900194287300109863e-01,5.575241521000862122e-02,-7.943402230739593506e-02,1.241532191634178162e-01,1.109672524034976959e-02,-1.179252937436103821e-01,-5.692251026630401611e-03,-1.066331043839454651e-01,-3.499450860545039177e-03,1.031050682067871094e-01,-5.081676319241523743e-02,5.586430802941322327e-02,1.760095208883285522e-01,6.218357384204864502e-02,2.269467115402221680e-01,1.728729009628295898e-01,2.567358687520027161e-02,-1.396169662475585938e-01,-1.901967264711856842e-02,-2.497085556387901306e-02,-2.529026707634329796e-03,2.697143889963626862e-02,7.088503916747868061e-04,-9.535431861877441406e-02,1.406114101409912109e-01,-1.571898609399795532e-01,-1.107028312981128693e-02,2.285003662109375000e-01,-4.772407934069633484e-02,4.961471259593963623e-02,7.491753250360488892e-02,3.242655843496322632e-02,1.086324527859687805e-01,8.636912703514099121e-02,-3.003518283367156982e-02,7.569977641105651855e-02,-1.027448847889900208e-01,5.918205715715885162e-04,-7.148738019168376923e-03,1.254232078790664673e-01,-3.174922764301300049e-01,3.840520232915878296e-02,1.570495963096618652e-01,-9.032064676284790039e-02,6.321071088314056396e-02,3.830602392554283142e-02,1.219638972543179989e-03,1.907764375209808350e-01,1.065535917878150940e-01,1.115141138434410095e-01,7.844927906990051270e-02,-1.885479241609573364e-01,-6.184437498450279236e-02,-2.740993909537792206e-02,1.927657127380371094e-01,1.193390414118766785e-01,-5.869420617818832397e-02,7.402886450290679932e-02,6.414376944303512573e-02,1.269870996475219727e-02,4.537279531359672546e-02,2.103779613971710205e-01,-8.986738324165344238e-02,-9.728837758302688599e-02,5.210763216018676758e-02,1.925805062055587769e-01,8.700462989509105682e-03,1.174482107162475586e-01,-7.518813014030456543e-02,-8.299614489078521729e-02,-8.699358254671096802e-02,-1.686786562204360962e-01,3.444327041506767273e-02,2.665136940777301788e-02,-1.029763519763946533e-01,6.948678195476531982e-02,2.583565749228000641e-02,1.596609689295291901e-02,4.514305293560028076e-02,1.294689625501632690e-01,-7.670643925666809082e-02,4.204621911048889160e-02,1.590112298727035522e-01,2.676849253475666046e-02,1.694220602512359619e-01,3.007666394114494324e-02,-1.189892292022705078e-01,-1.616451442241668701e-01,1.440708246082067490e-02,-1.534893549978733063e-02,-1.172096375375986099e-02,-2.319619618356227875e-02,1.650094613432884216e-02,-2.066444009542465210e-01,-1.647238805890083313e-02,-1.451055109500885010e-01,-1.016180813312530518e-01,4.777703434228897095e-02,1.722599864006042480e-01,1.687917709350585938e-01,-3.487141728401184082e-01,-3.404848044738173485e-03,-1.143573150038719177e-01,8.041481673717498779e-02,4.101182892918586731e-02,-1.094354242086410522e-01,-1.831767261028289795e-01,7.328451424837112427e-02,1.237729340791702271e-01,-4.822130501270294189e-02,8.382625132799148560e-02,5.391972139477729797e-02,3.449436649680137634e-02,-8.650185191072523594e-04,1.386186629533767700e-01,2.175991423428058624e-02,6.106596440076828003e-02,1.566417962312698364e-01,2.374035716056823730e-01,-2.083653956651687622e-02,-7.419033348560333252e-02,-4.488519206643104553e-02,-1.247201021760702133e-02,-7.930193096399307251e-02,-3.143107146024703979e-02,1.338482499122619629e-01,-1.302351802587509155e-01,7.543890923261642456e-02,-1.597348134964704514e-03,-1.380832307040691376e-02,3.611068427562713623e-02,1.036918833851814270e-01,-4.132685437798500061e-02,-5.268403142690658569e-02,7.119262218475341797e-02,-3.764367895200848579e-03,-1.560060232877731323e-01,-8.877196162939071655e-02,-1.268365234136581421e-01,4.113025590777397156e-02,4.527457989752292633e-03,1.560092717409133911e-01,9.458263963460922241e-02,3.598434105515480042e-02,-1.706705838441848755e-01,-1.349970102310180664e-01,-1.032655909657478333e-01,-2.845384925603866577e-02,-7.588155567646026611e-02,5.078004673123359680e-02,8.643174916505813599e-02,5.759398266673088074e-02,-7.579587399959564209e-02
-2.987113222479820251e-02,2.690703608095645905e-02,8.379669487476348877e-02,-3.159985691308975220e-02,-1.749068126082420349e-02,-2.839252352714538574e-02,-1.162675768136978149e-01,1.641919463872909546e-01,1.979824155569076538e-01,-6.168445572257041931e-02,8.986960351467132568e-02,-1.992154717445373535e-01,1.731737554073333740e-01,-9.784373641014099121e-02,6.481511890888214111e-02,1.398225426673889160e-01,3.067618235945701599e-02,-7.044577039778232574e-03,-2.208478935062885284e-02,1.714007109403610229e-01,-2.347884466871619225e-03,4.015292972326278687e-03,-9.239515662193298340e-02,-8.980776369571685791e-02,5.793230235576629639e-02,-1.143414825201034546e-01,-9.502766281366348267e-02,-3.656027466058731079e-02,2.035964280366897583e-01,-1.320029497146606445e-01,-2.383425645530223846e-02,-1.228991523385047913e-01,-8.549142628908157349e-02,-1.057084277272224426e-01,1.042229868471622467e-02,-1.030502021312713623e-01,-6.077081710100173950e-02,1.232338920235633850e-01,8.568493276834487915e-02,3.238381445407867432e-02,-1.399270296096801758e-01,-2.969820052385330200e-02,8.795326948165893555e-02,9.243174642324447632e-02,-1.694178879261016846e-01,-3.467925591394305229e-03,8.798668533563613892e-02,-1.800554543733596802e-01,-8.665671199560165405e-02,-5.611423775553703308e-02,9.482572227716445923e-02,-1.498324610292911530e-02,4.690829664468765259e-02,4.588481038808822632e-02,5.123991519212722778e-02,4.829988256096839905e-02,1.972289681434631348e-01,5.753125529736280441e-03,2.594213234260678291e-03,-1.102543249726295471e-01,-1.262071579694747925e-01,1.926710009574890137e-01,-1.563791185617446899e-01,-1.443786323070526123e-01,-1.134998127818107605e-01,1.216277363710105419e-03,-5.123646557331085205e-02,-4.341170191764831543e-03,5.535666272044181824e-02,-5.845411494374275208e-02,-2.873890474438667297e-02,3.902225568890571594e-02,-8.262521773576736450e-02,-2.280242741107940674e-02,-7.807255536317825317e-02,1.860206574201583862e-01,-7.928605377674102783e-02,-1.679666638374328613e-01,-1.975677311420440674e-01,1.453756839036941528e-01,3.176806122064590454e-02,-1.157745718955993652e-02,4.895849525928497314e-01,1.483850926160812378e-01,1.491736620664596558e-02,-2.697557024657726288e-02,-9.004464745521545410e-02,9.458636492490768433e-02,-7.785949110984802246e-02,9.014759212732315063e-02,4.481704533100128174e-02,1.287146955728530884e-01,2.065003663301467896e-02,6.118367891758680344e-03,2.633143067359924316e-01,-1.061009839177131653e-01,6.914156675338745117e-02,6.143282726407051086e-02,2.128388136625289917e-01,1.072091907262802124e-01,-1.663697957992553711e-01,-3.957661986351013184e-02,1.208846718072891235e-01,2.035523205995559692e-02,-1.767252944409847260e-02,-1.476304326206445694e-02,-5.641870200634002686e-02,6.507317721843719482e-02,-1.153045222163200378e-01,-1.595691442489624023e-01,-6.771184504032135010e-02,3.410129249095916748e-01,-6.852091848850250244e-02,-9.235434979200363159e-02,-2.011842094361782074e-02,1.053889766335487366e-01,4.131565615534782410e-02,-2.413643151521682739e-02,-1.273999214172363281e-01,1.818268299102783203e-01,6.526872515678405762e-02,-6.176331546157598495e-03,-6.220535933971405029e-02,2.914794348180294037e-02,1.342725753784179688e-01,2.612728178501129150e-01,-1.974806375801563263e-02,1.268153935670852661e-01,6.741882534697651863e-04,-8.313618600368499756e-02,8.548665791749954224e-02,5.972837284207344055e-02,2.355790883302688599e-02,5.476767942309379578e-02,1.545905917882919312e-01,-8.698791265487670898e-02,-7.280888408422470093e-02,1.466373801231384277e-01,-9.714902937412261963e-02,-7.165023684501647949e-02,5.273333936929702759e-02,3.068141080439090729e-02,2.492132037878036499e-02,-1.498735994100570679e-01,1.015847846865653992e-01,1.158446148037910461e-01,1.231869682669639587e-01,-7.526556402444839478e-02,-1.014374047517776489e-01,-1.820819079875946045e-01,2.036960562691092491e-03,-8.839341811835765839e-03,1.902114748954772949e-01,-3.672287613153457642e-02,-7.184418290853500366e-02,5.206031352281570435e-02,1.182591468095779419e-01,3.464897722005844116e-02,1.058415099978446960e-01,-2.610961720347404480e-02,-1.694989800453186035e-01,-1.850716471672058105e-01,1.693253517150878906e-01,-1.764012873172760010e-02,4.454405605792999268e-02,-8.726362884044647217e-02,2.268116176128387451e-01,4.712676256895065308e-02,-8.788254112005233765e-03,2.475261390209197998e-01,-4.112803563475608826e-02,-6.978345662355422974e-02,-7.262460142374038696e-02,2.207217551767826080e-02,5.358489975333213806e-02,-2.184541821479797363e-01,1.096348986029624939e-01,1.074881330132484436e-01,2.319249510765075684e-02,6.898343563079833984e-02,-1.683209836483001709e-01,-3.410769253969192505e-02,3.398931026458740234e-02
-2.851283252239227295e-01,8.561698719859123230e-03,-2.502969205379486084e-01,-9.820848703384399414e-02,2.931959927082061768e-01,-7.288325577974319458e-02,1.152758672833442688e-01,1.007206663489341736e-01,2.375998944044113159e-01,2.526564002037048340e-01,1.140922904014587402e-01,-5.480006709694862366e-02,8.045642077922821045e-02,1.430688053369522095e-02,-2.037816941738128662e-01,4.345848411321640015e-02,2.023253738880157471e-01,6.106975302100181580e-02,3.914311900734901428e-02,5.876948125660419464e-03,9.139360487461090088e-02,-2.219464778900146484e-01,-1.804137378931045532e-01,-1.299567222595214844e-01,6.229949742555618286e-02,6.461162865161895752e-02,-3.188021853566169739e-02,9.305369108915328979e-02,-5.150803551077842712e-02,-2.530100382864475250e-02,-7.765489071607589722e-02,-1.785636693239212036e-01,-7.558711618185043335e-02,-3.320876881480216980e-02,2.661786600947380066e-02,9.046177566051483154e-02,-8.916253596544265747e-02,-1.972948759794235229e-02,1.512492299079895020e-01,3.915407881140708923e-02,1.595639586448669434e-01,-3.864756971597671509e-02,-1.521603087894618511e-03,4.168108105659484863e-02,-8.397106826305389404e-02,-7.124215364456176758e-02,-8.433146029710769653e-02,-9.525662288069725037e-03,-7.197296619415283203e-02,3.761418163776397705e-02,1.203713119029998779e-01,-1.630712449550628662e-01,-7.665077596902847290e-02,-5.219217389822006226e-02,-1.099468092434108257e-03,-2.371639711782336235e-03,-1.517672557383775711e-02,-1.338756233453750610e-01,1.630543358623981476e-02,-2.694180607795715332e-02,1.098075732588768005e-01,-1.358412788249552250e-03,-2.013402432203292847e-02,-1.569059342145919800e-01,-3.141884505748748779e-01,2.360881306231021881e-02,2.909389138221740723e-02,-4.177806526422500610e-02,1.561091002076864243e-02,-8.826415985822677612e-02,1.294881999492645264e-01,1.069867685437202454e-01,-2.275256253778934479e-02,-6.583670526742935181e-02,1.248596906661987305e-01,-1.818750053644180298e-01,1.228228807449340820e-01,-1.260781735181808472e-01,-1.826588809490203857e-01,5.055275931954383850e-02,-1.089138314127922058e-01,-6.772708892822265625e-02,-7.152075320482254028e-02,9.022995084524154663e-02,-3.089967183768749237e-02,1.710758358240127563e-01,3.715001791715621948e-02,-8.731880038976669312e-02,-1.496758460998535156e-01,5.356350913643836975e-02,-1.816982328891754150e-01,6.177051737904548645e-02,2.031715065240859985e-01,-1.081696078181266785e-01,-9.490829706192016602e-02,3.121467307209968567e-02,8.023577928543090820e-02,-1.236646100878715515e-01,-9.732485562562942505e-02,-9.851994365453720093e-02,-1.295183300971984863e-01,-4.195273295044898987e-02,1.657877117395401001e-01,1.233883649110794067e-01,-7.079763710498809814e-02,-1.173858791589736938e-01,-9.114223532378673553e-03,-1.768607646226882935e-01,-4.863478243350982666e-02,-2.199812680482864380e-01,-1.937730014324188232e-01,1.433326303958892822e-01,-6.517863273620605469e-02,4.204904660582542419e-02,-1.314701586961746216e-01,9.045176953077316284e-02,-2.896525561809539795e-01,-1.024026423692703247e-01,6.677171587944030762e-02,8.732902258634567261e-02,5.447296425700187683e-02,1.699176989495754242e-02,2.739928022492676973e-04,1.751202344894409180e-01,-1.220242679119110107e-01,-6.542954593896865845e-02,1.369768232107162476e-01,-7.510333508253097534e-02,-2.270654886960983276e-01,1.121794618666172028e-02,-8.956131339073181152e-02,1.687807887792587280e-01,-1.042706444859504700e-01,-2.730732783675193787e-02,-5.594310164451599121e-02,-8.441571146249771118e-02,6.115350499749183655e-02,6.925339996814727783e-02,-1.329545527696609497e-01,6.474894285202026367e-02,8.651911467313766479e-02,6.092747673392295837e-02,5.321034044027328491e-02,4.034105688333511353e-03,-8.234069496393203735e-02,-1.026794090867042542e-01,1.050046756863594055e-01,5.842290818691253662e-02,-7.398100942373275757e-02,-9.314367920160293579e-02,8.832298219203948975e-02,-2.134876325726509094e-02,6.459858734160661697e-03,5.970843508839607239e-02,-4.005609080195426941e-02,-1.660361438989639282e-01,-1.171898394823074341e-01,-1.378331035375595093e-01,1.515099257230758667e-01,4.962035920470952988e-03,8.496604114770889282e-02,-3.776207193732261658e-02,1.405839920043945312e-01,3.478898853063583374e-02,2.003680914640426636e-02,2.166448086500167847e-01,9.805348515510559082e-02,1.209373027086257935e-02,-2.094882428646087646e-01,1.313707828521728516e-01,1.724310219287872314e-01,5.640957877039909363e-02,1.149854362010955811e-01,8.158315718173980713e-02,-1.232051849365234375e-02,-2.376552075147628784e-01,2.044062316417694092e-02,-3.558079898357391357e-02,3.666000813245773315e-02,-4.552525654435157776e-02,1.063682809472084045e-01,5.097212269902229309e-02,1.303883045911788940e-01
-1.069208458065986633e-01,-5.154045671224594116e-02,-9.895815700292587280e-02,2.070771344006061554e-02,-6.464344263076782227e-02,5.113031342625617981e-02,-8.748695254325866699e-02,-7.976614683866500854e-02,-6.692209839820861816e-02,-2.997193718329071999e-03,-2.444663085043430328e-02,-5.084073543548583984e-02,-4.064644128084182739e-02,-2.571943029761314392e-02,-7.673737406730651855e-02,6.877265870571136475e-02,-2.794210016727447510e-01,-7.532862573862075806e-02,2.124367654323577881e-02,1.700932085514068604e-01,-9.013118222355842590e-03,7.376763969659805298e-02,1.253450363874435425e-01,-1.604155749082565308e-01,1.455105692148208618e-01,8.407952263951301575e-03,-7.497519254684448242e-02,4.026298969984054565e-02,-1.355732530355453491e-01,2.872824855148792267e-02,6.912419945001602173e-02,7.026021182537078857e-02,1.615908592939376831e-01,5.638259276747703552e-02,-7.748570293188095093e-02,-4.618125036358833313e-03,2.431808738037943840e-03,8.432129025459289551e-02,7.399187982082366943e-02,1.939622759819030762e-01,-7.840694859623908997e-03,-1.540488451719284058e-01,-1.467035850510001183e-03,-1.390370016451925039e-05,-1.044714823365211487e-01,5.252208933234214783e-02,8.235920220613479614e-02,-8.798424899578094482e-02,8.056922256946563721e-02,1.392178609967231750e-02,1.144974157214164734e-01,-1.011285092681646347e-02,1.047175303101539612e-01,-2.468615956604480743e-02,2.579822950065135956e-02,1.299569010734558105e-01,-1.805201545357704163e-02,1.995439976453781128e-01,9.985202550888061523e-02,7.060651481151580811e-02,-1.099645867943763733e-01,5.150731652975082397e-02,5.862340796738862991e-03,1.206229627132415771e-01,2.680001258850097656e-01,6.699017435312271118e-02,-2.976920455694198608e-03,5.695840343832969666e-02,5.097117274999618530e-02,-1.794041991233825684e-01,1.659640818834304810e-01,-3.005955368280410767e-02,7.979489862918853760e-02,1.006623059511184692e-01,2.232249677181243896e-01,-1.378361582756042480e-01,5.233405157923698425e-03,-1.341189490631222725e-03,-8.391238749027252197e-02,2.541892975568771362e-02,-1.054616346955299377e-01,2.022908069193363190e-02,-3.641049563884735107e-02,8.757300674915313721e-02,5.163993313908576965e-02,6.636447738856077194e-03,2.798665314912796021e-02,-3.178592072799801826e-03,-9.992995858192443848e-02,2.463604509830474854e-02,1.180239468812942505e-01,1.369004696607589722e-02,-8.354502916336059570e-02,-5.792835145257413387e-04,3.217069432139396667e-02,-4.092754423618316650e-02,-4.887959733605384827e-02,1.532236933708190918e-01,-1.685174368321895599e-02,-6.311886012554168701e-02,-3.219449520111083984e-02,4.959330335259437561e-02,-1.277590543031692505e-01,1.461668014526367188e-01,5.961629003286361694e-02,1.589755415916442871e-01,-1.263892799615859985e-01,3.807540610432624817e-02,-1.206258311867713928e-01,-1.664373874664306641e-01,1.064923405647277832e-01,-2.122657597064971924e-01,6.746576726436614990e-02,6.680101156234741211e-02,-4.185166209936141968e-02,7.760227471590042114e-02,-1.351053360849618912e-02,1.254979223012924194e-01,-8.359436877071857452e-03,7.192435115575790405e-02,8.115564286708831787e-02,2.120540244504809380e-03,-2.556016668677330017e-02,-2.062862366437911987e-01,3.649349091574549675e-03,-7.054461538791656494e-02,1.057844888418912888e-02,8.122637122869491577e-02,1.217170208692550659e-01,-1.981181949377059937e-01,-1.087932363152503967e-01,1.691532135009765625e-01,5.874912813305854797e-02,-1.985720917582511902e-02,1.473931670188903809e-01,-1.270675361156463623e-01,-7.176000624895095825e-03,-8.335327357053756714e-02,4.313494265079498291e-02,6.311020255088806152e-02,-4.762550443410873413e-02,1.357030719518661499e-01,-3.222692757844924927e-02,1.899935156106948853e-01,-1.807861775159835815e-01,-4.878527671098709106e-02,-1.428358256816864014e-01,-8.438964188098907471e-02,2.599635720252990723e-02,-2.559748888015747070e-01,1.480750739574432373e-01,7.463302463293075562e-02,-7.803823053836822510e-02,-2.192043326795101166e-02,1.004109978675842285e-01,-1.152705550193786621e-01,-2.711263895034790039e-01,5.143427476286888123e-02,-6.651356071233749390e-02,-1.095228344202041626e-01,-2.211540937423706055e-01,-7.513010501861572266e-02,-5.886324495077133179e-02,-1.995060592889785767e-01,9.129829704761505127e-02,1.398565471172332764e-01,-1.091679558157920837e-01,-8.645828813314437866e-02,-2.671997994184494019e-02,-4.509545117616653442e-02,1.120011880993843079e-02,-1.879837363958358765e-01,2.654010355472564697e-01,-3.373879194259643555e-02,-1.813328452408313751e-02,-4.228049889206886292e-02,-9.321859478950500488e-02,-4.792020842432975769e-02,2.495468407869338989e-02,2.131888121366500854e-01,-3.408862277865409851e-02,1.445228904485702515e-01,1.427408400923013687e-02
-1.463215202093124390e-01,1.020124033093452454e-01,1.835669577121734619e-02,2.314004600048065186e-01,-3.394072949886322021e-01,-1.661438643932342529e-01,2.651763856410980225e-01,8.285190165042877197e-02,-7.363054156303405762e-02,1.070479452610015869e-01,4.144014790654182434e-02,-6.784563511610031128e-02,5.749600753188133240e-02,-1.798586547374725342e-01,3.965188190340995789e-02,6.362751871347427368e-02,-3.165823221206665039e-02,7.884030789136886597e-02,4.797244817018508911e-02,1.230230405926704407e-01,-1.931997537612915039e-01,7.809858769178390503e-02,1.547390967607498169e-01,8.193784207105636597e-02,1.428377628326416016e-01,1.355939544737339020e-02,-1.480585187673568726e-01,-1.065523549914360046e-01,1.458202004432678223e-01,-6.777400523424148560e-02,4.503197502344846725e-03,-1.539888828992843628e-01,5.117230489850044250e-02,5.290736630558967590e-02,1.785167753696441650e-01,-8.642042428255081177e-02,5.150068178772926331e-02,9.150344133377075195e-02,-2.398347407579421997e-01,-8.478246629238128662e-02,-3.321023285388946533e-02,1.751149445772171021e-01,-7.681229710578918457e-02,2.118490189313888550e-01,-1.521877348423004150e-01,-7.423861324787139893e-02,-1.006604637950658798e-02,7.772679626941680908e-02,5.682908743619918823e-02,-2.600606381893157959e-01,-5.075780209153890610e-03,5.924602970480918884e-02,6.858322024345397949e-02,1.405196040868759155e-01,-3.038740716874599457e-02,-1.389244645833969116e-01,-2.953726425766944885e-02,-2.747441828250885010e-02,3.317720256745815277e-05,5.520180240273475647e-02,-7.872001826763153076e-02,1.919973343610763550e-01,-2.156197838485240936e-02,-6.751917302608489990e-02,1.148053035140037537e-01,-3.304721415042877197e-02,6.757159531116485596e-02,1.713007129728794098e-02,3.947855904698371887e-02,-1.802165359258651733e-01,1.060436367988586426e-01,1.266054958105087280e-01,6.479650735855102539e-02,-9.605094045400619507e-02,8.946204185485839844e-02,-8.479797095060348511e-02,-1.343464404344558716e-01,7.576469331979751587e-02,-3.157577812671661377e-01,1.962596327066421509e-01,-1.175663471221923828e-01,1.882807724177837372e-02,1.060149446129798889e-01,9.089962393045425415e-02,1.994801312685012817e-02,-4.306480661034584045e-02,7.577991485595703125e-02,-6.930884718894958496e-02,-1.871243566274642944e-01,1.402395032346248627e-02,-5.852586030960083008e-02,-1.079204902052879333e-01,-4.332994669675827026e-02,-8.911222219467163086e-03,-1.820931434631347656e-01,1.679497212171554565e-01,1.663884669542312622e-01,-4.844246432185173035e-02,2.816451713442802429e-02,-2.356480062007904053e-01,-4.564813897013664246e-02,5.532779917120933533e-02,-2.127099968492984772e-02,6.794420629739761353e-02,-1.150710694491863251e-02,-1.230214163661003113e-01,2.152255177497863770e-02,-1.672821491956710815e-01,-2.071287184953689575e-01,2.598995715379714966e-02,-2.347559202462434769e-03,2.494620904326438904e-02,-2.716968208551406860e-02,8.434584736824035645e-02,-1.582681946456432343e-02,7.333078980445861816e-02,1.500651836395263672e-01,1.095925718545913696e-01,5.900848656892776489e-02,6.482139229774475098e-02,3.004870377480983734e-02,-1.007256656885147095e-01,-8.195093274116516113e-02,2.606399916112422943e-02,-4.375789314508438110e-02,-4.675776511430740356e-02,8.065319620072841644e-03,2.795782499015331268e-02,-2.298522889614105225e-01,-3.107382357120513916e-02,2.289085388183593750e-01,1.919860392808914185e-02,-1.161210015416145325e-01,4.641145467758178711e-02,-1.082903742790222168e-01,-1.282206326723098755e-01,-1.607166379690170288e-01,1.073785349726676941e-01,6.683179736137390137e-02,7.132060360163450241e-03,4.687913879752159119e-02,-1.230714917182922363e-01,-3.705253824591636658e-02,-4.520428366959095001e-03,-5.513620376586914062e-02,-1.005460321903228760e-01,5.350237339735031128e-02,1.441651675850152969e-02,-4.392360150814056396e-02,1.671869903802871704e-01,-2.624063566327095032e-02,-5.864569917321205139e-02,4.966413974761962891e-02,-8.245683461427688599e-02,1.040169671177864075e-01,-1.485393643379211426e-01,-1.972520053386688232e-01,-7.239714032039046288e-04,1.317890733480453491e-02,1.066090911626815796e-01,8.823466300964355469e-02,1.971359252929687500e-01,-1.432358007878065109e-02,-5.730650573968887329e-02,-1.204273626208305359e-01,-6.764020770788192749e-02,-8.565506339073181152e-02,2.007635124027729034e-02,1.806440879590809345e-03,-3.338992595672607422e-02,-4.899195209145545959e-02,-9.065670520067214966e-02,-1.912133395671844482e-01,-1.416997704654932022e-02,1.549009233713150024e-01,6.117655336856842041e-02,-6.217861548066139221e-02,-3.786027804017066956e-02,-1.016103550791740417e-01,-2.686084508895874023e-01,-1.111791580915451050e-01,5.778110772371292114e-02,-1.609881781041622162e-02
-3.686602413654327393e-02,-2.521261200308799744e-02,-2.532378956675529480e-02,-6.337571144104003906e-02,3.157142177224159241e-02,5.967647582292556763e-02,-6.631432473659515381e-02,4.200304672122001648e-02,-1.012075785547494888e-02,1.424485146999359131e-01,3.273673951625823975e-01,-2.065497785806655884e-01,-1.395828425884246826e-01,2.656367607414722443e-03,-5.407669767737388611e-02,-9.520617872476577759e-02,-1.893263310194015503e-01,-2.142745554447174072e-01,1.708843261003494263e-01,-1.154958754777908325e-01,-1.043725237250328064e-01,-3.089145123958587646e-01,8.039867877960205078e-02,1.279720067977905273e-01,1.425073593854904175e-01,-1.555721163749694824e-01,-2.113054841756820679e-01,1.842310726642608643e-01,1.631914451718330383e-02,-3.929815813899040222e-02,-1.256396528333425522e-02,2.727031335234642029e-02,5.603384599089622498e-02,-4.587535560131072998e-02,2.720400504767894745e-02,-5.740705877542495728e-02,3.243633359670639038e-02,7.373368740081787109e-02,2.433200739324092865e-02,-3.422258049249649048e-02,4.198489710688591003e-03,-2.847223542630672455e-02,4.164056852459907532e-03,1.618643701076507568e-01,-1.338679939508438110e-01,7.965147495269775391e-02,-1.120561361312866211e-01,-3.717050701379776001e-02,-8.483992516994476318e-02,-9.392271935939788818e-02,-1.260943561792373657e-01,-1.558888331055641174e-02,2.061921507120132446e-01,5.609435215592384338e-02,4.371789097785949707e-02,-6.433344446122646332e-03,2.245916111860424280e-04,-1.166175231337547302e-01,-4.656129982322454453e-03,2.271232567727565765e-02,6.352213770151138306e-02,-2.657460980117321014e-02,9.459391236305236816e-02,7.042380422353744507e-02,2.224371284246444702e-01,7.794389128684997559e-02,8.836062997579574585e-02,-3.163613006472587585e-02,1.457034144550561905e-02,5.794975161552429199e-02,-4.138112813234329224e-02,1.201442182064056396e-01,-3.898159042000770569e-02,-1.410067379474639893e-01,-1.672911942005157471e-01,1.281685829162597656e-01,9.459863603115081787e-02,-1.358231306076049805e-01,1.459450423717498779e-01,-3.823735937476158142e-02,1.062901783734560013e-02,-4.218092560768127441e-02,-3.779909014701843262e-02,1.914472691714763641e-02,-7.321993261575698853e-02,-2.477827072143554688e-01,-8.795557916164398193e-02,2.207891643047332764e-02,5.053932592272758484e-02,-1.892205029726028442e-01,-5.584975332021713257e-02,-2.173454910516738892e-01,-4.741249233484268188e-02,1.119950264692306519e-01,-7.783354818820953369e-02,-7.397474348545074463e-02,2.796983346343040466e-02,4.008457064628601074e-02,7.361246389336884022e-04,-9.448774904012680054e-02,-7.485798746347427368e-02,9.469136595726013184e-02,-6.777770072221755981e-02,-5.376466363668441772e-02,-2.003220319747924805e-01,2.870898321270942688e-02,5.131197348237037659e-02,4.330730065703392029e-02,-6.457643583416938782e-03,-9.794963151216506958e-02,-5.177715793251991272e-02,5.178550630807876587e-02,5.245523527264595032e-02,8.617759495973587036e-02,3.559266403317451477e-02,-1.140798553824424744e-01,-1.104838326573371887e-01,8.663608133792877197e-02,1.345002949237823486e-01,5.565831065177917480e-02,1.920845173299312592e-02,-3.695625811815261841e-02,-1.611204296350479126e-01,-6.838470231741666794e-03,-2.681463025510311127e-02,7.533365488052368164e-02,-7.012872397899627686e-02,2.716061845421791077e-02,2.773191221058368683e-02,1.189234945923089981e-02,8.859205991029739380e-03,2.913381904363632202e-03,-1.664962172508239746e-01,-5.020807683467864990e-02,-2.579567488282918930e-03,-2.618462592363357544e-02,4.603979736566543579e-02,-4.891108255833387375e-03,-4.955793172121047974e-02,-1.043364629149436951e-01,-1.289825048297643661e-02,-3.937566280364990234e-02,5.059293471276760101e-03,2.567250095307826996e-02,5.903882905840873718e-02,9.774355217814445496e-03,1.175022572278976440e-01,1.779428422451019287e-01,-1.444659680128097534e-01,1.902524232864379883e-01,-2.778100781142711639e-02,-1.787869632244110107e-02,-9.342553466558456421e-02,-8.805046230554580688e-02,8.939175307750701904e-02,-6.450805813074111938e-02,1.091526076197624207e-01,-9.064954519271850586e-02,-3.984896838665008545e-02,-9.434075653553009033e-02,2.526268176734447479e-02,5.409169942140579224e-02,-8.408102393150329590e-02,9.986452013254165649e-02,-1.996402814984321594e-02,-1.226137485355138779e-02,-1.525461021810770035e-02,-4.267977178096771240e-02,-8.306621760129928589e-02,7.441224157810211182e-02,4.908556863665580750e-02,-1.022334247827529907e-01,-2.174421250820159912e-01,2.592559717595577240e-02,-8.482106029987335205e-02,7.510348409414291382e-02,3.711327677592635155e-03,3.784620389342308044e-02,7.631236314773559570e-02,-6.342014670372009277e-02,5.511419475078582764e-02,1.350465463474392891e-03,-1.406551301479339600e-01
2.317601591348648071e-01,8.348530530929565430e-02,2.784012444317340851e-02,3.096052445471286774e-03,3.957921639084815979e-02,2.679206058382987976e-02,-4.705681651830673218e-02,-1.061679050326347351e-01,8.791923522949218750e-02,-3.691352612804621458e-04,5.736959353089332581e-02,-3.887065947055816650e-01,8.710634708404541016e-02,-7.289806008338928223e-02,-1.519474685192108154e-01,-2.259850353002548218e-01,1.053934693336486816e-01,-5.116881430149078369e-02,5.883915722370147705e-02,4.667628183960914612e-02,4.143366217613220215e-02,-7.131865620613098145e-02,-1.607718318700790405e-01,6.743229925632476807e-02,8.025535196065902710e-02,-4.996854811906814575e-02,5.533344298601150513e-02,6.060642749071121216e-02,-5.160423368215560913e-02,3.103260323405265808e-02,-1.064753755927085876e-01,-8.766574412584304810e-02,1.727369427680969238e-01,-1.382695883512496948e-01,-2.072096616029739380e-01,4.455752298235893250e-02,-1.181853637099266052e-01,-1.241324618458747864e-01,-9.550236910581588745e-02,9.483402222394943237e-02,4.611513391137123108e-02,1.930748112499713898e-02,1.065723598003387451e-01,-8.751191943883895874e-02,6.606800109148025513e-02,-3.669672831892967224e-02,8.162824809551239014e-02,-1.635009646415710449e-01,8.675800263881683350e-02,-1.859222948551177979e-01,-1.211186647415161133e-01,-4.946220293641090393e-02,5.115835368633270264e-02,-1.634762436151504517e-01,5.842310935258865356e-02,2.862819470465183258e-02,1.007587835192680359e-01,-6.910495460033416748e-02,4.052326083183288574e-02,1.895049512386322021e-01,7.475189049728214741e-04,-1.251789182424545288e-01,8.569230139255523682e-02,1.674644798040390015e-01,-8.271056413650512695e-02,-1.038305237889289856e-01,3.051975369453430176e-02,3.114761784672737122e-02,-7.785496115684509277e-02,-2.353357672691345215e-01,8.963442593812942505e-02,1.782521456480026245e-01,-4.457071423530578613e-03,-9.369045495986938477e-02,-2.461360953748226166e-02,-3.523592278361320496e-02,-1.254657655954360962e-01,2.602380886673927307e-02,-9.303852857556194067e-05,-4.770457744598388672e-02,-4.785861819982528687e-02,-1.623366177082061768e-01,2.141755521297454834e-01,6.027843430638313293e-02,6.262210011482238770e-02,6.809859722852706909e-02,-4.929208010435104370e-02,4.542650282382965088e-02,1.183170676231384277e-01,8.102694898843765259e-02,1.925450190901756287e-02,-1.587419807910919189e-01,-3.065456449985504150e-01,-2.582254111766815186e-01,-1.348322480916976929e-01,1.819282621145248413e-01,8.698473870754241943e-02,-1.190471276640892029e-01,-1.214328110218048096e-01,-1.462892536073923111e-02,-9.278936311602592468e-03,2.024105787277221680e-01,-4.757520183920860291e-02,1.706735938787460327e-01,1.359706521034240723e-01,-1.197219863533973694e-01,-1.627593785524368286e-01,2.760829962790012360e-02,1.410756073892116547e-02,-4.450200125575065613e-02,3.465114533901214600e-02,2.903520464897155762e-01,-1.764553785324096680e-01,3.334667999297380447e-03,-4.552389029413461685e-03,-6.509761326014995575e-03,1.149457842111587524e-01,5.832530930638313293e-02,-1.363036781549453735e-01,1.039144024252891541e-01,9.402573108673095703e-02,7.232528179883956909e-03,-1.298429667949676514e-01,1.981908679008483887e-01,1.326003577560186386e-02,9.053007513284683228e-02,8.881125599145889282e-02,7.733837515115737915e-02,4.580085352063179016e-02,-1.096294149756431580e-01,-4.294812679290771484e-02,-6.673053652048110962e-02,1.963722892105579376e-02,-4.641151055693626404e-02,-5.865451693534851074e-02,1.860745549201965332e-01,-1.692437380552291870e-01,-5.368729680776596069e-02,1.238225176930427551e-01,-7.449908554553985596e-02,-8.551169931888580322e-02,-7.024081423878669739e-03,-7.361830770969390869e-02,-5.679434537887573242e-02,1.249512061476707458e-01,4.855154082179069519e-03,-1.300777588039636612e-02,1.211186796426773071e-01,-7.466260343790054321e-02,-1.504997257143259048e-02,6.334451586008071899e-02,1.978644281625747681e-01,-9.866359084844589233e-02,1.218712925910949707e-01,-7.890968024730682373e-02,-5.511681549251079559e-03,3.622685745358467102e-02,1.977134495973587036e-01,6.806722283363342285e-02,1.364099681377410889e-01,-1.060353443026542664e-01,-5.798193812370300293e-02,4.240591451525688171e-02,1.168735176324844360e-01,-9.503981471061706543e-02,1.211605221033096313e-02,4.438680410385131836e-02,3.152731806039810181e-02,3.241292014718055725e-02,9.511151164770126343e-02,-3.360476344823837280e-03,-1.117719188332557678e-01,1.322768032550811768e-01,-9.686392545700073242e-02,-1.121908128261566162e-01,-5.553074646741151810e-03,-5.689651705324649811e-03,2.506447024643421173e-02,-9.112645685672760010e-02,2.612855434417724609e-01,1.722230389714241028e-02,-7.718940824270248413e-02,6.247619539499282837e-02
-2.447914890944957733e-02,-1.043438240885734558e-01,3.367852047085762024e-02,-9.418884664773941040e-02,2.856973186135292053e-02,1.029632017016410828e-01,6.772299110889434814e-02,3.564620390534400940e-02,-2.913229912519454956e-02,-2.900955080986022949e-01,1.618097424507141113e-01,1.152832247316837311e-02,-6.063901260495185852e-02,-4.323038831353187561e-02,-9.511128813028335571e-02,-8.412760496139526367e-02,2.353305928409099579e-02,-7.529230415821075439e-02,-8.193936944007873535e-02,-7.928950339555740356e-02,-1.857044398784637451e-01,1.560813337564468384e-01,-2.159245684742927551e-02,4.353100899606943130e-03,4.799870029091835022e-02,1.467036306858062744e-01,-1.155693177133798599e-02,3.495387360453605652e-02,2.935087084770202637e-01,-5.098311975598335266e-02,-7.343525439500808716e-02,-2.059114277362823486e-01,-9.134934283792972565e-03,1.605740189552307129e-01,-2.694677375257015228e-02,7.193771749734878540e-02,-1.547110378742218018e-01,-7.470674067735671997e-02,2.003611437976360321e-02,-2.696906924247741699e-01,-1.461014058440923691e-02,9.169375151395797729e-02,-1.428662538528442383e-01,-1.500765606760978699e-02,-1.726058870553970337e-01,1.599151045083999634e-01,-2.292981594800949097e-01,-4.174366220831871033e-02,1.044115945696830750e-01,8.844219148159027100e-02,6.906970590353012085e-02,6.622388958930969238e-02,-7.255066186189651489e-02,4.827923327684402466e-02,-5.563351511955261230e-02,4.477914050221443176e-02,5.984788015484809875e-02,-1.667989045381546021e-02,-1.037838235497474670e-01,8.025503158569335938e-02,-2.278205752372741699e-01,2.613014914095401764e-02,-1.375988777726888657e-02,-6.761728227138519287e-02,-9.456822276115417480e-02,-3.225541859865188599e-02,3.305185586214065552e-02,2.846999838948249817e-02,4.336245730519294739e-02,-1.053185164928436279e-01,-2.931460179388523102e-02,-1.145055815577507019e-01,1.050175428390502930e-01,-1.545973271131515503e-01,-4.686074331402778625e-02,-1.918488442897796631e-01,-8.609008789062500000e-02,-1.296742707490921021e-01,2.429375797510147095e-02,3.589509427547454834e-02,1.358373910188674927e-01,-1.064899489283561707e-01,4.595974087715148926e-01,6.683273613452911377e-02,4.590913653373718262e-02,5.317396670579910278e-02,2.114724069833755493e-01,-9.818434715270996094e-02,3.615579009056091309e-02,4.809446632862091064e-02,9.400535374879837036e-02,2.393649816513061523e-01,1.125809773802757263e-01,-2.665997482836246490e-02,1.182525083422660828e-01,-3.507258594036102295e-01,-3.213930130004882812e-02,-8.507071994245052338e-03,-5.666383355855941772e-02,1.074478477239608765e-01,6.639356911182403564e-02,-2.228798903524875641e-02,7.996721565723419189e-02,-9.270161390304565430e-02,5.847867578268051147e-02,-1.213007327169179916e-02,1.074037421494722366e-02,-1.200118511915206909e-01,-6.861970573663711548e-02,3.922841511666774750e-03,-4.646310117095708847e-03,3.164765238761901855e-01,-7.755241822451353073e-03,-4.613040760159492493e-02,1.104973703622817993e-01,-9.331559389829635620e-02,1.179511472582817078e-02,1.376475859433412552e-02,7.902536541223526001e-02,6.240583956241607666e-02,-6.520518660545349121e-02,4.479428380727767944e-02,-9.124600887298583984e-02,-6.362563371658325195e-02,2.592696063220500946e-02,2.217153906822204590e-01,5.754415318369865417e-02,6.787054985761642456e-02,-1.208123378455638885e-02,6.942736357450485229e-02,6.077595427632331848e-02,6.614196300506591797e-02,1.852827668190002441e-01,9.743039309978485107e-02,1.318288967013359070e-03,8.882472664117813110e-02,4.740479961037635803e-02,-1.797553002834320068e-01,-1.404102295637130737e-01,5.983489006757736206e-02,1.294445991516113281e-01,-4.626637324690818787e-02,3.953851014375686646e-02,1.071936860680580139e-01,-6.785234436392784119e-03,9.445044398307800293e-02,-6.510176509618759155e-02,4.187227692455053329e-03,-1.663842648267745972e-01,-8.435394614934921265e-02,-1.566717326641082764e-01,-2.589465677738189697e-01,-4.450851678848266602e-02,1.114154905080795288e-01,-1.993499100208282471e-01,-5.669425055384635925e-02,-1.582646667957305908e-01,-2.995125204324722290e-02,-7.726202905178070068e-02,9.491904079914093018e-02,9.315577335655689240e-03,-6.927743554115295410e-02,2.429522424936294556e-01,-7.406637817621231079e-02,-7.774335145950317383e-02,1.337686367332935333e-02,4.320890083909034729e-02,-1.094710826873779297e-02,-5.456232279539108276e-02,4.983902275562286377e-01,1.281226575374603271e-01,-9.890162199735641479e-02,-7.544027268886566162e-02,7.414851337671279907e-02,-1.621869504451751709e-01,-6.087019573897123337e-03,6.238835677504539490e-02,-1.078789234161376953e-01,1.458405852317810059e-01,-8.962038159370422363e-02,3.916754201054573059e-02,7.147438824176788330e-02,-1.367394775152206421e-01
-2.521926071494817734e-03,1.142974048852920532e-01,-7.154249399900436401e-02,4.820361209567636251e-05,-1.030510067939758301e-01,6.889669597148895264e-02,-4.188524908386170864e-04,-6.690478324890136719e-02,2.547840774059295654e-02,-6.862849742174148560e-02,-8.639009296894073486e-02,1.998070180416107178e-01,-7.941977679729461670e-02,-1.795693673193454742e-02,-2.240834943950176239e-02,-3.526408970355987549e-02,3.938427940011024475e-02,2.834038734436035156e-01,1.644307374954223633e-01,7.324720174074172974e-02,-7.721126824617385864e-02,-1.106551513075828552e-01,3.591826558113098145e-02,-9.787923097610473633e-02,1.201468631625175476e-01,1.086199432611465454e-01,2.356027625501155853e-02,-2.018053382635116577e-01,-5.524739250540733337e-02,-6.634695082902908325e-02,-1.638765186071395874e-01,2.703541703522205353e-02,-7.339140772819519043e-02,-5.118661373853683472e-02,9.548150002956390381e-02,1.222350355237722397e-02,3.139759972691535950e-02,-2.217448651790618896e-01,-3.546522557735443115e-02,2.302288077771663666e-02,-1.700774021446704865e-02,-1.309667378664016724e-01,1.408288180828094482e-01,4.138726368546485901e-02,6.037126481533050537e-02,2.335334755480289459e-02,-2.014251425862312317e-02,-4.898176342248916626e-02,1.552600264549255371e-01,-6.267539411783218384e-02,-1.858376115560531616e-01,2.484731189906597137e-02,2.430388927459716797e-01,-1.529182940721511841e-01,4.964618012309074402e-03,-7.722884416580200195e-02,1.472177803516387939e-01,-4.203705862164497375e-02,-5.423800647258758545e-02,-1.837995797395706177e-01,1.472728848457336426e-01,1.053606793284416199e-01,-4.393688216805458069e-02,7.738405466079711914e-02,-6.247756257653236389e-02,9.041436761617660522e-02,-1.004127040505409241e-02,-7.403507083654403687e-02,4.578295350074768066e-02,-9.198156744241714478e-02,-1.343759745359420776e-01,5.485504865646362305e-02,8.955858647823333740e-02,-1.587058417499065399e-02,-1.162361353635787964e-01,1.558810621500015259e-01,8.346219547092914581e-03,2.221199683845043182e-02,-6.066329404711723328e-02,-1.872431635856628418e-01,-5.022019520401954651e-02,-4.701511189341545105e-02,3.245521187782287598e-01,1.974505372345447540e-02,-1.824106872081756592e-01,1.763733178377151489e-01,-2.064158767461776733e-01,-2.760784886777400970e-02,6.480984389781951904e-02,6.525969505310058594e-02,-8.783994615077972412e-02,1.364350467920303345e-01,5.912477150559425354e-02,8.996617048978805542e-02,1.104782298207283020e-01,-9.720754623413085938e-02,-5.386167764663696289e-02,-3.230546042323112488e-02,-4.372779652476310730e-02,-1.342063397169113159e-01,-4.224712029099464417e-02,8.511836826801300049e-02,3.996884450316429138e-03,-1.277899891138076782e-01,1.350327879190444946e-01,-5.909834057092666626e-03,2.045339494943618774e-01,-2.153553962707519531e-01,6.407715380191802979e-02,-8.585841208696365356e-02,-1.682798564434051514e-01,3.731712996959686279e-01,-1.820247769355773926e-01,-1.132537424564361572e-01,-2.660400606691837311e-02,2.643212489783763885e-02,-9.628296643495559692e-02,6.361218541860580444e-02,-1.452562958002090454e-01,2.162028104066848755e-01,-1.698849946260452271e-01,9.961005300283432007e-02,8.879409730434417725e-02,-6.154031679034233093e-02,9.342230856418609619e-02,1.449742726981639862e-02,2.464587613940238953e-02,5.435806140303611755e-02,-2.298920601606369019e-02,-3.305620327591896057e-02,-8.866965770721435547e-03,-3.597056865692138672e-02,6.544475257396697998e-02,4.110243171453475952e-03,-2.367831319570541382e-01,-1.414310187101364136e-01,-1.305783092975616455e-01,-7.511176168918609619e-02,8.044421672821044922e-02,6.995442509651184082e-02,1.290695816278457642e-01,3.193295001983642578e-02,-1.250373385846614838e-02,-3.193467482924461365e-02,-8.277509361505508423e-02,-6.889162957668304443e-02,-6.817550212144851685e-02,-1.044091507792472839e-01,-1.976445131003856659e-02,-7.339429110288619995e-02,2.108997479081153870e-02,1.000579521059989929e-01,-4.186181351542472839e-02,-9.612544625997543335e-02,-5.045888572931289673e-02,3.536684811115264893e-02,2.044325023889541626e-01,1.663335710763931274e-01,5.762317031621932983e-02,5.074145272374153137e-02,3.257558867335319519e-02,9.813705831766128540e-02,2.096587605774402618e-02,8.690132200717926025e-02,1.018200889229774475e-01,-9.943788498640060425e-02,6.612274795770645142e-03,1.090186163783073425e-01,1.162279956042766571e-02,4.511634111404418945e-01,-1.662492752075195312e-01,3.775342553853988647e-02,7.873339951038360596e-02,2.869940735399723053e-02,1.182789951562881470e-01,5.277475714683532715e-02,-1.555776894092559814e-01,-1.058780401945114136e-01,-3.377259522676467896e-02,-1.262949854135513306e-01,1.981170661747455597e-02,-4.236194770783185959e-03,-5.994655936956405640e-02
1.691107302904129028e-01,1.999166905879974365e-01,-1.117216497659683228e-01,-5.446871742606163025e-02,-5.473872646689414978e-02,1.271270494908094406e-02,-5.427552759647369385e-02,-2.447972446680068970e-01,1.229727193713188171e-01,-5.678405612707138062e-02,-2.089191526174545288e-01,-1.020989120006561279e-01,-3.460051864385604858e-02,-1.541441977024078369e-01,1.028338223695755005e-01,-1.301001906394958496e-01,-1.393159031867980957e-01,2.206648699939250946e-02,1.035969890654087067e-02,-3.903498128056526184e-02,-4.320220649242401123e-02,8.141236007213592529e-02,-1.197694987058639526e-01,1.757407784461975098e-01,1.414395682513713837e-02,-6.378593295812606812e-02,-4.645575210452079773e-02,-1.865654140710830688e-01,-5.032820254564285278e-02,1.006585061550140381e-01,6.257180869579315186e-02,2.060579508543014526e-01,2.232460305094718933e-02,1.465444564819335938e-01,-1.355092972517013550e-01,1.032576858997344971e-01,-2.709985077381134033e-01,-3.499845042824745178e-02,7.562763243913650513e-02,1.255275160074234009e-01,3.357885405421257019e-02,-3.185544162988662720e-02,8.194492757320404053e-02,-1.239460892975330353e-02,1.437773108482360840e-01,-4.539466276764869690e-02,-2.627275697886943817e-02,-7.075674086809158325e-02,6.785761564970016479e-02,-1.712706089019775391e-01,-1.927449740469455719e-02,1.161701381206512451e-01,-5.505123361945152283e-02,-6.614134181290864944e-03,9.721732884645462036e-02,-1.576399989426136017e-02,1.453767865896224976e-01,-1.875896900892257690e-01,-8.543469011783599854e-03,1.580576151609420776e-01,7.061650604009628296e-02,-1.574910432100296021e-01,-3.437578910961747169e-03,-3.452564477920532227e-01,-1.094570755958557129e-01,5.190028250217437744e-02,-2.651420980691909790e-02,-3.506986051797866821e-02,6.872320175170898438e-02,9.951982647180557251e-02,-1.060644760727882385e-01,-6.439654529094696045e-02,-1.287332624197006226e-01,-7.648926973342895508e-02,7.813405245542526245e-02,-5.121200159192085266e-02,-4.418771341443061829e-02,-4.125838726758956909e-02,1.990598589181900024e-01,1.005110219120979309e-01,1.186634451150894165e-01,-8.018784970045089722e-02,7.692566514015197754e-02,9.350137412548065186e-02,-2.045175433158874512e-01,-1.000118162482976913e-02,-7.955342531204223633e-02,-8.747355639934539795e-02,5.293319001793861389e-02,-1.355679482221603394e-01,-5.846735090017318726e-02,-9.312129765748977661e-02,1.031266301870346069e-01,4.838792607188224792e-02,5.639320984482765198e-02,2.432338595390319824e-01,1.598196923732757568e-01,-5.819894000887870789e-02,-1.155679598450660706e-01,-3.362399339675903320e-02,-3.276973068714141846e-01,-1.214768216013908386e-01,-1.186249107122421265e-01,-3.895047307014465332e-02,-2.370729856193065643e-02,-8.074112236499786377e-02,4.022059962153434753e-03,-3.827027976512908936e-03,4.669356718659400940e-02,-1.633712649345397949e-01,1.508539319038391113e-01,-6.298355013132095337e-02,1.989197172224521637e-02,-1.655068844556808472e-01,1.508501917123794556e-02,-1.298174858093261719e-01,-5.320790410041809082e-02,-1.710710823535919189e-01,1.163897812366485596e-01,-3.482449101284146309e-03,1.528270095586776733e-01,-5.640689656138420105e-02,-9.615252912044525146e-02,-1.587630361318588257e-01,-4.777607694268226624e-02,1.515344381332397461e-01,-2.563888393342494965e-02,6.572434306144714355e-02,-6.525807827711105347e-02,-3.029666468501091003e-02,-4.189201444387435913e-02,-9.808196872472763062e-02,2.523194998502731323e-03,2.103762328624725342e-01,1.697248034179210663e-02,6.411767750978469849e-02,-8.484822511672973633e-02,-1.212482973933219910e-01,-2.202465087175369263e-01,-4.329392313957214355e-02,7.493785023689270020e-02,2.242632769048213959e-02,-9.420469403266906738e-02,1.398550666635856032e-04,7.837728597223758698e-03,4.086723923683166504e-02,-1.289392709732055664e-01,-2.432962134480476379e-02,1.347589641809463501e-01,-5.499689653515815735e-02,-1.423047780990600586e-01,-1.629331149160861969e-02,2.020210325717926025e-01,-4.526669532060623169e-02,-4.037366062402725220e-02,-1.278195679187774658e-01,-1.087718680500984192e-01,2.213879972696304321e-01,3.441175073385238647e-02,-8.183722198009490967e-02,-2.807259559631347656e-02,-9.108611196279525757e-02,1.252074390649795532e-01,-6.510731577873229980e-02,5.938630551099777222e-02,1.866659224033355713e-01,-5.599016696214675903e-02,6.325011700391769409e-02,-1.320023089647293091e-01,8.375544100999832153e-02,4.678133502602577209e-02,-1.296496987342834473e-01,3.583917394280433655e-02,1.512751681730151176e-03,-1.749446392059326172e-01,2.790812030434608459e-02,-6.231895089149475098e-02,-6.426802277565002441e-02,1.483121067285537720e-01,-7.974863052368164062e-02,-2.780728973448276520e-02,2.405573055148124695e-02,5.017872527241706848e-02
-1.292286068201065063e-01,2.077124267816543579e-01,2.890787145588546991e-04,9.286598116159439087e-02,6.009145453572273254e-02,3.957028687000274658e-02,4.333255439996719360e-02,2.037093788385391235e-01,-9.055696427822113037e-02,-1.400193125009536743e-01,-2.044042944908142090e-02,1.118630841374397278e-01,3.838591873645782471e-01,7.583326846361160278e-02,1.376983970403671265e-01,7.048146426677703857e-02,-1.197843719273805618e-02,6.733905524015426636e-02,-6.305632740259170532e-02,-1.480544954538345337e-01,-2.636084705591201782e-02,1.536813378334045410e-02,-2.397426962852478027e-02,1.554027199745178223e-02,6.584382802248001099e-02,8.247557096183300018e-03,-8.625695854425430298e-02,1.510509997606277466e-01,-1.618832722306251526e-02,1.481672227382659912e-01,2.002721726894378662e-01,5.730526149272918701e-02,-5.504391342401504517e-02,8.518011868000030518e-02,2.586335316300392151e-02,-5.424983054399490356e-02,-6.270084530115127563e-02,5.985201522707939148e-02,-5.140917841345071793e-03,5.230100825428962708e-03,9.064805507659912109e-02,2.795359678566455841e-02,5.429974198341369629e-02,-1.104047521948814392e-02,-1.792766340076923370e-02,1.463591009378433228e-01,-5.658896267414093018e-02,6.934335082769393921e-02,3.875289857387542725e-02,1.051494851708412170e-01,-3.450414538383483887e-02,-1.575576663017272949e-01,-1.546448841691017151e-02,-1.457428336143493652e-01,1.025380641222000122e-01,-1.445693522691726685e-01,3.668743371963500977e-02,-1.932590454816818237e-02,5.353035405278205872e-02,-2.335568219423294067e-01,1.094974949955940247e-01,-6.086072325706481934e-02,8.233439922332763672e-02,-2.209577150642871857e-02,-3.072340972721576691e-02,1.662754081189632416e-02,2.658697590231895447e-02,-4.952468350529670715e-02,-2.037850581109523773e-02,-5.186389014124870300e-02,3.395383711904287338e-03,3.935402631759643555e-02,-1.349570900201797485e-01,6.814714521169662476e-02,-4.684267938137054443e-02,2.294557914137840271e-02,1.971643716096878052e-01,3.419171646237373352e-02,-3.572200238704681396e-02,9.379278123378753662e-02,1.130717992782592773e-01,-1.224210783839225769e-01,7.171022240072488785e-03,-2.205568552017211914e-01,1.204217970371246338e-01,4.496647045016288757e-02,-1.298608491197228432e-03,-7.903306931257247925e-02,8.452808856964111328e-02,1.047199219465255737e-01,-6.648921966552734375e-02,5.598659161478281021e-03,-6.495758146047592163e-02,3.300268203020095825e-02,-1.562708020210266113e-01,-1.513036340475082397e-01,3.358101099729537964e-02,2.710032463073730469e-02,2.117972075939178467e-02,4.242850095033645630e-02,-4.384357854723930359e-02,-2.835955098271369934e-02,7.316413521766662598e-02,-1.139716282486915588e-01,1.381506323814392090e-01,-1.952060014009475708e-01,-3.106446936726570129e-02,3.506979346275329590e-02,8.844038844108581543e-02,-9.486953914165496826e-02,-2.769716456532478333e-02,1.864002831280231476e-02,-1.051385328173637390e-01,-1.379702985286712646e-01,-7.708253711462020874e-02,1.285281218588352203e-02,5.250282958149909973e-02,-3.631565719842910767e-02,-4.923561587929725647e-02,-8.370438218116760254e-02,2.381227165460586548e-01,8.368670195341110229e-02,1.394697427749633789e-01,-7.887107133865356445e-02,-2.050540298223495483e-01,7.779034785926342010e-03,-6.856288760900497437e-02,-1.032035276293754578e-01,2.028322406113147736e-02,4.530415311455726624e-02,-1.265904866158962250e-02,7.225225120782852173e-02,2.934622168540954590e-01,-3.578086197376251221e-02,1.384121477603912354e-01,2.578297443687915802e-02,-1.184673681855201721e-01,-5.969014484435319901e-03,-1.651504039764404297e-01,5.319852754473686218e-02,5.580012127757072449e-02,9.050340205430984497e-02,6.385029107332229614e-02,8.113114535808563232e-02,-1.419099122285842896e-01,2.216692641377449036e-02,3.924365714192390442e-02,-4.786408320069313049e-02,-5.159968882799148560e-02,5.208645947277545929e-03,5.658521875739097595e-02,-7.178585231304168701e-02,1.394753456115722656e-01,5.920769274234771729e-02,8.977172523736953735e-02,8.670820295810699463e-02,-9.078557044267654419e-02,-6.686097383499145508e-02,8.083482086658477783e-02,1.459303498268127441e-01,-7.746468484401702881e-02,4.883060604333877563e-02,9.071965515613555908e-02,-8.809033781290054321e-02,-1.550613790750503540e-01,-1.907702535390853882e-01,-8.612680435180664062e-02,3.038000129163265228e-02,-7.033054530620574951e-02,1.539125945419073105e-02,5.351847782731056213e-02,-1.879429519176483154e-01,-1.467185467481613159e-01,-2.889802865684032440e-02,1.766667068004608154e-01,2.218969538807868958e-02,-4.388893395662307739e-02,7.506765425205230713e-02,-8.706673234701156616e-02,-1.935667544603347778e-01,5.305252596735954285e-02,9.337596595287322998e-02,1.895790398120880127e-01
4.096891731023788452e-02,6.239240244030952454e-02,7.151925005018711090e-03,7.564821094274520874e-02,4.089934378862380981e-02,1.483341157436370850e-01,4.696378856897354126e-02,7.127867639064788818e-02,-5.867298692464828491e-02,8.405873179435729980e-02,-1.436728090047836304e-01,2.262793714180588722e-03,-1.877435483038425446e-02,-3.608088567852973938e-02,7.938271015882492065e-02,-8.648768812417984009e-02,-1.476565450429916382e-01,-1.198935955762863159e-01,1.012656912207603455e-01,-3.136760368943214417e-02,1.603776961565017700e-02,6.808818876743316650e-02,-1.021649837493896484e-01,-7.474774960428476334e-03,6.402028258889913559e-03,-6.610265932977199554e-03,-2.290185075253248215e-03,-3.186817746609449387e-03,5.226536095142364502e-02,3.842898085713386536e-02,2.003524452447891235e-01,-2.131745219230651855e-02,-1.281872391700744629e-02,1.737036108970642090e-01,1.841818541288375854e-02,1.504263877868652344e-01,1.873491331934928894e-02,-1.780331507325172424e-02,-1.973368376493453979e-01,3.110326081514358521e-02,2.102017253637313843e-01,-3.329525515437126160e-02,-1.304393112659454346e-01,-1.452983450144529343e-02,4.659052193164825439e-02,6.938869506120681763e-02,6.273335963487625122e-02,-1.358915679156780243e-02,1.593384146690368652e-02,-6.654392927885055542e-02,8.851888030767440796e-02,2.632365226745605469e-01,-2.054925858974456787e-01,7.056624162942171097e-03,7.162002474069595337e-02,7.904262281954288483e-03,5.446470901370048523e-02,-2.947175502777099609e-02,4.666723310947418213e-03,-2.413397282361984253e-02,1.312966737896203995e-02,-9.191152453422546387e-02,-6.479085236787796021e-02,1.163397431373596191e-01,2.287690341472625732e-01,-6.706526130437850952e-02,-2.408421225845813751e-02,-1.003175899386405945e-01,-1.714687943458557129e-01,7.684773206710815430e-02,9.920305758714675903e-02,-3.513900563120841980e-02,1.493168529123067856e-02,-8.166543394327163696e-02,7.064582407474517822e-02,2.376416139304637909e-02,7.612964510917663574e-02,3.436379879713058472e-02,3.470108285546302795e-02,1.343808919191360474e-01,2.364996075630187988e-02,-6.835687905550003052e-02,-6.611318793147802353e-03,5.116995424032211304e-02,1.690024742856621742e-03,4.942930117249488831e-02,-3.520096093416213989e-02,8.495070785284042358e-02,-6.207202002406120300e-02,5.312622338533401489e-02,-2.003427594900131226e-01,-3.022534586489200592e-02,7.471864670515060425e-02,-1.022966429591178894e-01,-1.206726115196943283e-02,2.055139467120170593e-02,-3.259725123643875122e-02,-1.005254462361335754e-01,-8.612085878849029541e-02,2.951816283166408539e-02,-2.846674025058746338e-01,5.597921088337898254e-03,3.462606575340032578e-03,-2.087423801422119141e-01,3.810394182801246643e-02,1.581649929285049438e-01,-1.482910811901092529e-01,1.424117479473352432e-02,-6.226946413516998291e-02,-2.110723555088043213e-01,1.402368396520614624e-01,1.048632785677909851e-01,-6.721942126750946045e-02,-3.637830913066864014e-02,1.429416686296463013e-01,1.721728593111038208e-01,-7.491574436426162720e-02,4.649340361356735229e-02,-1.319091953337192535e-02,-1.486191451549530029e-01,-2.601496689021587372e-02,-2.264025853946805000e-03,1.723215430974960327e-01,2.401213347911834717e-02,-5.464658886194229126e-02,6.717480719089508057e-02,3.682211041450500488e-02,4.614087939262390137e-02,-1.042870208621025085e-01,5.185764282941818237e-02,6.446965038776397705e-02,-5.807872861623764038e-02,1.332223787903785706e-02,-2.275017648935317993e-01,6.987530738115310669e-02,-4.675766453146934509e-02,1.291185766458511353e-01,1.138979271054267883e-01,1.352676898241043091e-01,-1.599208414554595947e-01,2.206453122198581696e-02,1.990484595298767090e-01,4.843984171748161316e-02,8.292404562234878540e-02,-7.102903723716735840e-02,-5.807677656412124634e-02,-3.467893926426768303e-03,1.857267320156097412e-01,8.593302220106124878e-02,-1.196740567684173584e-01,-1.704256981611251831e-03,-3.075228258967399597e-02,-4.562368616461753845e-02,7.668127119541168213e-02,-3.741600364446640015e-02,8.937597274780273438e-02,9.285450726747512817e-02,7.221930474042892456e-02,1.084147691726684570e-01,1.316446065902709961e-01,2.244314923882484436e-02,-5.531779676675796509e-02,1.142694875597953796e-01,3.521677106618881226e-02,1.773018389940261841e-01,-5.370651185512542725e-02,2.857511676847934723e-02,-2.881408855319023132e-02,-2.265849895775318146e-02,8.076996356248855591e-02,1.187307313084602356e-01,-9.291438758373260498e-02,6.599783152341842651e-02,7.776109129190444946e-02,8.491392433643341064e-02,5.289753526449203491e-02,1.054543480277061462e-01,1.369630098342895508e-01,-5.499647557735443115e-02,3.118594177067279816e-02,-8.773786574602127075e-02,4.128446057438850403e-02,-1.964512467384338379e-01
-6.959281861782073975e-03,-2.907459810376167297e-02,-6.023204699158668518e-02,8.951410651206970215e-02,6.958068162202835083e-02,-7.125786691904067993e-02,-4.341072589159011841e-02,8.991171419620513916e-02,-1.114359796047210693e-01,-3.242763876914978027e-02,-1.569016128778457642e-01,3.655252978205680847e-02,1.082641333341598511e-01,8.016369305551052094e-03,-6.280107796192169189e-02,8.877036720514297485e-02,-1.520094722509384155e-01,-7.716345787048339844e-02,-1.801562011241912842e-01,1.283747702836990356e-01,6.540250778198242188e-02,1.149847656488418579e-01,-4.458685591816902161e-02,1.788733154535293579e-02,1.403712481260299683e-01,2.040290385484695435e-01,-6.837128195911645889e-03,-6.022128276526927948e-03,3.408120945096015930e-02,6.368409097194671631e-02,4.032999277114868164e-05,-4.943796619772911072e-02,6.574960052967071533e-02,4.423171654343605042e-02,5.123125761747360229e-02,-7.295174896717071533e-02,1.279854327440261841e-01,6.698723137378692627e-02,-2.425282895565032959e-01,-1.114172711968421936e-01,2.464691363275051117e-02,-1.816622912883758545e-01,8.331115543842315674e-02,-6.214208900928497314e-02,-2.010830938816070557e-01,2.060141041874885559e-02,-1.213458403944969177e-01,6.142034381628036499e-02,-1.240064650774002075e-01,7.369122654199600220e-02,7.641927152872085571e-02,-1.345814485102891922e-02,-7.869996130466461182e-03,4.738755896687507629e-02,1.710516810417175293e-01,-3.774059563875198364e-02,-4.828504845499992371e-02,1.970140077173709869e-02,-1.913932710886001587e-02,1.962129771709442139e-01,8.936151117086410522e-02,-4.856457002460956573e-03,-8.582796901464462280e-02,1.180246025323867798e-01,3.891317918896675110e-02,-1.573856025934219360e-01,4.572706669569015503e-02,2.688925527036190033e-02,1.114788949489593506e-01,-4.654599726200103760e-02,-1.008487492799758911e-02,3.709631413221359253e-02,-1.882605850696563721e-01,6.313702324405312538e-04,1.310196369886398315e-01,-1.841964083723723888e-03,-1.072016917169094086e-02,8.469767868518829346e-02,-2.094154432415962219e-02,1.883834749460220337e-01,-7.551659643650054932e-02,4.919717088341712952e-02,-1.854591816663742065e-01,-9.210322797298431396e-02,2.866338193416595459e-01,1.229847595095634460e-01,5.179132148623466492e-02,-8.484969288110733032e-02,1.086140200495719910e-01,-4.086859896779060364e-02,6.755985319614410400e-02,1.284474730491638184e-01,-1.818297952413558960e-01,-1.226393226534128189e-02,-1.609334908425807953e-02,-1.207957640290260315e-01,-1.363995671272277832e-01,7.939604669809341431e-02,1.769690662622451782e-01,-1.939871907234191895e-02,1.099914610385894775e-01,2.110661268234252930e-01,-1.967109739780426025e-01,-2.122220695018768311e-01,1.008235439658164978e-01,-7.023201882839202881e-02,-1.420223340392112732e-02,-1.654193922877311707e-02,6.397593300789594650e-03,-1.869803816080093384e-01,-9.531074017286300659e-02,1.639557182788848877e-01,-8.496022224426269531e-02,-1.745058596134185791e-01,-1.244888175278902054e-02,1.134668737649917603e-01,-1.696316292509436607e-03,2.905870974063873291e-02,-6.586102396249771118e-02,-9.094742685556411743e-02,-4.394780471920967102e-02,-8.189067989587783813e-02,1.559778451919555664e-01,1.524058077484369278e-02,1.870068907737731934e-01,-1.407287418842315674e-01,6.255027651786804199e-02,-5.947815626859664917e-02,6.013854593038558960e-02,1.980423033237457275e-01,-1.429409235715866089e-01,-1.393912266939878464e-02,2.977408468723297119e-02,3.929015249013900757e-03,9.686833620071411133e-02,2.231829017400741577e-01,-1.440006792545318604e-01,-1.270213723182678223e-01,-3.204642236232757568e-02,9.841004014015197754e-02,8.075777441263198853e-02,9.014973789453506470e-02,7.819405943155288696e-02,9.115051478147506714e-03,-3.342796117067337036e-02,-4.466995969414710999e-02,-2.071458846330642700e-01,-1.505474448204040527e-01,-1.071023344993591309e-01,-1.181361749768257141e-01,-3.548509441316127777e-03,9.280916303396224976e-02,-1.108123734593391418e-01,-3.131380304694175720e-02,7.157827913761138916e-02,-6.487789005041122437e-02,7.832135260105133057e-02,-3.263062238693237305e-02,8.754786849021911621e-02,-1.317528188228607178e-01,-3.044488281011581421e-02,5.766347795724868774e-02,-8.677322417497634888e-03,1.377052664756774902e-01,6.301984935998916626e-02,1.373523497022688389e-03,-1.258458495140075684e-01,1.212742296047508717e-03,-3.919473290443420410e-02,9.118930250406265259e-02,1.167564317584037781e-01,6.976129859685897827e-02,-1.093054786324501038e-01,3.654671460390090942e-02,1.020746398717164993e-02,2.424724698066711426e-01,-9.132242202758789062e-02,-3.876891732215881348e-02,-9.888257086277008057e-02,2.879849262535572052e-02,6.372936815023422241e-02,1.718037948012351990e-02,-9.902781806886196136e-03
5.864129588007926941e-02,3.045006394386291504e-01,-6.457697600126266479e-02,-2.061234973371028900e-02,3.357040928676724434e-03,2.760204486548900604e-03,-4.019008949398994446e-02,-6.977787613868713379e-02,3.189827129244804382e-02,-3.766489028930664062e-01,-4.614629596471786499e-02,-1.598859876394271851e-01,-5.583715438842773438e-02,7.878831773996353149e-02,-1.660468429327011108e-01,5.483733117580413818e-02,-3.441448137164115906e-02,-6.065887585282325745e-02,-9.194336086511611938e-02,-3.694542124867439270e-02,1.271230876445770264e-01,9.994022548198699951e-02,-8.174242079257965088e-02,1.909677535295486450e-01,-9.116008877754211426e-03,-9.093553572893142700e-02,1.414844207465648651e-02,1.263526529073715210e-01,1.755531430244445801e-01,6.972991675138473511e-02,-2.663882076740264893e-01,-8.349390327930450439e-02,-1.617962121963500977e-01,3.192462609149515629e-04,-3.795636072754859924e-02,-1.177143454551696777e-01,2.549911104142665863e-02,-2.140333503484725952e-02,7.332932949066162109e-02,1.245536431670188904e-01,4.752039164304733276e-02,5.120117589831352234e-02,3.468338027596473694e-02,2.376230992376804352e-02,6.435084342956542969e-02,1.726593077182769775e-02,2.591500058770179749e-02,1.411545425653457642e-01,1.363637149333953857e-01,-3.609536960721015930e-02,-5.698629841208457947e-02,8.952271938323974609e-02,2.132441103458404541e-01,-2.041147835552692413e-02,-1.915301196277141571e-03,1.859232485294342041e-01,-1.651230305433273315e-01,-1.385891586542129517e-01,-1.474724411964416504e-01,1.817730069160461426e-02,-8.765775710344314575e-02,8.777321316301822662e-03,-1.525254547595977783e-01,7.546640187501907349e-02,-1.714353263378143311e-02,6.039581447839736938e-02,-9.482820518314838409e-03,-9.859557449817657471e-02,5.200777575373649597e-02,7.521878182888031006e-02,1.441115736961364746e-01,-1.722174584865570068e-01,8.635410666465759277e-02,-1.189887300133705139e-01,-6.247708573937416077e-03,-6.011450290679931641e-02,-8.270359039306640625e-02,-5.611721426248550415e-02,9.758145362138748169e-02,-1.350961327552795410e-01,-1.784983649849891663e-02,-2.181505225598812103e-02,6.500524878501892090e-01,2.084541320800781250e-02,-1.214777678251266479e-01,-2.812738064676523209e-03,-7.953444123268127441e-02,-2.822713553905487061e-02,-1.066043078899383545e-01,3.911945596337318420e-02,-4.636986181139945984e-02,6.499225646257400513e-02,2.844589054584503174e-01,-2.722432836890220642e-03,-1.643094234168529510e-02,1.060666050761938095e-03,-1.132866814732551575e-01,-7.226500660181045532e-02,4.628118127584457397e-02,1.639600843191146851e-02,1.850315928459167480e-02,8.872747421264648438e-02,1.312675923109054565e-01,-2.150328084826469421e-02,-3.068531490862369537e-02,-2.730120159685611725e-02,-1.014256477355957031e-01,1.091318801045417786e-01,-2.191815525293350220e-01,1.481813564896583557e-02,3.031477332115173340e-02,3.611236512660980225e-01,-1.779166460037231445e-01,1.363203208893537521e-02,5.740665271878242493e-02,1.643996536731719971e-01,6.811016798019409180e-02,4.548349231481552124e-02,-6.766128540039062500e-02,1.767303198575973511e-01,4.594128206372261047e-02,-5.932224541902542114e-02,-7.441771775484085083e-02,-1.577962189912796021e-01,-1.264482587575912476e-01,-6.891144812107086182e-02,-5.712190642952919006e-02,1.700408458709716797e-01,3.627698868513107300e-02,-9.973709285259246826e-02,-1.729006767272949219e-01,-6.122575327754020691e-02,-1.019516587257385254e-01,5.154344812035560608e-02,-8.963486552238464355e-02,6.623759400099515915e-04,6.421812623739242554e-02,-7.757031172513961792e-02,3.874641284346580505e-02,9.937874972820281982e-02,6.568693369626998901e-02,-1.456342041492462158e-01,-9.365729987621307373e-02,3.836446255445480347e-02,1.044948324561119080e-01,1.237067356705665588e-01,-2.290391735732555389e-02,-1.098471730947494507e-01,1.025767102837562561e-01,-9.841030836105346680e-02,-1.266018450260162354e-01,2.907719314098358154e-01,-4.280185326933860779e-02,-8.310171216726303101e-02,2.925982698798179626e-02,-4.165425151586532593e-02,-4.879530891776084900e-02,5.171381682157516479e-02,3.675434738397598267e-02,7.275371253490447998e-02,1.068422868847846985e-01,1.246942058205604553e-01,1.135844513773918152e-01,1.105792634189128876e-02,-1.125434115529060364e-01,-6.190032511949539185e-02,-4.924979433417320251e-02,3.222400322556495667e-02,1.244559660553932190e-01,3.648665845394134521e-01,-3.379792869091033936e-01,-5.440062284469604492e-02,2.499478608369827271e-01,1.031899545341730118e-02,-7.936067879199981689e-02,1.752254515886306763e-01,1.464744806289672852e-01,2.210525572299957275e-01,6.319539248943328857e-02,-1.953248083591461182e-01,-1.509493775665760040e-02,-5.353075452148914337e-03,9.855675697326660156e-02
-5.616352427750825882e-04,4.480620846152305603e-02,1.598365418612957001e-02,-1.001434773206710815e-01,-2.575872652232646942e-02,-5.218835175037384033e-02,1.965211480855941772e-01,5.789028853178024292e-02,-2.726489901542663574e-01,5.986914038658142090e-02,1.249865442514419556e-01,2.701925300061702728e-02,3.087468259036540985e-02,1.473490148782730103e-02,-7.235775142908096313e-02,1.973119191825389862e-02,1.441814750432968140e-01,-1.179149150848388672e-01,6.246901676058769226e-02,-1.607373729348182678e-02,2.280340343713760376e-01,7.489334791898727417e-02,1.461922656744718552e-02,3.875809162855148315e-02,2.349105477333068848e-02,-2.150402218103408813e-01,1.200347542762756348e-01,-1.624079793691635132e-01,-9.153062850236892700e-02,-9.417302906513214111e-02,2.383128255605697632e-01,8.774587512016296387e-02,-5.183665826916694641e-02,-3.839040547609329224e-02,-7.130447030067443848e-02,-1.088051404803991318e-02,2.910436876118183136e-02,1.033042278140783310e-02,-2.211060076951980591e-01,-7.122813910245895386e-02,5.284908413887023926e-02,-1.069518923759460449e-01,-7.493098825216293335e-02,1.262680292129516602e-01,-1.605234742164611816e-01,-1.010740250349044800e-01,-1.665690392255783081e-01,3.544665873050689697e-02,-3.839396685361862183e-02,2.353653013706207275e-01,-1.240726634860038757e-01,2.170755900442600250e-02,8.986947685480117798e-02,2.064657360315322876e-01,-1.246397420763969421e-01,-1.890130639076232910e-01,-4.885921627283096313e-02,8.621377497911453247e-02,-1.633004993200302124e-01,-9.468188136816024780e-02,1.334128826856613159e-01,-8.818072080612182617e-02,-8.946889638900756836e-02,1.657784916460514069e-02,6.252483278512954712e-02,-4.177331030368804932e-01,-6.379821151494979858e-02,7.680892944335937500e-02,-5.982640385627746582e-02,1.892003715038299561e-01,-3.543372452259063721e-02,1.239509508013725281e-02,1.064470708370208740e-01,5.066025257110595703e-02,-2.546922117471694946e-02,-2.571567893028259277e-02,-6.082611158490180969e-03,-2.695978619158267975e-02,-8.391001075506210327e-02,-1.026158556342124939e-01,-8.688574284315109253e-02,-1.827907860279083252e-01,-6.039576232433319092e-02,4.962377622723579407e-02,9.774911403656005859e-02,-6.393914669752120972e-02,5.634806305170059204e-02,2.002346664667129517e-01,-6.704179197549819946e-02,2.538508176803588867e-02,-9.940203279256820679e-02,1.885697394609451294e-01,4.342707991600036621e-02,7.668873667716979980e-02,-2.368754744529724121e-01,-2.687262892723083496e-01,1.523473858833312988e-02,-5.451159179210662842e-02,7.149095833301544189e-02,7.391844410449266434e-03,2.106440812349319458e-01,-1.844878345727920532e-01,1.342660188674926758e-01,-1.359878629446029663e-01,-1.395895928144454956e-01,-1.035904139280319214e-02,1.230604201555252075e-01,-2.395529150962829590e-01,-1.373296827077865601e-01,2.166827172040939331e-01,3.197290003299713135e-02,1.201511546969413757e-01,-1.063192412257194519e-01,6.528905034065246582e-02,3.372102603316307068e-02,5.056485906243324280e-02,1.479676961898803711e-01,-1.172292232513427734e-01,-8.066826499998569489e-03,-7.186079770326614380e-02,5.931445211172103882e-02,1.050442829728126526e-01,4.796449095010757446e-02,-1.767856068909168243e-02,3.781479969620704651e-02,-2.425179444253444672e-02,-5.018476769328117371e-02,-1.637428849935531616e-01,-1.059848349541425705e-02,-3.947019204497337341e-02,3.322883974760770798e-03,3.446913883090019226e-02,-2.860378473997116089e-02,-2.961028926074504852e-02,-5.014028400182723999e-02,-1.611370034515857697e-02,3.495506942272186279e-02,2.978705614805221558e-02,4.623628407716751099e-02,9.126830101013183594e-02,6.242205575108528137e-02,1.289827823638916016e-01,1.873874291777610779e-02,1.521842274814844131e-02,-1.641329973936080933e-01,8.907619863748550415e-02,-1.876194775104522705e-01,1.310571879148483276e-01,-7.094875723123550415e-02,1.850288063287734985e-01,-1.402014046907424927e-01,6.966409087181091309e-02,4.600772261619567871e-02,1.259765625000000000e-01,-1.546479761600494385e-01,-9.869121946394443512e-03,1.480544358491897583e-01,2.909022271633148193e-01,3.669914975762367249e-02,-1.623421907424926758e-01,-5.555854365229606628e-02,-3.393850754946470261e-03,-1.425700038671493530e-01,-4.942273721098899841e-02,1.086542531847953796e-01,-2.273539081215858459e-02,3.868448361754417419e-02,-7.018130272626876831e-02,1.293983906507492065e-01,-1.695657074451446533e-01,3.116602450609207153e-02,-8.316959440708160400e-02,2.828487381339073181e-02,3.541388735175132751e-02,-4.004827141761779785e-02,1.145025566220283508e-01,-1.148542240262031555e-01,4.229516908526420593e-02,4.842482507228851318e-02,3.355634585022926331e-02,8.643944561481475830e-02,7.510484755039215088e-02,5.561720207333564758e-02
-4.195104818791151047e-03,-5.636921897530555725e-02,-4.233881831169128418e-02,-3.400374948978424072e-02,-1.427448093891143799e-01,1.920833736658096313e-01,8.559630811214447021e-02,-8.465643972158432007e-02,-3.210981786251068115e-01,9.377023577690124512e-02,-6.056929752230644226e-02,-7.425627112388610840e-02,3.429255262017250061e-02,1.110246777534484863e-01,-1.522978395223617554e-01,-1.029396131634712219e-01,-2.515670843422412872e-02,7.415831834077835083e-02,2.409422397613525391e-02,1.852457672357559204e-01,1.206923183053731918e-02,-1.667398810386657715e-01,-2.624350786209106445e-02,-5.399530380964279175e-02,4.156628996133804321e-02,-2.035951167345046997e-01,-1.292643547058105469e-01,8.945034444332122803e-02,-9.496199339628219604e-02,-3.181795030832290649e-02,3.309800103306770325e-02,-3.000962315127253532e-03,-3.844585269689559937e-02,-1.064725965261459351e-01,-3.926133364439010620e-02,-1.047528162598609924e-02,-2.209793478250503540e-01,-8.906969428062438965e-02,1.064317151904106140e-01,-2.803642302751541138e-02,9.703149646520614624e-02,-1.044042855501174927e-01,2.280260771512985229e-01,3.033740818500518799e-02,1.240010038018226624e-01,5.754217877984046936e-02,1.633400171995162964e-01,4.872357845306396484e-02,-5.871911346912384033e-02,-2.220122516155242920e-02,-5.997203662991523743e-02,-1.528109163045883179e-01,3.925242274999618530e-02,-3.265333920717239380e-02,2.510059857740998268e-03,-7.354395091533660889e-02,-9.504770860075950623e-03,9.155914932489395142e-02,5.794345587491989136e-02,1.295068711042404175e-01,3.220872953534126282e-02,9.673317894339561462e-03,-1.960287988185882568e-02,-1.070306673645973206e-01,-2.435330115258693695e-02,-2.491806168109178543e-03,1.059073582291603088e-01,-1.066254377365112305e-01,3.035646490752696991e-02,-1.417066454887390137e-01,7.698355615139007568e-02,1.802154183387756348e-01,-1.649598181247711182e-01,6.934183090925216675e-02,-7.835096865892410278e-02,4.544985666871070862e-02,4.531024023890495300e-02,-3.973649069666862488e-02,5.477235838770866394e-02,-1.298612505197525024e-01,3.308142721652984619e-02,2.740433625876903534e-02,5.157355070114135742e-01,1.191948801279067993e-01,7.095933705568313599e-02,5.730316415429115295e-02,-1.585064106620848179e-03,6.322464346885681152e-02,6.760942190885543823e-02,-6.818131357431411743e-02,-7.279256731271743774e-02,1.914714276790618896e-01,-1.396678239107131958e-01,1.053431928157806396e-01,1.574046723544597626e-02,-1.336809247732162476e-01,-5.302523262798786163e-03,1.006594225764274597e-01,9.517824649810791016e-02,-1.889552175998687744e-01,-2.925478219985961914e-01,-3.535112738609313965e-02,7.938441634178161621e-02,2.076741680502891541e-02,1.694082021713256836e-01,-2.558289840817451477e-02,-1.023763567209243774e-01,2.990871900692582130e-03,2.890763431787490845e-02,1.105311885476112366e-01,-1.167959272861480713e-01,1.437243968248367310e-01,1.653109192848205566e-01,-2.175837010145187378e-02,-4.799404367804527283e-02,9.670828469097614288e-03,3.773549571633338928e-02,-3.171095624566078186e-02,-2.140118777751922607e-01,1.430225223302841187e-01,8.107902109622955322e-02,-3.500422835350036621e-02,1.681470125913619995e-01,-3.351931273937225342e-02,-1.303222328424453735e-01,-6.291098147630691528e-02,3.349532186985015869e-02,1.667498727329075336e-03,9.017563611268997192e-02,-4.080045595765113831e-02,1.593618839979171753e-01,2.164111882448196411e-01,1.718747429549694061e-03,-1.313961483538150787e-02,-1.240553855895996094e-01,-7.170858234167098999e-02,-1.743137538433074951e-01,3.131578862667083740e-02,1.246126443147659302e-01,1.493333280086517334e-01,-3.376138210296630859e-02,-1.981792151927947998e-01,1.236831322312355042e-01,-1.318505853414535522e-01,6.138265877962112427e-02,7.561548054218292236e-02,2.362547665834426880e-01,1.446567177772521973e-01,-2.178020775318145752e-01,-1.199299246072769165e-01,1.444985717535018921e-01,2.711492590606212616e-02,5.868287384510040283e-02,1.304199099540710449e-01,-1.960255652666091919e-01,-4.705377668142318726e-02,5.252991989254951477e-02,3.973360732197761536e-02,-5.218387022614479065e-02,-1.604781672358512878e-02,-1.462257951498031616e-01,-2.378341555595397949e-02,2.740890160202980042e-02,-6.306079775094985962e-02,1.394478678703308105e-01,5.920534953474998474e-02,8.638035506010055542e-02,2.366938441991806030e-02,1.295738574117422104e-02,2.997769415378570557e-01,-7.415920495986938477e-02,-1.228990927338600159e-01,4.224592819809913635e-02,-4.876347258687019348e-02,2.734928019344806671e-02,-7.733874768018722534e-02,-1.264209151268005371e-01,-2.443160489201545715e-02,1.203484311699867249e-01,-4.111024551093578339e-03,7.840199768543243408e-02,-1.339285448193550110e-02,-5.301753059029579163e-02
5.996256694197654724e-02,-1.235253512859344482e-01,7.366549223661422729e-02,-8.070206642150878906e-02,-2.284018546342849731e-01,-6.263398565351963043e-03,5.966254696249961853e-02,-1.988698542118072510e-02,1.282034069299697876e-01,-1.110986173152923584e-01,7.257570326328277588e-02,-6.683763861656188965e-02,4.672116041183471680e-02,3.095468506217002869e-02,-1.021291688084602356e-01,-8.161238394677639008e-03,2.630600892007350922e-02,-5.501228198409080505e-02,7.585611939430236816e-02,2.014900557696819305e-02,-4.202558100223541260e-02,7.926770299673080444e-02,1.189156025648117065e-01,-3.239523768424987793e-01,-6.075013801455497742e-02,1.932590603828430176e-01,5.765054747462272644e-02,1.240995377302169800e-01,1.059773117303848267e-01,3.086742013692855835e-02,5.670243501663208008e-02,7.629645615816116333e-02,-8.142803609371185303e-02,-2.128062769770622253e-02,1.062458604574203491e-01,-1.851169317960739136e-01,1.787901073694229126e-01,-4.772751778364181519e-02,-2.059513777494430542e-01,8.275621384382247925e-02,2.192146629095077515e-01,2.647582069039344788e-02,1.520868274383246899e-03,1.000986341387033463e-02,-1.424830704927444458e-01,-2.852894365787506104e-01,1.335966140031814575e-01,-8.047828823328018188e-02,2.923210710287094116e-02,-9.426339715719223022e-02,-2.132588252425193787e-02,-7.138181477785110474e-02,-3.471778333187103271e-02,9.331631474196910858e-03,-1.128071621060371399e-01,1.767566055059432983e-02,-2.644783444702625275e-02,1.831608116626739502e-01,7.008566707372665405e-02,-1.686485111713409424e-02,-1.956102810800075531e-02,3.266577050089836121e-02,4.509055241942405701e-02,3.445255756378173828e-02,-1.560717821121215820e-01,2.461010068655014038e-01,4.701017960906028748e-02,-8.761981129646301270e-02,-9.399244189262390137e-02,2.545635700225830078e-01,1.259497702121734619e-01,1.523132473230361938e-01,-2.173336297273635864e-01,2.291810959577560425e-01,1.572438478469848633e-01,4.793415591120719910e-02,1.339936405420303345e-01,-1.611883752048015594e-02,-1.137042120099067688e-01,-2.591780424118041992e-01,7.366009801626205444e-02,1.130403503775596619e-01,3.958947658538818359e-01,5.537519976496696472e-02,-3.042415529489517212e-02,-2.548492550849914551e-01,-8.479436859488487244e-03,1.599744856357574463e-01,-2.135347425937652588e-01,1.398883163928985596e-01,-3.599945455789566040e-02,-2.644728869199752808e-03,-1.729630827903747559e-01,6.708710640668869019e-02,8.859022706747055054e-02,-5.810318049043416977e-03,-2.201020158827304840e-02,7.799576967954635620e-02,-3.179199993610382080e-02,-1.054604128003120422e-01,-1.853908151388168335e-01,-5.683702230453491211e-02,1.661461591720581055e-01,-1.147959046647883952e-04,6.731066107749938965e-02,4.952879250049591064e-02,5.861394479870796204e-02,5.978645756840705872e-02,-1.872457936406135559e-02,-1.494958996772766113e-01,-5.606430768966674805e-02,4.246957004070281982e-01,-1.221700161695480347e-01,1.727310866117477417e-01,-1.395121123641729355e-02,1.617967039346694946e-01,1.193188652396202087e-01,3.963946178555488586e-02,3.345054388046264648e-02,3.287191390991210938e-01,1.401018500328063965e-01,2.929499186575412750e-02,-5.155586823821067810e-02,1.881601847708225250e-02,-1.282802522182464600e-01,-1.363902986049652100e-01,1.213537007570266724e-01,4.600330721586942673e-03,-7.867567986249923706e-02,-2.615932933986186981e-02,-1.158935111016035080e-02,1.030868142843246460e-01,-4.486431181430816650e-02,-2.023296616971492767e-02,-7.529425621032714844e-02,-1.821792125701904297e-01,1.939648240804672241e-01,1.029073968529701233e-01,-7.404104620218276978e-02,1.350625604391098022e-01,-1.249735802412033081e-01,4.424365982413291931e-02,9.744715876877307892e-03,-3.404641151428222656e-02,-7.987991720438003540e-02,6.635702401399612427e-02,-6.309689581394195557e-02,6.752323359251022339e-02,1.593274176120758057e-01,1.118850149214267731e-02,-1.067783087491989136e-01,-3.148077288642525673e-03,-3.702636063098907471e-02,-1.511548161506652832e-01,-8.204317092895507812e-02,2.398012392222881317e-02,-3.046267665922641754e-02,-1.564011164009571075e-02,5.392112955451011658e-02,7.391011714935302734e-02,-2.133328765630722046e-01,-7.971616089344024658e-02,7.794025540351867676e-02,7.509037852287292480e-02,6.375155597925186157e-02,-6.899546831846237183e-02,3.989330306649208069e-02,8.110501617193222046e-02,-8.052109181880950928e-02,4.195403158664703369e-01,4.849009588360786438e-02,-1.520776450634002686e-01,3.369097411632537842e-02,-8.366029709577560425e-03,-4.526606574654579163e-02,-7.861645519733428955e-02,-9.882997721433639526e-02,1.271620690822601318e-01,1.230236291885375977e-01,5.609714984893798828e-02,1.745919883251190186e-01,-1.120069399476051331e-01,-2.841599844396114349e-02
7.352484017610549927e-02,6.062097847461700439e-02,1.630740426480770111e-02,-2.207118645310401917e-02,-1.528762001544237137e-02,-1.322643309831619263e-01,1.199935562908649445e-02,3.728953003883361816e-02,2.658557705581188202e-02,7.463873177766799927e-02,-5.079686641693115234e-02,-4.027841612696647644e-02,1.704407930374145508e-01,-1.313439309597015381e-01,2.446351349353790283e-01,-9.346947073936462402e-02,1.976003870368003845e-02,-7.408842444419860840e-02,2.898456156253814697e-01,1.069456934928894043e-01,-2.750608883798122406e-02,1.905424743890762329e-01,-1.047342270612716675e-01,6.363078206777572632e-02,-1.037239879369735718e-01,-6.681365519762039185e-02,-7.411278039216995239e-02,-1.952078640460968018e-01,-3.580622747540473938e-02,-1.051616221666336060e-01,-1.825607419013977051e-01,1.027662977576255798e-01,8.316556364297866821e-02,1.532327383756637573e-01,2.835548110306262970e-02,-1.030199136584997177e-02,5.033825710415840149e-02,6.784188002347946167e-02,7.841780036687850952e-02,9.391014464199542999e-03,8.964793384075164795e-02,-1.019024662673473358e-02,-2.505994029343128204e-02,-1.773438006639480591e-01,-1.228465810418128967e-01,-1.616453230381011963e-01,4.495028406381607056e-02,1.046971976757049561e-01,-7.840890437364578247e-02,-9.662421792745590210e-02,1.237911060452461243e-01,-1.825280487537384033e-01,8.063113689422607422e-02,1.102204769849777222e-01,1.723036319017410278e-01,1.493760645389556885e-01,1.441495120525360107e-01,1.153448522090911865e-01,-8.931930176913738251e-03,9.269648045301437378e-02,-1.057560592889785767e-01,-9.085271507501602173e-02,-1.965399459004402161e-02,7.449205964803695679e-02,2.678251639008522034e-02,-2.855138853192329407e-02,8.212532848119735718e-02,-2.811104804277420044e-02,-2.297631837427616119e-02,1.255122572183609009e-01,2.640859410166740417e-02,-1.490512676537036896e-02,-4.137199372053146362e-02,1.518114190548658371e-02,-3.896625712513923645e-02,-6.490210443735122681e-02,-6.908573210239410400e-02,-3.532644733786582947e-02,-1.105945333838462830e-01,-8.147043734788894653e-02,3.863196447491645813e-02,-2.350372374057769775e-01,7.742893695831298828e-02,-5.625200644135475159e-02,1.694368384778499603e-02,5.623631924390792847e-02,-4.404183477163314819e-02,1.362337023019790649e-01,-2.199731469154357910e-01,2.083579003810882568e-01,-3.252479806542396545e-02,8.434548228979110718e-02,8.023872971534729004e-02,1.785660684108734131e-01,2.199069038033485413e-02,1.907781362533569336e-01,-6.297268718481063843e-02,1.627689599990844727e-01,-1.383451819419860840e-01,7.942527532577514648e-02,9.364990890026092529e-02,-2.084907442331314087e-01,-6.806733459234237671e-02,-2.259597554802894592e-02,-1.363983601331710815e-01,1.173751950263977051e-01,1.319825500249862671e-01,-5.206089839339256287e-02,-3.684362471103668213e-01,7.314027845859527588e-02,3.006473183631896973e-02,1.544485241174697876e-01,-1.260126382112503052e-01,1.135258655995130539e-02,9.038940817117691040e-02,-9.244013577699661255e-02,-5.996869131922721863e-02,-3.043862059712409973e-02,-3.029260598123073578e-02,4.849144071340560913e-02,-3.199392929673194885e-02,-1.062612086534500122e-01,-1.058228984475135803e-01,2.190056256949901581e-02,8.262354880571365356e-02,-1.643245518207550049e-01,-1.103131286799907684e-02,1.489958632737398148e-02,1.072994768619537354e-01,-4.462689161300659180e-02,4.660855978727340698e-02,-3.444755217060446739e-03,7.852339744567871094e-02,-2.229156494140625000e-01,-4.440493509173393250e-02,1.589393913745880127e-01,-3.678683564066886902e-02,-2.318986356258392334e-01,3.551791235804557800e-02,9.732392430305480957e-02,-1.021746248006820679e-01,9.386977553367614746e-02,7.800727616995573044e-03,1.289190202951431274e-01,-1.465066373348236084e-01,1.797462552785873413e-01,-1.004077941179275513e-01,3.794515877962112427e-02,1.857286393642425537e-01,7.944180816411972046e-02,1.300119161605834961e-01,-5.916276574134826660e-02,3.972690552473068237e-02,-9.392493218183517456e-02,-9.787473827600479126e-02,1.651107817888259888e-01,6.837482564151287079e-03,4.341791570186614990e-02,-2.824348211288452148e-02,-5.397739354521036148e-03,-3.229290544986724854e-01,2.395502105355262756e-02,-1.298603266477584839e-01,-8.316513895988464355e-02,5.547671765089035034e-02,-1.510353684425354004e-01,3.045716695487499237e-02,6.406190246343612671e-02,-1.198540255427360535e-01,1.476714015007019043e-01,1.712360680103302002e-01,8.459750562906265259e-02,1.854184418916702271e-01,-1.362828761339187622e-01,-5.729258805513381958e-02,-6.373263895511627197e-02,1.101034209132194519e-01,-7.951952866278588772e-04,2.093867398798465729e-02,9.651327133178710938e-02,8.373035490512847900e-02,4.021586477756500244e-02,3.757474943995475769e-02
1.191376820206642151e-01,-4.347738996148109436e-02,-8.611145615577697754e-02,-5.699281394481658936e-02,-3.980761766433715820e-02,-4.949240013957023621e-02,9.842947125434875488e-02,-1.706255525350570679e-01,1.139068454504013062e-01,-2.524244487285614014e-01,-9.312120079994201660e-02,-8.579144626855850220e-02,9.522528946399688721e-02,2.159019261598587036e-01,5.058051273226737976e-02,5.155268311500549316e-02,1.752273440361022949e-01,-6.703584454953670502e-03,1.439443230628967285e-01,-2.766957506537437439e-02,-3.917514905333518982e-02,9.257425367832183838e-02,7.424726337194442749e-02,-2.900795079767704010e-02,1.772039532661437988e-01,-3.120177425444126129e-02,1.877062618732452393e-01,1.165986508131027222e-01,-2.094945311546325684e-01,1.180570274591445923e-01,-8.524358272552490234e-02,4.331169277429580688e-02,-2.343640848994255066e-02,-1.016805768013000488e-01,-9.298796206712722778e-02,1.078074797987937927e-01,-2.783538997173309326e-01,3.746013157069683075e-03,-1.638266742229461670e-01,9.097643196582794189e-02,3.522930294275283813e-02,-5.384623538702726364e-03,1.090440154075622559e-01,8.585418015718460083e-02,-1.500578075647354126e-01,-8.328475058078765869e-03,3.848813846707344055e-02,1.165544763207435608e-01,-8.535273373126983643e-02,-4.478748515248298645e-02,-5.255560204386711121e-02,-1.572459004819393158e-02,-1.061685457825660706e-01,1.007652208209037781e-01,5.450156703591346741e-02,-1.812490522861480713e-01,-1.476279944181442261e-01,-2.407711185514926910e-02,9.359919279813766479e-02,8.595990389585494995e-02,-1.667477190494537354e-02,-4.348858725279569626e-03,-1.081406883895397186e-02,5.462484806776046753e-02,-1.533800512552261353e-01,6.264428049325942993e-02,1.322883367538452148e-01,9.205101430416107178e-02,-2.067923396825790405e-01,-1.191154792904853821e-01,6.198932230472564697e-02,1.519072055816650391e-02,1.254147849977016449e-02,4.434439539909362793e-02,-5.425564199686050415e-02,4.329841956496238708e-02,1.671179085969924927e-01,-7.849776744842529297e-02,-8.597433567047119141e-02,2.968920208513736725e-02,7.009394466876983643e-02,1.844352036714553833e-01,8.811160922050476074e-02,-6.753113120794296265e-02,5.594042316079139709e-02,-6.607650965452194214e-02,5.358751490712165833e-02,-1.212191209197044373e-01,-3.741887584328651428e-02,5.499830096960067749e-02,1.101752221584320068e-01,1.527759898453950882e-02,5.136215314269065857e-02,-6.127817928791046143e-02,-1.304648667573928833e-01,-1.673950999975204468e-02,-4.921373724937438965e-02,2.567589879035949707e-01,-2.896787412464618683e-02,3.021489083766937256e-01,1.733303964138031006e-01,9.102862328290939331e-03,-4.587819427251815796e-02,1.869358494877815247e-02,-9.220333397388458252e-02,7.137768715620040894e-02,2.619547545909881592e-01,-7.068851590156555176e-02,-6.645131856203079224e-02,8.416935801506042480e-02,7.924254983663558960e-02,1.546437442302703857e-01,8.837434649467468262e-02,8.897482603788375854e-02,-8.627998083829879761e-02,3.045233525335788727e-02,-5.877665802836418152e-02,2.523287758231163025e-02,-1.286796927452087402e-01,5.853874236345291138e-02,1.315688788890838623e-01,1.334158889949321747e-02,1.270640641450881958e-01,-4.860889632254838943e-03,-9.243518114089965820e-02,-1.662708520889282227e-01,7.827174663543701172e-02,-1.941637694835662842e-01,9.479591250419616699e-02,1.568407635204493999e-03,-9.029763191938400269e-02,1.269474327564239502e-01,5.939382687211036682e-02,1.072075814008712769e-01,-8.051541633903980255e-03,-9.829574823379516602e-02,-2.061111778020858765e-01,5.625052843242883682e-03,2.802325412631034851e-02,-3.917457535862922668e-02,2.915546596050262451e-01,5.846735835075378418e-02,7.402718067169189453e-02,-1.377446502447128296e-01,1.766546368598937988e-01,-4.243334755301475525e-02,-2.283764630556106567e-02,-1.133753568865358829e-03,-3.081863522529602051e-01,1.258556246757507324e-01,6.040837988257408142e-02,4.500199109315872192e-02,-1.665095090866088867e-01,2.594530954957008362e-02,-9.289730340242385864e-02,5.132038891315460205e-02,5.773406941443681717e-03,-4.103860259056091309e-02,-6.367734074592590332e-02,-2.264949828386306763e-01,7.606855034828186035e-02,1.422602087259292603e-01,-1.405926328152418137e-02,-4.107211902737617493e-02,-1.302846968173980713e-01,-8.311073482036590576e-02,-3.811113908886909485e-02,-2.259241603314876556e-02,-6.795669347047805786e-02,-7.660479284822940826e-03,-1.442571133375167847e-01,-2.614538371562957764e-01,9.002937935292720795e-03,9.594583511352539062e-02,-1.122981533408164978e-01,5.101606994867324829e-02,-2.001735419034957886e-01,-5.278591811656951904e-02,4.049520567059516907e-02,1.297749765217304230e-02,-2.903627455234527588e-01,1.050795763731002808e-01,1.906044781208038330e-01
-1.622948199510574341e-01,-1.030968129634857178e-01,3.134413808584213257e-02,7.917774841189384460e-03,-4.524731040000915527e-01,-6.134150922298431396e-02,-1.867250655777752399e-03,-2.550300657749176025e-01,8.312254399061203003e-02,2.352380603551864624e-01,8.842385374009609222e-03,-7.287339866161346436e-02,-8.591509610414505005e-02,9.967258572578430176e-02,1.854191720485687256e-01,1.558366566896438599e-01,-3.866491094231605530e-02,3.159660100936889648e-02,1.443280428647994995e-01,-8.142503909766674042e-03,-5.195996537804603577e-02,7.973531633615493774e-02,9.639718383550643921e-02,-1.095888838171958923e-01,-7.740528322756290436e-03,1.042198389768600464e-01,1.219257265329360962e-01,4.612807184457778931e-02,6.574185937643051147e-02,-1.811150461435317993e-01,1.778235659003257751e-02,1.073667705059051514e-01,5.733932182192802429e-02,-1.280526369810104370e-01,-8.721986413002014160e-02,-2.442056685686111450e-01,-3.508149413391947746e-03,-1.255570538341999054e-02,1.005828455090522766e-01,5.496798083186149597e-02,-1.285465955734252930e-01,9.799043647944927216e-03,-6.226078048348426819e-02,2.066943049430847168e-01,7.293003052473068237e-02,1.406148374080657959e-01,1.821807213127613068e-02,-4.602003097534179688e-02,4.928147420287132263e-02,-6.193157657980918884e-02,-5.809755250811576843e-02,9.812073409557342529e-02,1.990656256675720215e-01,6.077776104211807251e-02,-7.348947227001190186e-02,1.452389638870954514e-02,2.161854356527328491e-01,4.995113238692283630e-02,1.317522674798965454e-01,7.544545084238052368e-02,1.199658736586570740e-01,6.358981132507324219e-02,9.384534507989883423e-02,4.286284744739532471e-02,2.461469732224941254e-02,1.225575655698776245e-01,2.531111240386962891e-03,5.749607086181640625e-02,3.713769465684890747e-02,-8.641237765550613403e-02,1.251184493303298950e-01,4.951252043247222900e-02,2.805559337139129639e-02,2.892527729272842407e-02,1.825460195541381836e-01,1.039359569549560547e-01,5.502240359783172607e-02,-2.043068781495094299e-02,1.750666275620460510e-02,-1.752151995897293091e-01,-6.406627595424652100e-02,7.885535806417465210e-02,7.750947475433349609e-01,-1.760525442659854889e-02,1.494816690683364868e-02,2.205700725317001343e-01,1.947116106748580933e-01,7.228738069534301758e-02,5.565473809838294983e-02,2.824603207409381866e-02,9.021759033203125000e-02,-1.175806969404220581e-01,4.887023568153381348e-02,1.096088960766792297e-01,-5.175749585032463074e-02,1.338193006813526154e-02,-1.077938601374626160e-01,6.511740386486053467e-03,-3.235985338687896729e-02,1.800453364849090576e-01,2.146835997700691223e-02,9.966052323579788208e-02,1.016753464937210083e-01,1.690246015787124634e-01,-5.656743049621582031e-02,-2.318133972585201263e-02,-1.503887474536895752e-01,-1.167261227965354919e-01,-7.940093427896499634e-02,-1.550970077514648438e-01,-4.048162698745727539e-02,5.112161040306091309e-01,1.843243390321731567e-01,2.831040648743510246e-03,1.154485046863555908e-01,1.031971946358680725e-01,4.616762325167655945e-02,-9.431218728423118591e-03,-3.794333338737487793e-02,4.792210459709167480e-02,-2.737663919106125832e-03,4.009504243731498718e-02,-1.357448101043701172e-02,6.649302784353494644e-03,-1.647311449050903320e-01,-8.225531876087188721e-02,8.805026113986968994e-02,-1.527098659425973892e-02,1.869869083166122437e-01,-6.616461277008056641e-02,1.646504551172256470e-01,6.928932666778564453e-02,-6.891918182373046875e-02,3.229633346199989319e-02,-3.527618199586868286e-02,5.672336369752883911e-02,4.232710599899291992e-02,-8.168402314186096191e-02,-9.648146107792854309e-03,-1.062452867627143860e-01,-2.190585713833570480e-03,1.589949056506156921e-02,1.235731616616249084e-01,7.449380308389663696e-02,1.216196119785308838e-01,-1.580387353897094727e-02,-1.825871020555496216e-01,-1.152839735150337219e-01,-1.017230600118637085e-01,1.351205259561538696e-01,9.091729670763015747e-02,-2.175223827362060547e-01,-1.767925545573234558e-02,-2.106263488531112671e-02,-1.581148654222488403e-01,-3.471434488892555237e-02,-2.105147540569305420e-01,2.122561447322368622e-03,-1.961847990751266479e-01,3.369378624483942986e-03,8.536291867494583130e-02,-1.683893501758575439e-01,3.548165783286094666e-03,1.118354350328445435e-01,-1.113311108201742172e-02,3.265925869345664978e-02,-3.832840174436569214e-02,1.149300113320350647e-01,-3.537567332386970520e-02,5.692752599716186523e-01,4.858239740133285522e-02,1.482654660940170288e-01,-1.598062515258789062e-01,2.788789756596088409e-02,7.622110843658447266e-02,-6.352984905242919922e-02,3.497327864170074463e-02,6.123543903231620789e-02,1.899532228708267212e-01,-7.075083255767822266e-02,4.088909365236759186e-03,-1.439197063446044922e-01,-1.464753299951553345e-01
-1.538805896416306496e-03,-3.514355793595314026e-02,1.453969180583953857e-01,9.605515748262405396e-03,-1.043710112571716309e-01,-6.055742967873811722e-03,-1.296654492616653442e-01,-2.784590423107147217e-02,-1.101933345198631287e-01,1.097268089652061462e-01,2.831747289746999741e-03,-3.138056397438049316e-01,-8.107761293649673462e-02,-1.786175668239593506e-01,-1.306989341974258423e-01,-3.661520779132843018e-02,-2.871651351451873779e-01,-1.881229877471923828e-01,-1.394179612398147583e-01,-1.046381965279579163e-01,-2.039890922605991364e-02,6.247840821743011475e-02,1.090853288769721985e-01,-3.078396059572696686e-02,-3.937257826328277588e-02,2.845105715095996857e-02,1.275528520345687866e-01,1.560067944228649139e-02,-1.730617508292198181e-02,-1.571701169013977051e-01,-6.635398417711257935e-02,5.334024131298065186e-02,-9.592441469430923462e-02,-5.778948962688446045e-02,1.995291747152805328e-02,-1.553609967231750488e-01,-1.414849162101745605e-01,7.077177613973617554e-02,1.083662584424018860e-01,3.597022220492362976e-02,-1.332070082426071167e-01,-5.503947660326957703e-02,3.103236295282840729e-02,-8.342193067073822021e-02,5.325979739427566528e-02,-2.513662278652191162e-01,-9.402416646480560303e-03,-9.725315123796463013e-02,-1.384198367595672607e-01,-1.529666632413864136e-01,1.500735729932785034e-01,-1.347110569477081299e-01,1.434783264994621277e-02,1.679451577365398407e-02,2.563273161649703979e-02,1.173675134778022766e-01,-3.427571803331375122e-02,-7.015910744667053223e-02,1.314227748662233353e-02,1.261934079229831696e-02,-8.006381988525390625e-02,1.734110116958618164e-01,1.165392715483903885e-02,5.026682838797569275e-02,-1.991690844297409058e-01,7.552607357501983643e-02,8.960472047328948975e-02,3.687070682644844055e-02,-1.814346462488174438e-01,5.742792505770921707e-03,1.429341733455657959e-01,3.501382097601890564e-02,-1.562880724668502808e-01,-8.118782192468643188e-02,-1.080058366060256958e-01,-2.844307757914066315e-02,-2.128947377204895020e-01,-1.493795663118362427e-01,-5.569396913051605225e-02,7.444859296083450317e-02,-1.365175843238830566e-02,1.668596863746643066e-01,4.455570578575134277e-01,3.662324510514736176e-03,2.246373519301414490e-02,8.305597305297851562e-02,-1.362174898386001587e-01,1.590742915868759155e-02,6.188676506280899048e-02,-1.422856748104095459e-01,7.217732071876525879e-02,5.258060991764068604e-03,-1.584738492965698242e-01,1.577925682067871094e-02,-7.598678115755319595e-03,-1.225665211677551270e-01,6.881541013717651367e-02,-1.101645901799201965e-01,-7.118531316518783569e-02,2.029564976692199707e-01,-8.528028428554534912e-02,6.541522592306137085e-02,-8.419365435838699341e-02,8.341540396213531494e-02,-4.031990468502044678e-02,-7.053408026695251465e-02,3.333971276879310608e-02,-4.709698259830474854e-02,-5.068547651171684265e-02,2.006893232464790344e-02,2.891756407916545868e-02,3.472346663475036621e-01,8.816426247358322144e-02,-1.002701558172702789e-02,1.928882300853729248e-01,2.206015866249799728e-03,6.832288950681686401e-02,2.500835806131362915e-02,2.329506166279315948e-02,3.638364672660827637e-01,-6.177296489477157593e-02,3.415856137871742249e-02,8.456337451934814453e-02,-1.566531509160995483e-01,-1.306331623345613480e-02,1.218661293387413025e-01,1.695812046527862549e-01,3.225525468587875366e-02,-3.873805701732635498e-02,5.544632300734519958e-02,-7.286927103996276855e-02,-2.058834070339798927e-03,2.457927465438842773e-01,-9.797492623329162598e-02,-3.174414932727813721e-01,-2.469051480293273926e-01,-8.265028893947601318e-02,4.624447319656610489e-03,7.147219777107238770e-02,7.288489490747451782e-02,-1.761810332536697388e-01,2.535611747589427978e-05,-2.535908520221710205e-01,2.746595144271850586e-01,-1.635943055152893066e-01,1.039801165461540222e-01,-1.133427023887634277e-01,-8.630773425102233887e-02,4.103838652372360229e-02,-4.522506520152091980e-02,1.744666248559951782e-01,-2.434968762099742889e-02,2.801480144262313843e-02,-1.558932065963745117e-01,-1.258024573326110840e-01,-4.435381293296813965e-02,-2.558185905218124390e-02,-5.143924802541732788e-02,1.626404970884323120e-01,-2.274958975613117218e-02,-9.774030186235904694e-03,2.316987514495849609e-02,-1.004156321287155151e-01,-4.636222124099731445e-02,-6.902693957090377808e-02,-5.860697105526924133e-02,-1.398046761751174927e-01,9.668876230716705322e-02,-8.422652631998062134e-02,2.426275312900543213e-01,-5.930394679307937622e-02,-5.023597553372383118e-02,9.338271804153919220e-03,7.144139707088470459e-02,-6.188672780990600586e-02,-1.345600467175245285e-02,-8.068790286779403687e-02,-9.488510340452194214e-02,5.131021142005920410e-03,4.741485044360160828e-02,8.794540911912918091e-02,1.074574440717697144e-01,5.620453506708145142e-02
1.875482732430100441e-03,-1.598747670650482178e-01,9.582155942916870117e-02,5.964585021138191223e-02,1.804535649716854095e-02,8.659061789512634277e-02,-8.395111560821533203e-02,1.428756117820739746e-01,-1.982041448354721069e-02,6.763624399900436401e-02,2.923359908163547516e-02,2.645049989223480225e-02,-7.383947074413299561e-02,-3.845448140054941177e-03,1.128744184970855713e-01,7.126575708389282227e-02,-4.442423582077026367e-02,-1.040793359279632568e-01,-3.651830926537513733e-02,2.744230628013610840e-01,-9.716519713401794434e-02,-7.174111902713775635e-02,-1.158991642296314240e-02,1.111423131078481674e-02,-4.582583531737327576e-02,1.524582952260971069e-01,-1.690302044153213501e-02,7.635335624217987061e-02,-8.622857928276062012e-02,1.421994268894195557e-01,2.530485019087791443e-02,-1.926163397729396820e-02,7.381477206945419312e-02,7.275611162185668945e-02,1.726166717708110809e-02,-6.008180603384971619e-02,6.299819052219390869e-02,6.528470665216445923e-02,-8.073655515909194946e-02,-3.982198424637317657e-03,-1.379533708095550537e-01,-9.681615233421325684e-02,-3.364537283778190613e-02,8.945256471633911133e-02,-5.076887458562850952e-02,2.088011801242828369e-01,-1.634323298931121826e-01,-8.547779917716979980e-02,-1.394391711801290512e-02,9.789813309907913208e-02,-9.394752793014049530e-03,1.094333007931709290e-01,-3.774263337254524231e-02,-4.091211408376693726e-02,1.033060774207115173e-01,8.906758576631546021e-02,9.519772231578826904e-02,3.687909990549087524e-02,-4.301774501800537109e-02,-2.057205326855182648e-02,-2.915905229747295380e-02,-1.643797755241394043e-01,-2.636811882257461548e-02,5.230451375246047974e-02,-1.817446053028106689e-01,-1.281455904245376587e-01,-7.280481606721878052e-02,-2.680616378784179688e-01,-1.321209222078323364e-01,-7.831617444753646851e-02,-2.375863492488861084e-01,6.603510677814483643e-02,5.157479643821716309e-02,4.223105497658252716e-03,7.172942161560058594e-02,4.723583906888961792e-02,-8.822550065815448761e-03,-4.797612503170967102e-02,-2.033226005733013153e-02,-7.774680107831954956e-02,-2.092105150222778320e-01,-1.016322494251653552e-04,1.362072825431823730e-01,-1.582741290330886841e-01,-1.696117222309112549e-01,1.441117823123931885e-01,1.000975891947746277e-01,1.086276993155479431e-01,5.338115245103836060e-02,1.122163329273462296e-02,2.476435303688049316e-01,1.317421644926071167e-01,-9.826160222291946411e-02,-3.845781087875366211e-02,-5.026255920529365540e-02,-1.202160865068435669e-01,7.508108764886856079e-02,-5.517167225480079651e-02,-5.729247257113456726e-02,-1.463991403579711914e-01,1.511139124631881714e-01,-1.438162922859191895e-01,7.921595126390457153e-02,-1.493204087018966675e-01,4.035355150699615479e-02,3.957445174455642700e-02,-4.708760976791381836e-02,1.298412233591079712e-01,1.322372853755950928e-01,-1.471349447965621948e-01,-6.573266815394163132e-03,8.220997639000415802e-03,-1.322783622890710831e-02,-1.236952319741249084e-01,-3.052325174212455750e-02,-2.317291051149368286e-01,1.201551184058189392e-01,-4.824601858854293823e-02,1.804335974156856537e-02,1.215163767337799072e-01,-9.642922878265380859e-02,-6.392928212881088257e-02,-1.590429842472076416e-01,-1.066090613603591919e-01,-4.698282480239868164e-02,-1.006731577217578888e-02,-5.110578238964080811e-02,-1.157905608415603638e-01,2.150031737983226776e-02,-6.089629232883453369e-02,1.937902569770812988e-01,-2.010608837008476257e-02,-6.054053455591201782e-02,-3.038381971418857574e-02,2.194115333259105682e-02,-4.870548471808433533e-02,-1.579765044152736664e-02,-6.199102476239204407e-02,-4.334955289959907532e-02,-3.355676308274269104e-02,8.076845109462738037e-02,-5.121917650103569031e-02,4.876288026571273804e-02,-1.532665267586708069e-02,6.421846337616443634e-03,-1.154917776584625244e-01,-8.540696464478969574e-03,1.937469467520713806e-02,-1.257194876670837402e-01,-1.019022613763809204e-02,1.635802835226058960e-01,-6.752145290374755859e-02,9.301264584064483643e-02,-1.085958033800125122e-01,5.263451114296913147e-02,6.167531758546829224e-02,5.890443921089172363e-03,9.206382185220718384e-02,-1.005417481064796448e-01,-2.029737979173660278e-01,2.093126066029071808e-02,1.112379506230354309e-01,1.102912649512290955e-01,9.229449182748794556e-02,-1.264070570468902588e-01,1.410118043422698975e-01,5.759548395872116089e-02,-1.506068557500839233e-02,-1.729422956705093384e-01,-4.238233342766761780e-02,8.228798955678939819e-02,-1.698971539735794067e-01,8.809599280357360840e-02,-1.217104643583297729e-01,-5.697823315858840942e-02,-4.812985192984342575e-03,7.588180154561996460e-02,5.039427429437637329e-02,-3.461537510156631470e-02,-1.120111197233200073e-01,4.292079061269760132e-02,-1.541080027818679810e-01,-9.481357783079147339e-02
8.084681816399097443e-03,4.934304952621459961e-02,-1.669680923223495483e-01,-2.161889337003231049e-02,-1.384280174970626831e-01,7.010696828365325928e-02,1.789125986397266388e-02,9.213004261255264282e-02,2.867941372096538544e-02,-2.403457760810852051e-01,8.713095448911190033e-04,5.643779411911964417e-02,-1.239894181489944458e-01,3.465823829174041748e-02,-1.171112284064292908e-01,8.845973014831542969e-02,-4.852690920233726501e-02,-2.066337168216705322e-01,6.335379928350448608e-02,-1.203556433320045471e-01,-2.298211120069026947e-02,-6.663830578327178955e-02,-2.058074809610843658e-02,-4.481194168329238892e-02,-6.787476688623428345e-02,3.671634476631879807e-03,-6.775901466608047485e-02,-5.365687608718872070e-02,-5.828620865941047668e-02,-2.584786340594291687e-02,3.580051288008689880e-02,1.982189342379570007e-02,-5.797139927744865417e-02,1.300706714391708374e-01,-1.154772490262985229e-01,1.732986047863960266e-02,-1.182712763547897339e-01,-8.688382059335708618e-02,5.530904605984687805e-02,8.526336401700973511e-02,2.766167223453521729e-01,5.338700115680694580e-02,-6.467641890048980713e-02,-9.385343641042709351e-02,-4.076844826340675354e-02,-1.116115525364875793e-01,3.098320914432406425e-03,9.683763235807418823e-02,-1.202638745307922363e-01,7.909903675317764282e-02,-1.859294436872005463e-02,1.086461916565895081e-01,1.027648001909255981e-01,2.125491946935653687e-02,1.538495719432830811e-02,-9.289441257715225220e-02,6.217588111758232117e-02,-2.481682784855365753e-02,6.882737576961517334e-02,-2.457458293065428734e-03,-6.719338148832321167e-02,3.269157186150550842e-02,1.002378538250923157e-01,2.450366690754890442e-02,-2.014557830989360809e-02,-4.972117766737937927e-02,1.087838970124721527e-02,1.415230184793472290e-01,8.310266770422458649e-03,1.200391277670860291e-01,-1.692880503833293915e-02,8.271966129541397095e-02,-8.644945174455642700e-02,-4.345805197954177856e-02,-1.204025745391845703e-02,-1.109574064612388611e-01,-2.146330028772354126e-01,2.190684229135513306e-01,1.831988394260406494e-01,1.298160851001739502e-01,-2.069589123129844666e-02,-1.078128889203071594e-01,4.389185607433319092e-01,-8.622242510318756104e-02,-1.629770174622535706e-02,2.706317603588104248e-02,8.140038698911666870e-02,1.222721263766288757e-01,1.402706950902938843e-01,3.065212815999984741e-02,6.716221570968627930e-02,1.326341927051544189e-01,-1.046573817729949951e-01,7.552033662796020508e-02,-3.270943090319633484e-02,-4.921612516045570374e-02,-1.376133859157562256e-01,-7.097882218658924103e-03,5.227325856685638428e-02,1.724275760352611542e-02,-8.884163200855255127e-02,-1.514930576086044312e-01,-3.849720582365989685e-02,8.349413052201271057e-03,-1.123681366443634033e-01,1.157267242670059204e-01,8.253059536218643188e-02,8.754628151655197144e-02,1.112685352563858032e-02,-3.891311213374137878e-02,-1.361035704612731934e-01,4.186378717422485352e-01,-1.146986335515975952e-01,2.396805211901664734e-02,1.416608840227127075e-01,-1.214641034603118896e-01,-3.670036420226097107e-02,1.857119798660278320e-01,-8.159759454429149628e-03,1.508432030677795410e-01,-2.587046623229980469e-01,-1.750408113002777100e-02,-3.851496381685137749e-03,-6.342437118291854858e-02,4.919502884149551392e-02,4.256334900856018066e-02,4.412647709250450134e-02,-2.477134205400943756e-02,1.894791424274444580e-01,2.585492469370365143e-02,-1.002419218420982361e-01,-1.206028237938880920e-01,5.208368599414825439e-02,2.177772969007492065e-01,5.039103701710700989e-02,-5.280797556042671204e-02,7.328934967517852783e-03,-2.353812195360660553e-02,-1.427113562822341919e-01,-8.668055385351181030e-02,-7.428134232759475708e-02,1.722310334444046021e-01,-1.566845923662185669e-01,2.374141514301300049e-01,-2.849421836435794830e-02,-2.215254865586757660e-02,1.065462753176689148e-01,6.078073754906654358e-03,5.318043008446693420e-02,-7.197587192058563232e-02,-1.247052401304244995e-01,-1.524536162614822388e-01,-8.365412801504135132e-02,-9.301997721195220947e-02,-1.644682139158248901e-02,-1.083421856164932251e-01,-1.136676967144012451e-01,-1.647172719240188599e-01,2.648299559950828552e-02,-1.338246464729309082e-01,-6.706625688821077347e-03,-8.750607073307037354e-02,3.334663435816764832e-02,-1.118144914507865906e-01,-3.664217889308929443e-02,7.373747229576110840e-02,-3.687233105301856995e-02,2.281855791807174683e-01,-3.709346428513526917e-02,2.052315175533294678e-01,1.415832154452800751e-02,-1.951307356357574463e-01,8.104974776506423950e-02,3.585427626967430115e-02,-6.868001073598861694e-02,-1.891827024519443512e-02,2.673955075442790985e-02,6.303925812244415283e-02,1.302538067102432251e-01,8.087661117315292358e-02,-4.383320733904838562e-02,-1.079017370939254761e-01,-1.394501328468322754e-01
-3.726676851511001587e-02,6.183327734470367432e-02,-6.357175111770629883e-02,1.973626315593719482e-01,-6.629177182912826538e-02,-7.239525020122528076e-02,1.827977150678634644e-01,-1.296833306550979614e-01,1.146342884749174118e-02,-3.872670978307723999e-02,3.983828052878379822e-02,-1.985258609056472778e-01,7.838041335344314575e-02,1.285824477672576904e-01,-8.095697313547134399e-02,1.027042865753173828e-01,3.535296022891998291e-02,6.867676228284835815e-02,1.089419052004814148e-01,3.606142103672027588e-02,1.474733836948871613e-02,-3.821722418069839478e-02,-5.225690547376871109e-03,1.853595674037933350e-01,3.212428651750087738e-03,-9.454278647899627686e-02,8.710007183253765106e-03,-6.429226696491241455e-02,3.051214292645454407e-02,5.836025252938270569e-02,9.034981578588485718e-02,1.120246760547161102e-02,1.765540540218353271e-01,-7.004982978105545044e-02,-1.706115007400512695e-01,2.126911133527755737e-01,8.350358158349990845e-02,-1.687515377998352051e-01,-2.339864708483219147e-02,-2.882505580782890320e-02,2.075835019350051880e-01,7.810718566179275513e-02,7.577186077833175659e-02,-2.476492226123809814e-01,-3.908595535904169083e-03,1.524996757507324219e-01,7.500749826431274414e-02,1.139095053076744080e-01,1.684075742959976196e-01,-5.299906805157661438e-02,-2.408270686864852905e-01,-1.690190844237804413e-02,-2.893836423754692078e-02,-3.695239871740341187e-02,1.385438293218612671e-01,-3.615981712937355042e-02,-1.368732750415802002e-01,4.260728508234024048e-02,-2.022053897380828857e-01,1.112445443868637085e-01,2.820051908493041992e-01,5.189354997128248215e-03,-8.292589336633682251e-03,1.124922260642051697e-01,-8.176175504922866821e-02,-1.607311517000198364e-01,4.358782619237899780e-02,-4.431353509426116943e-02,-1.082763537851860747e-05,6.093711033463478088e-02,1.498140990734100342e-01,-1.630482971668243408e-01,1.292153075337409973e-02,9.070894867181777954e-02,-1.709455251693725586e-01,1.197190731763839722e-01,-1.179813444614410400e-01,-2.194433361291885376e-01,2.060094177722930908e-01,2.760896682739257812e-01,-1.595338433980941772e-01,-1.274940967559814453e-01,-2.860707789659500122e-02,-1.074469536542892456e-01,-8.053476363420486450e-02,5.632901447825133801e-04,3.222255036234855652e-03,4.878769442439079285e-02,-9.621144086122512817e-02,-1.153449416160583496e-01,-2.306782454252243042e-01,3.729780390858650208e-02,1.347171142697334290e-02,1.548029035329818726e-01,-1.757457852363586426e-02,-6.852375715970993042e-02,1.998100988566875458e-02,-8.254288882017135620e-02,-6.626936793327331543e-02,-6.547618657350540161e-02,2.229489982128143311e-01,1.722997277975082397e-01,-2.414195798337459564e-02,4.500042274594306946e-02,3.003676235675811768e-02,-9.078532457351684570e-02,-5.431979522109031677e-02,-9.526578942313790321e-04,-5.112444981932640076e-02,-2.158987708389759064e-02,-4.689924046397209167e-02,-2.443217299878597260e-02,1.555857360363006592e-01,1.574188768863677979e-01,2.953119948506355286e-02,-1.806606422178447247e-03,1.949151395820081234e-03,5.978507176041603088e-02,-4.376319795846939087e-02,7.087152451276779175e-02,-9.487250447273254395e-02,-1.054669246077537537e-01,-6.724198907613754272e-02,-1.928065903484821320e-02,2.693733898922801018e-03,-1.275397539138793945e-01,5.134461820125579834e-02,-1.156278997659683228e-01,-1.220471337437629700e-01,-4.229101538658142090e-02,1.647902280092239380e-02,2.819994278252124786e-02,3.918938338756561279e-02,1.599670350551605225e-01,9.444323368370532990e-03,-8.499141037464141846e-02,6.625779718160629272e-02,-4.356308840215206146e-03,9.497679769992828369e-02,7.673677802085876465e-02,4.356630891561508179e-02,5.146759748458862305e-02,1.507235597819089890e-02,-6.079824268817901611e-02,9.800841100513935089e-03,5.593332648277282715e-02,1.161920949816703796e-01,9.234962612390518188e-02,9.433320909738540649e-02,-8.773446828126907349e-02,-4.979501292109489441e-02,2.248037792742252350e-02,-3.067945363000035286e-04,1.174504775553941727e-02,-5.760676041245460510e-02,-6.992501020431518555e-02,4.483183100819587708e-02,-7.235792931169271469e-03,-1.237920969724655151e-01,1.376758608967065811e-02,1.333651393651962280e-01,-7.295639067888259888e-02,-7.731446996331214905e-03,-1.462279260158538818e-01,5.391662567853927612e-02,1.826900392770767212e-01,-8.082334883511066437e-03,-5.583683028817176819e-02,-6.257555633783340454e-02,1.967324130237102509e-02,1.608189642429351807e-01,1.071021109819412231e-01,9.111747890710830688e-02,1.375686973333358765e-01,-1.566121876239776611e-01,-5.691920965909957886e-02,-5.009940266609191895e-02,-8.150929957628250122e-02,5.645269155502319336e-02,2.393536269664764404e-02,1.213992312550544739e-01,-9.994059801101684570e-02,8.615855872631072998e-02
9.119477123022079468e-03,4.351282492280006409e-02,3.035856038331985474e-02,-1.592843420803546906e-02,2.447258448228240013e-04,-9.266223013401031494e-02,1.456125676631927490e-01,1.752672344446182251e-01,-5.122988671064376831e-02,-5.831582844257354736e-02,2.210918962955474854e-01,-7.536298781633377075e-02,-2.100922167301177979e-01,-1.958971172571182251e-01,1.216183528304100037e-01,8.018516004085540771e-02,-2.596025355160236359e-02,-1.632307171821594238e-01,4.465649649500846863e-02,4.599206149578094482e-02,1.161685734987258911e-01,-8.033849298954010010e-03,-1.430357545614242554e-01,-7.804331369698047638e-03,7.238245010375976562e-02,1.378093212842941284e-01,2.640404365956783295e-02,-5.327711999416351318e-02,-7.582398504018783569e-02,-4.446782544255256653e-02,-2.827784605324268341e-02,-6.453666090965270996e-02,-1.425688117742538452e-01,-2.137313783168792725e-02,-1.003936082124710083e-01,2.897433936595916748e-02,-1.618237644433975220e-01,4.870604723691940308e-02,-1.071510761976242065e-01,1.319690793752670288e-02,-4.469093307852745056e-02,-1.249620914459228516e-01,4.333765059709548950e-02,-8.447292447090148926e-02,-3.148889243602752686e-01,7.476501166820526123e-02,-1.901083588600158691e-01,7.825546711683273315e-02,-4.244934767484664917e-02,6.579577177762985229e-02,8.420723490417003632e-03,1.998092979192733765e-02,3.944903612136840820e-02,2.080840617418289185e-02,8.916765451431274414e-02,-2.466323524713516235e-01,-1.874418742954730988e-02,5.218103900551795959e-02,-1.487353909760713577e-02,2.972564287483692169e-02,-9.164007753133773804e-02,-1.407992541790008545e-01,-9.738025069236755371e-02,2.130521228536963463e-03,9.572430700063705444e-02,1.264140903949737549e-01,-1.823258101940155029e-01,8.140752464532852173e-02,1.842059008777141571e-02,1.138054132461547852e-01,-9.711543098092079163e-03,-1.175811141729354858e-01,8.282534778118133545e-03,7.651659101247787476e-02,1.686036437749862671e-01,-1.145947817713022232e-02,-6.317485123872756958e-02,-5.973068997263908386e-03,-1.431429833173751831e-01,-1.200173124670982361e-01,2.025745362043380737e-01,3.321215510368347168e-01,-1.831726729869842529e-01,1.233770474791526794e-01,-1.120567023754119873e-01,-1.493238508701324463e-01,1.031746938824653625e-01,-9.595469385385513306e-02,-1.129206866025924683e-01,1.438645739108324051e-02,5.714956670999526978e-02,2.260144241154193878e-02,5.104849860072135925e-02,1.196290403604507446e-01,8.316723257303237915e-02,-2.708369866013526917e-02,1.243170052766799927e-01,-9.534304030239582062e-03,-1.325501501560211182e-01,-3.838608786463737488e-02,-2.391798625467345119e-04,1.221579685807228088e-02,5.994706600904464722e-02,1.163369938731193542e-01,-9.252527356147766113e-02,1.490759104490280151e-01,-1.211697757244110107e-01,9.566202759742736816e-02,-6.803502887487411499e-02,7.885516434907913208e-02,1.940042674541473389e-01,1.057390794157981873e-01,2.465202100574970245e-02,5.105976387858390808e-02,-1.559544913470745087e-02,1.222769916057586670e-01,4.363711550831794739e-02,1.256724596023559570e-01,2.461659163236618042e-02,-6.154179200530052185e-02,1.075497418642044067e-01,1.388143450021743774e-01,6.122068315744400024e-02,-3.566534072160720825e-02,2.343511767685413361e-02,-8.016932755708694458e-02,-3.640653938055038452e-02,-5.104738846421241760e-02,-2.236438691616058350e-01,-1.220488026738166809e-01,-5.271284654736518860e-02,1.228232756257057190e-01,-1.217641867697238922e-02,-2.750098519027233124e-02,-1.389104425907135010e-01,2.160608917474746704e-01,3.354738466441631317e-03,-2.385639585554599762e-02,5.798891186714172363e-02,1.118718087673187256e-01,8.935601264238357544e-02,1.049845218658447266e-01,-1.204234287142753601e-01,1.850503683090209961e-02,1.276257038116455078e-01,4.232446104288101196e-02,8.660222589969635010e-02,2.294653467833995819e-02,-2.216180227696895599e-02,-6.831168383359909058e-02,4.426149278879165649e-02,1.186999678611755371e-01,-9.640293568372726440e-02,-1.322555691003799438e-01,-2.235826551914215088e-01,-5.539514869451522827e-02,3.021005168557167053e-02,3.366036340594291687e-02,-5.648383498191833496e-02,1.080808266997337341e-01,-4.490119218826293945e-02,1.092268824577331543e-01,1.399682611227035522e-01,1.703973300755023956e-02,1.884840279817581177e-01,1.222640126943588257e-01,-4.805684834718704224e-02,2.227832563221454620e-02,-1.208682283759117126e-01,2.928379178047180176e-01,-1.036527380347251892e-01,1.010067313909530640e-01,-1.338717788457870483e-01,5.158488824963569641e-02,7.644900679588317871e-02,7.464445661753416061e-03,7.706715911626815796e-02,1.954772695899009705e-02,-3.096312284469604492e-02,-1.419465839862823486e-01,-1.417941898107528687e-01,-2.327377721667289734e-02,1.461344957351684570e-01
-3.786492347717285156e-02,1.533869355916976929e-01,9.407723695039749146e-02,-3.579763323068618774e-02,-1.008771061897277832e-01,-6.671271473169326782e-02,-1.580408513545989990e-01,-4.026062414050102234e-02,-1.807816177606582642e-01,-1.227718740701675415e-01,7.420940697193145752e-02,1.554979197680950165e-02,2.809404954314231873e-02,-4.371679201722145081e-02,1.220832914113998413e-01,1.539430022239685059e-02,-6.313785444945096970e-03,-7.918781042098999023e-02,5.255243182182312012e-02,-1.123316660523414612e-01,-2.900256216526031494e-02,1.436448991298675537e-01,1.706895679235458374e-01,9.134607017040252686e-02,-4.045658558607101440e-02,-1.679756492376327515e-01,2.663305401802062988e-01,2.947926335036754608e-02,1.095850467681884766e-01,7.978738844394683838e-02,4.877793788909912109e-02,1.890903152525424957e-02,1.927824318408966064e-01,-1.101259738206863403e-01,-1.320066750049591064e-01,-1.560196876525878906e-01,6.114355102181434631e-02,-1.603880375623703003e-01,-8.034761250019073486e-02,-3.320945426821708679e-02,6.451552361249923706e-02,-3.899407014250755310e-02,-5.823011510074138641e-03,1.037872955203056335e-01,-1.842389069497585297e-02,-8.970054239034652710e-02,1.349224001169204712e-01,-3.188670426607131958e-02,-6.364504247903823853e-02,7.301206886768341064e-02,2.116954475641250610e-01,-2.284797579050064087e-01,-7.707914710044860840e-02,-3.125840798020362854e-02,-1.577590703964233398e-01,-1.713576018810272217e-01,-1.013749688863754272e-01,1.229398846626281738e-01,-7.146267220377922058e-03,-3.418080508708953857e-02,9.598518162965774536e-02,-1.536350995302200317e-01,1.151056736707687378e-01,6.725970655679702759e-02,3.048869222402572632e-02,-8.276580274105072021e-02,6.706210225820541382e-02,-1.322907209396362305e-02,-1.285842154175043106e-02,7.075668871402740479e-02,-1.819426268339157104e-01,1.682615466415882111e-02,4.128625616431236267e-02,-3.263521939516067505e-02,-7.702308893203735352e-02,-6.798287481069564819e-02,8.059918135404586792e-02,-6.325990706682205200e-02,6.679682433605194092e-02,-1.256978958845138550e-01,-1.073721796274185181e-01,1.157211605459451675e-02,-1.250779628753662109e-01,6.982732564210891724e-02,1.313534080982208252e-01,4.935061931610107422e-02,-2.302370071411132812e-01,1.803316175937652588e-01,-3.562468290328979492e-02,6.497959047555923462e-02,1.481913775205612183e-02,2.467118501663208008e-01,1.534416377544403076e-01,-1.579501926898956299e-01,-1.845770925283432007e-01,-9.887281060218811035e-02,1.752463281154632568e-01,-2.275492064654827118e-03,7.572760339826345444e-03,-3.512176126241683960e-02,-5.052340030670166016e-02,-9.275261312723159790e-03,-4.454054310917854309e-02,-6.935640424489974976e-02,-2.366938255727291107e-02,5.997149273753166199e-02,1.126926690340042114e-01,5.495586991310119629e-02,1.021929755806922913e-01,-9.608538448810577393e-02,-2.151249796152114868e-01,-6.495974375866353512e-04,-3.960177302360534668e-02,-1.783843338489532471e-02,1.317498385906219482e-01,-1.524160802364349365e-01,-3.114587441086769104e-02,-1.388053596019744873e-01,-2.252941131591796875e-01,-4.789509624242782593e-02,-3.083607554435729980e-02,1.190313175320625305e-01,-3.149468079209327698e-02,-2.731633372604846954e-02,-4.070087149739265442e-02,-5.788782984018325806e-02,1.302123665809631348e-01,-2.247957699000835419e-02,2.409347295761108398e-01,-1.936229020357131958e-01,-1.342213451862335205e-01,1.030549779534339905e-02,-8.933784812688827515e-02,-1.872537285089492798e-01,-1.592184901237487793e-01,2.340003848075866699e-02,5.512256920337677002e-02,9.456949681043624878e-02,2.310306392610073090e-02,5.823179334402084351e-02,4.176198318600654602e-02,-4.204196855425834656e-02,6.823564320802688599e-02,-2.363566309213638306e-02,-6.010754778981208801e-02,1.393138170242309570e-01,-1.271171271800994873e-01,-5.549240857362747192e-02,7.443784922361373901e-02,-3.770739212632179260e-02,2.930473908782005310e-02,-8.643053472042083740e-02,-1.364637613296508789e-01,2.391369789838790894e-01,7.175037264823913574e-02,-1.106098890304565430e-01,-7.979657500982284546e-02,-8.107510209083557129e-02,1.318989545106887817e-01,-1.243622601032257080e-01,-1.290208399295806885e-01,2.773767337203025818e-02,5.941428989171981812e-02,-5.315631628036499023e-02,-2.123917452991008759e-02,-5.956833064556121826e-02,-9.653545916080474854e-03,5.780031904578208923e-02,-2.260700911283493042e-01,-1.147538870573043823e-01,5.958554893732070923e-02,-8.940647542476654053e-02,-3.641716763377189636e-02,5.625207442790269852e-03,-1.185623928904533386e-01,7.743772864341735840e-02,-1.600647270679473877e-01,-5.095457285642623901e-02,6.494623143225908279e-03,2.113060057163238525e-01,-1.238643154501914978e-01,1.902408199384808540e-03,-1.218996476382017136e-03
-4.741043969988822937e-02,4.553275182843208313e-02,8.844562619924545288e-02,-1.032954081892967224e-01,1.996673457324504852e-02,-1.156554073095321655e-01,-2.037370949983596802e-01,-1.067856233566999435e-02,8.436210453510284424e-03,1.195637509226799011e-01,1.041713170707225800e-02,-1.599789708852767944e-01,-7.096990197896957397e-02,1.073914915323257446e-01,1.569464366184547544e-04,-9.114281833171844482e-02,2.388725876808166504e-01,-1.216929927468299866e-01,-1.011911183595657349e-01,2.187564522027969360e-01,7.780978083610534668e-02,-1.303588449954986572e-01,7.712356746196746826e-02,8.709733188152313232e-02,-9.409764409065246582e-02,-1.290520727634429932e-01,1.818371564149856567e-02,3.153355419635772705e-02,-1.363507211208343506e-01,2.119167000055313110e-01,6.137863919138908386e-02,3.402129746973514557e-03,1.979962922632694244e-02,-1.725642085075378418e-01,-3.943304345011711121e-02,1.545408815145492554e-01,8.764950931072235107e-02,-1.214736141264438629e-02,-1.077690646052360535e-01,2.794764623104128987e-05,5.797627940773963928e-02,2.285733446478843689e-02,3.191158920526504517e-02,-4.052694514393806458e-02,-2.637914381921291351e-02,-7.235595583915710449e-02,2.937621623277664185e-02,1.043704971671104431e-01,-1.136942058801651001e-01,-2.791483141481876373e-02,6.850834190845489502e-02,4.174783825874328613e-02,1.507865339517593384e-01,1.574753075838088989e-01,6.363787502050399780e-02,7.153673470020294189e-02,1.375739723443984985e-01,-4.479407519102096558e-02,1.846321113407611847e-02,-2.181332260370254517e-01,1.969189792871475220e-01,1.227889209985733032e-01,-8.617454767227172852e-02,-1.057771444320678711e-01,1.429444458335638046e-02,8.741176873445510864e-02,1.061341464519500732e-01,8.216452598571777344e-02,-1.037358269095420837e-01,-5.843728780746459961e-02,-9.379375725984573364e-02,-3.507089614868164062e-02,1.114505678415298462e-01,-1.130218058824539185e-01,1.065992489457130432e-01,-7.825166918337345123e-03,-5.665389820933341980e-03,-1.835595630109310150e-02,7.586026936769485474e-02,-2.028604894876480103e-01,3.928651660680770874e-02,-1.243498250842094421e-01,2.522318065166473389e-01,-9.979426860809326172e-02,-9.322419762611389160e-02,1.959726512432098389e-01,-6.612076610326766968e-02,2.637147437781095505e-03,-3.728487296029925346e-03,2.323394715785980225e-01,1.248145475983619690e-02,4.739633575081825256e-02,-1.123200878500938416e-01,-1.660428345203399658e-01,-2.963572554290294647e-02,2.951411716639995575e-02,-4.345028195530176163e-03,-1.193068325519561768e-01,-7.470531016588211060e-02,5.008884146809577942e-02,-3.182156011462211609e-02,-4.061003029346466064e-02,-6.983329355716705322e-02,1.026357933878898621e-01,-6.309861317276954651e-03,-1.784998476505279541e-01,1.454266756772994995e-01,2.270606782985851169e-04,-7.841310650110244751e-02,-6.002156436443328857e-02,1.511434763669967651e-01,2.480551451444625854e-01,-6.897597573697566986e-03,3.719107806682586670e-02,-3.820083662867546082e-02,-6.395534425973892212e-02,-2.114725299179553986e-02,-1.064555868506431580e-01,5.257965251803398132e-02,1.290319114923477173e-01,-1.418996788561344147e-02,1.248438749462366104e-02,1.316699478775262833e-02,2.673269249498844147e-02,-2.139116078615188599e-01,-6.499415636062622070e-02,-1.484656035900115967e-01,4.046900570392608643e-02,2.080255150794982910e-01,-1.699174195528030396e-02,6.538887321949005127e-02,-1.600819230079650879e-01,-1.013004034757614136e-01,-8.947635442018508911e-02,-4.925599321722984314e-02,-1.725157909095287323e-02,3.494685888290405273e-02,5.486222729086875916e-02,-8.121443539857864380e-02,-7.938416302204132080e-02,-1.418734639883041382e-01,-2.477286569774150848e-02,-2.016631364822387695e-01,2.022233232855796814e-02,-1.125178933143615723e-01,2.581105753779411316e-02,-2.069602720439434052e-02,-5.405716598033905029e-03,-1.235962584614753723e-01,-4.097716137766838074e-02,-1.826526373624801636e-01,2.511342167854309082e-01,-2.197343707084655762e-01,-1.744851619005203247e-01,1.812855750322341919e-01,2.187574282288551331e-02,8.930538594722747803e-02,2.006359770894050598e-02,-1.735056564211845398e-02,8.450829237699508667e-02,-1.144134551286697388e-01,-1.387562900781631470e-01,7.863041758537292480e-02,-7.640810310840606689e-02,-1.884331926703453064e-02,8.988095819950103760e-02,-5.133612826466560364e-02,-1.389287132769823074e-02,6.085178628563880920e-02,1.299636960029602051e-01,1.753602921962738037e-01,-3.321544080972671509e-02,-1.356096118688583374e-01,6.295944750308990479e-02,-2.058520214632153511e-03,1.507340371608734131e-01,7.630801945924758911e-02,-5.999411642551422119e-02,-1.029605492949485779e-01,4.277117177844047546e-02,-4.498169198632240295e-02,4.162635281682014465e-02,5.501349642872810364e-02
-1.154981404542922974e-01,5.372947454452514648e-02,-1.099844202399253845e-01,-1.980678178369998932e-02,-2.669881880283355713e-01,-3.576771542429924011e-02,-7.021913770586252213e-03,-2.137097418308258057e-01,1.726766675710678101e-01,-8.825683966279029846e-03,1.683723479509353638e-01,3.486350178718566895e-02,-2.965587936341762543e-02,-1.693315431475639343e-02,9.252949059009552002e-02,-2.970701828598976135e-02,-4.474203661084175110e-02,-1.912238076329231262e-02,2.788222581148147583e-02,1.101724430918693542e-01,-1.609661430120468140e-01,7.291898876428604126e-02,-6.661418825387954712e-02,3.869879618287086487e-02,1.966789811849594116e-01,2.923545893281698227e-03,-9.723237901926040649e-02,-9.889834374189376831e-02,2.989912033081054688e-02,-3.028800524771213531e-02,1.433898955583572388e-01,-1.083674058318138123e-01,-9.802693873643875122e-02,-2.491564899682998657e-01,-1.327479779720306396e-01,-5.240529403090476990e-02,-2.800622023642063141e-02,-1.753833144903182983e-01,-2.448185719549655914e-02,-2.085146121680736542e-02,-3.818827122449874878e-02,3.118002600967884064e-02,-2.148151770234107971e-02,-9.168365597724914551e-02,-1.569715440273284912e-01,-8.694671839475631714e-02,-1.035473644733428955e-01,-2.080177515745162964e-01,3.165253729093819857e-04,-3.926850855350494385e-02,-6.499836593866348267e-02,2.675101719796657562e-02,-1.000430434942245483e-01,-1.015329957008361816e-01,-1.051540672779083252e-01,-2.107306122779846191e-01,-8.593289554119110107e-02,-9.674758464097976685e-02,1.864911764860153198e-01,8.442740887403488159e-02,4.440374299883842468e-02,-1.533562391996383667e-01,-3.023938648402690887e-02,1.664058491587638855e-02,1.323384046554565430e-01,-2.630578726530075073e-02,6.098308041691780090e-02,4.146753996610641479e-02,-2.938061393797397614e-02,7.404575496912002563e-02,-2.604404687881469727e-01,-4.901928827166557312e-02,3.227395936846733093e-02,1.014394462108612061e-01,5.296611413359642029e-02,-1.005455255508422852e-01,-1.695290356874465942e-01,9.104259312152862549e-03,3.893445804715156555e-02,-1.074168682098388672e-01,8.310347795486450195e-02,1.975438147783279419e-01,8.240501582622528076e-02,3.629209846258163452e-02,2.025439590215682983e-01,-1.435242593288421631e-01,-7.920451462268829346e-02,1.678739339113235474e-01,-3.132557868957519531e-02,3.455301374197006226e-02,1.028845738619565964e-02,1.075057387351989746e-01,8.351381123065948486e-02,2.222080081701278687e-01,-9.110051393508911133e-02,-1.192218903452157974e-02,-1.194478273391723633e-01,8.452893048524856567e-02,-2.581086941063404083e-02,1.658796370029449463e-01,1.470254268497228622e-03,3.668464347720146179e-02,-1.504114270210266113e-01,-1.075073610991239548e-02,-4.491938650608062744e-02,1.456295978277921677e-02,8.030385524034500122e-02,1.143634393811225891e-01,6.607461720705032349e-02,-2.972024027258157730e-03,-2.887484729290008545e-01,2.936133556067943573e-02,1.270803660154342651e-01,2.378636412322521210e-02,2.716248482465744019e-02,-1.682358086109161377e-01,3.373533859848976135e-02,-1.829729974269866943e-01,9.849936515092849731e-02,-4.396629333496093750e-02,-3.396998718380928040e-02,-1.192606389522552490e-01,8.008408546447753906e-02,-3.897815244272351265e-03,4.620888084173202515e-02,-2.009578235447406769e-02,1.802191697061061859e-02,-1.170749738812446594e-01,-1.101920455694198608e-01,1.482131332159042358e-01,-1.394856274127960205e-01,-1.276057511568069458e-01,-1.058666482567787170e-01,-1.183286830782890320e-01,1.337636858224868774e-01,9.755135327577590942e-02,1.921102702617645264e-01,-2.840577363967895508e-01,1.072566211223602295e-01,1.910149306058883667e-02,9.543678909540176392e-02,2.610054798424243927e-02,5.368992686271667480e-02,-5.884969979524612427e-02,-1.543788611888885498e-01,5.506973713636398315e-02,-2.189960330724716187e-02,-1.288176029920578003e-01,1.032032370567321777e-01,-1.362083703279495239e-01,-1.615084707736968994e-01,1.035267021507024765e-02,-1.425543874502182007e-01,-1.091777011752128601e-01,3.893151879310607910e-02,2.027639932930469513e-02,-2.119125984609127045e-02,-1.380211263895034790e-01,1.133821606636047363e-01,2.438349723815917969e-01,-1.289538294076919556e-01,1.220336109399795532e-01,1.063438951969146729e-01,-3.564651682972908020e-02,1.590353548526763916e-01,4.955490678548812866e-02,-1.795735396444797516e-02,-3.433619812130928040e-02,-8.814509212970733643e-02,-1.627639979124069214e-01,-1.404047459363937378e-01,3.145711962133646011e-04,7.019860297441482544e-02,-1.655247658491134644e-01,-2.217711210250854492e-01,-6.394929438829421997e-02,6.511028390377759933e-03,-1.218514144420623779e-01,-7.845765352249145508e-02,1.020959317684173584e-01,8.882835507392883301e-02,7.924598455429077148e-02,-1.035204604268074036e-01
2.975487522780895233e-02,3.828242048621177673e-02,-8.576224744319915771e-02,1.302020102739334106e-01,-6.613341625779867172e-03,-8.948341012001037598e-02,6.838669627904891968e-02,6.143281236290931702e-02,-2.740185707807540894e-02,-1.407954394817352295e-01,1.250024437904357910e-01,5.475505441427230835e-02,3.066656589508056641e-01,2.345968782901763916e-01,1.147698014974594116e-01,6.865224987268447876e-02,-2.151735872030258179e-02,-5.530629307031631470e-02,-9.136851876974105835e-03,6.165087223052978516e-02,-1.575142741203308105e-01,-9.552594274282455444e-02,4.588036239147186279e-02,2.382539398968219757e-02,6.727047264575958252e-02,1.169481594115495682e-02,1.399764865636825562e-01,-1.530779600143432617e-01,-3.868975043296813965e-01,-2.520336024463176727e-02,6.351056508719921112e-03,-1.605162918567657471e-01,2.410678714513778687e-01,7.910645008087158203e-02,1.441325694322586060e-01,2.168735265731811523e-01,-3.399422019720077515e-02,3.002792894840240479e-01,2.004056125879287720e-01,1.641126722097396851e-01,-1.811541616916656494e-01,-1.489659100770950317e-01,-3.796261548995971680e-02,1.335836350917816162e-01,2.207019861089065671e-04,8.223553746938705444e-02,8.323356509208679199e-03,9.940754622220993042e-03,-7.755049318075180054e-02,-5.973817314952611923e-03,1.136208176612854004e-01,1.365486234426498413e-01,-3.146911785006523132e-02,4.791654273867607117e-02,2.574027888476848602e-02,9.526955336332321167e-02,-7.199605554342269897e-02,-6.654626131057739258e-02,1.561070047318935394e-02,-2.568017244338989258e-01,9.083951264619827271e-02,-1.183218210935592651e-01,-3.381191566586494446e-02,-2.151932567358016968e-01,6.088525801897048950e-02,-9.044411778450012207e-02,-7.372726220637559891e-03,-2.978839166462421417e-02,-2.256632596254348755e-02,6.262950599193572998e-02,-1.131499186158180237e-01,3.298499807715415955e-02,-1.570857465267181396e-01,7.765337824821472168e-03,-1.146619468927383423e-01,-6.138728559017181396e-02,6.017797812819480896e-02,-6.268108636140823364e-02,-2.104908972978591919e-02,3.342228382825851440e-02,-1.190849989652633667e-01,1.608278006315231323e-01,1.366743594408035278e-01,-3.471238166093826294e-02,-7.871931791305541992e-02,-6.953571736812591553e-02,-6.739673763513565063e-02,1.413735561072826385e-02,-9.854803979396820068e-02,1.410231366753578186e-02,-1.839893460273742676e-01,1.414275318384170532e-01,1.302359253168106079e-01,-8.646449446678161621e-02,1.082245111465454102e-01,6.153287366032600403e-03,-5.386646464467048645e-02,-6.685114651918411255e-02,-4.377132747322320938e-03,6.274404935538768768e-03,-4.673656821250915527e-02,-1.306770443916320801e-01,7.282936573028564453e-02,1.218712255358695984e-01,-1.013308688998222351e-01,-4.526716843247413635e-02,-7.355580478906631470e-02,2.415798604488372803e-01,-8.034582436084747314e-02,-1.853827685117721558e-01,1.567095369100570679e-01,2.345509231090545654e-01,9.322871267795562744e-02,-1.810843497514724731e-01,9.365315735340118408e-02,3.364594653248786926e-02,-9.867851436138153076e-02,-1.327887549996376038e-02,-4.109412059187889099e-02,-1.305565387010574341e-01,2.729231491684913635e-02,-1.889998614788055420e-01,3.303798660635948181e-02,5.602332204580307007e-02,5.082646757364273071e-02,-1.517484337091445923e-01,-2.944071590900421143e-02,4.924749210476875305e-02,-2.515765838325023651e-02,-1.704142987728118896e-02,-3.017282113432884216e-02,1.477023959159851074e-01,6.501141935586929321e-02,-4.082154016941785812e-03,1.515497267246246338e-01,4.357817023992538452e-02,-2.318729162216186523e-01,1.771405637264251709e-01,-1.891127438284456730e-03,2.664299681782722473e-02,-1.257290244102478027e-01,-1.559333950281143188e-01,1.410808116197586060e-01,1.938073486089706421e-01,-1.309052854776382446e-01,7.508454471826553345e-02,-1.975714229047298431e-03,9.472388774156570435e-02,-4.713528603315353394e-02,1.653472706675529480e-02,-1.307249069213867188e-01,2.039934322237968445e-02,3.632792085409164429e-02,-1.224279403686523438e-01,-2.051746398210525513e-01,1.558785736560821533e-01,-4.921059310436248779e-02,-1.044363304972648621e-01,-1.288998574018478394e-01,-1.219584047794342041e-01,-1.195285096764564514e-01,8.850172907114028931e-02,3.925020992755889893e-02,-1.982753574848175049e-01,1.054546097293496132e-03,2.614668011665344238e-02,4.800426959991455078e-02,-4.153807088732719421e-02,1.714884303510189056e-02,3.759306669235229492e-01,1.646211594343185425e-01,1.959235668182373047e-01,-7.431716471910476685e-02,-4.119620472192764282e-02,6.903130561113357544e-02,2.569748088717460632e-02,1.186284944415092468e-01,-6.753142923116683960e-02,-5.718702822923660278e-02,7.176918908953666687e-03,-1.970485784113407135e-02,7.606448978185653687e-02,-4.585973173379898071e-02
2.017397247254848480e-02,-7.231626659631729126e-02,9.008250385522842407e-02,-1.085583269596099854e-01,-6.658958643674850464e-02,1.008370518684387207e-01,8.472254127264022827e-02,1.171068996191024780e-01,4.122930765151977539e-02,2.304966188967227936e-02,-1.518612261861562729e-02,-1.994793862104415894e-02,-9.998522698879241943e-02,-2.386285513639450073e-01,-9.742363542318344116e-02,-1.085360422730445862e-01,9.947661310434341431e-02,-1.144188269972801208e-01,5.258057266473770142e-03,-2.718464657664299011e-02,5.889446288347244263e-02,1.945979893207550049e-01,1.097825821489095688e-02,4.966080188751220703e-02,8.810499310493469238e-02,3.206736594438552856e-02,1.934759318828582764e-01,6.678934395313262939e-02,-2.070043534040451050e-01,-6.608746200799942017e-02,7.309625297784805298e-02,-8.874631673097610474e-02,7.136207073926925659e-02,3.598768636584281921e-02,-3.562138602137565613e-02,-2.453213930130004883e-01,-1.675841980613768101e-03,1.070547550916671753e-01,9.215412288904190063e-02,-5.692373961210250854e-02,-1.590258479118347168e-01,1.095433235168457031e-01,-7.986042648553848267e-02,-6.875248253345489502e-02,-3.342103958129882812e-02,-2.055104076862335205e-01,-1.843653768301010132e-01,3.841014578938484192e-02,-9.886760264635086060e-02,-1.305536031723022461e-01,2.970443107187747955e-02,8.099304139614105225e-02,-9.194328635931015015e-02,5.358381196856498718e-02,-1.928161084651947021e-02,-1.725057512521743774e-01,-5.921695381402969360e-02,-1.660897880792617798e-01,-1.354094892740249634e-01,-1.048668697476387024e-01,-7.061549276113510132e-02,-1.306948158890008926e-02,-2.269106954336166382e-01,-6.077764928340911865e-02,-1.733109913766384125e-02,6.453349441289901733e-02,1.655172258615493774e-01,7.320363074541091919e-02,-7.789049297571182251e-02,-2.000894397497177124e-02,-1.041338071227073669e-01,-1.320141716860234737e-03,1.030649915337562561e-01,-9.335742145776748657e-02,1.317915767431259155e-01,-4.696251451969146729e-02,-5.354684218764305115e-02,-1.828272193670272827e-01,1.280530989170074463e-01,-1.466477513313293457e-01,3.852794319391250610e-02,8.230618387460708618e-02,1.174573600292205811e-02,4.243358597159385681e-02,3.974647447466850281e-02,9.823679924011230469e-02,-1.943069398403167725e-01,-1.827236860990524292e-01,1.131439283490180969e-01,1.906823366880416870e-01,1.110892221331596375e-01,6.348182912915945053e-03,7.895642518997192383e-02,2.343375049531459808e-02,-1.153781488537788391e-01,6.199815869331359863e-02,8.157834410667419434e-02,-5.294906347990036011e-02,-5.892082676291465759e-02,4.720426723361015320e-02,1.963478513062000275e-02,1.617958545684814453e-01,-1.948216855525970459e-01,-1.402141302824020386e-01,-2.261244319379329681e-02,8.764043450355529785e-02,1.474535167217254639e-01,-6.977024674415588379e-02,-1.321499496698379517e-01,-7.859682291746139526e-02,1.121831312775611877e-01,-6.637065857648849487e-02,8.572720922529697418e-03,-2.522578835487365723e-01,-1.795362681150436401e-01,5.484751239418983459e-02,-5.846586078405380249e-02,-1.250052750110626221e-01,1.754151880741119385e-01,-1.271346360445022583e-01,5.617285892367362976e-02,-9.889752417802810669e-02,-9.401999413967132568e-02,-1.689326912164688110e-01,-6.412138789892196655e-02,-1.212421804666519165e-01,-7.870934903621673584e-02,-1.147723123431205750e-01,-9.158195555210113525e-02,-2.623308077454566956e-02,3.185201063752174377e-02,-1.130070462822914124e-01,-6.417968869209289551e-02,5.543608963489532471e-02,-2.451824098825454712e-01,-4.916135966777801514e-02,-1.546429544687271118e-01,7.463802397251129150e-02,-1.337863951921463013e-01,2.191997766494750977e-01,2.212026566267013550e-01,-3.787699621170759201e-03,-1.901400536298751831e-01,8.799113333225250244e-03,-3.786151483654975891e-02,-8.937739580869674683e-02,1.964565366506576538e-01,-5.675555765628814697e-02,9.933086484670639038e-02,-3.870503604412078857e-02,-2.821969799697399139e-02,5.284085497260093689e-02,-5.670862644910812378e-02,7.903097569942474365e-02,1.739645898342132568e-01,-2.104511670768260956e-02,2.064624987542629242e-02,-3.838430391624569893e-03,6.797400861978530884e-02,3.317685052752494812e-02,1.640165410935878754e-02,-7.641263306140899658e-02,-1.304062008857727051e-01,-1.119791567325592041e-01,5.184952635318040848e-03,9.487688541412353516e-02,6.376352161169052124e-02,-9.959824383258819580e-02,-1.375100668519735336e-02,1.910093873739242554e-01,1.400289870798587799e-02,-3.651116043329238892e-02,-1.384727191179990768e-03,-5.878196097910404205e-03,-5.104304477572441101e-02,-8.771120011806488037e-02,-3.788414224982261658e-02,-2.119757980108261108e-02,-3.883026167750358582e-02,-1.177971139550209045e-01,-5.243046954274177551e-02,4.989901557564735413e-02,4.846046492457389832e-02
4.236215353012084961e-02,3.540892526507377625e-02,1.524489223957061768e-01,-8.553795516490936279e-02,-4.859681054949760437e-02,-9.295120090246200562e-02,-6.529324501752853394e-02,1.059899106621742249e-01,1.193676516413688660e-01,-2.064238637685775757e-01,-1.197790727019309998e-02,-1.083042239770293236e-03,8.231879025697708130e-02,-4.416995216161012650e-03,1.690679602324962616e-02,-6.414483487606048584e-02,9.798399358987808228e-02,1.295669376850128174e-01,1.073634549975395203e-01,9.895838052034378052e-02,-8.157128840684890747e-02,1.027322337031364441e-01,-2.341593652963638306e-01,1.518531423062086105e-02,-6.778678297996520996e-02,4.854598548263311386e-03,1.072759255766868591e-01,-1.315583437681198120e-01,3.569119423627853394e-02,-2.486845105886459351e-02,1.481494754552841187e-01,7.503262907266616821e-02,6.255472451448440552e-02,-6.731267552822828293e-03,2.651046589016914368e-02,-1.130288317799568176e-01,-4.945157468318939209e-02,6.797366589307785034e-02,-8.796180039644241333e-02,-5.117850378155708313e-02,-1.975544244050979614e-01,6.762078404426574707e-02,-4.495542123913764954e-02,-6.750518083572387695e-02,2.759308554232120514e-03,-2.296499758958816528e-01,-1.144630555063486099e-02,1.547907441854476929e-01,8.714113384485244751e-02,-1.720904260873794556e-01,7.644684612751007080e-02,1.878181286156177521e-02,2.138314694166183472e-01,-3.119122050702571869e-02,1.933075636625289917e-01,-1.557269133627414703e-02,-1.415865216404199600e-02,-6.873498857021331787e-02,1.383060365915298462e-01,-6.123688444495201111e-02,-1.599457859992980957e-01,-1.314913034439086914e-01,3.363240277394652367e-03,-2.276066318154335022e-02,-1.316957175731658936e-01,-5.229182168841362000e-02,-6.037643551826477051e-02,-9.396044164896011353e-02,4.840557649731636047e-02,1.779116690158843994e-01,1.447599232196807861e-01,-1.952749937772750854e-01,3.006335720419883728e-02,9.664095938205718994e-03,5.798295885324478149e-02,1.332229375839233398e-01,-1.294915676116943359e-01,-9.023965336382389069e-03,-6.246793270111083984e-02,-3.123614564538002014e-02,-8.792819082736968994e-02,-1.779072135686874390e-01,-2.567087672650814056e-02,-1.817489266395568848e-01,-9.369124472141265869e-02,-1.392371803522109985e-01,1.881875097751617432e-01,-3.093938110396265984e-03,4.543028026819229126e-02,1.198520883917808533e-02,1.626868993043899536e-01,-1.511878818273544312e-01,1.053229048848152161e-01,6.263491697609424591e-03,2.763587832450866699e-01,1.160923391580581665e-01,1.516822576522827148e-01,7.381295412778854370e-02,1.108977943658828735e-01,-9.769351035356521606e-02,-1.006971448659896851e-01,-9.761717170476913452e-03,4.010336846113204956e-02,5.253346264362335205e-02,-7.305529713630676270e-02,-1.005097553133964539e-01,-5.846983566880226135e-02,4.162747785449028015e-02,-9.163878858089447021e-02,-8.506021648645401001e-02,-7.295818626880645752e-02,-1.706973761320114136e-01,2.029180712997913361e-02,-3.582769073545932770e-03,3.048845566809177399e-02,1.667043417692184448e-01,-6.546814739704132080e-02,2.288040965795516968e-01,-1.010893471539020538e-02,1.175677999854087830e-01,-6.195705756545066833e-02,-1.935662180185317993e-01,-1.254031958524137735e-04,-3.431001305580139160e-02,9.430211037397384644e-02,-1.030840426683425903e-01,-1.489055156707763672e-01,-1.645745523273944855e-02,-1.507546901702880859e-01,-2.068017236888408661e-02,-3.237847983837127686e-02,-1.331489235162734985e-01,-1.221077963709831238e-01,-4.783762618899345398e-02,-1.255094259977340698e-01,7.125581055879592896e-02,1.310609877109527588e-01,2.250416278839111328e-01,-1.437635719776153564e-01,-2.511173114180564880e-02,-8.031862974166870117e-02,9.649722278118133545e-02,2.132704481482505798e-02,-6.300821900367736816e-02,-7.739702612161636353e-02,5.463359132409095764e-02,1.378553956747055054e-01,8.187397569417953491e-02,4.007598012685775757e-02,1.119624450802803040e-01,-2.496428787708282471e-01,2.876684255897998810e-02,2.051620930433273315e-01,-7.039967179298400879e-02,-9.005019813776016235e-02,-3.722399100661277771e-02,1.552774757146835327e-01,5.482278019189834595e-02,1.626810729503631592e-01,1.049985066056251526e-01,-1.368359327316284180e-01,1.051907986402511597e-01,1.258161962032318115e-01,1.758546233177185059e-01,3.985925577580928802e-03,6.004937924444675446e-03,-1.283568143844604492e-01,1.055421028286218643e-02,1.425200235098600388e-02,1.338213235139846802e-01,6.124548614025115967e-02,-1.400669962167739868e-01,-7.314363960176706314e-03,8.422701805830001831e-02,1.984212175011634827e-02,-1.035090759396553040e-01,1.405913978815078735e-01,8.169956505298614502e-03,3.963032737374305725e-02,7.910520583391189575e-02,8.475363254547119141e-02,1.864380761981010437e-02,-4.489095415920019150e-03
8.764078468084335327e-02,1.053116172552108765e-01,7.922885566949844360e-02,-1.626490615308284760e-02,8.687417209148406982e-02,-3.712502494454383850e-02,-3.635316342115402222e-02,-4.176509380340576172e-02,-1.091151759028434753e-01,-7.662590127438306808e-03,1.604814678430557251e-01,-9.058478474617004395e-02,6.144818291068077087e-02,6.810114253312349319e-03,-3.742724657058715820e-02,2.306220829486846924e-01,7.725172489881515503e-02,-2.693314291536808014e-02,-8.233239501714706421e-02,-5.441027134656906128e-02,-9.829273074865341187e-02,4.035482928156852722e-02,1.080920249223709106e-01,-1.657627820968627930e-01,1.063239574432373047e-01,-6.269749999046325684e-02,-1.525489091873168945e-01,1.804540865123271942e-02,-4.901932179927825928e-02,9.072774089872837067e-03,5.205450579524040222e-02,-1.868618875741958618e-01,-5.055758357048034668e-02,3.645760565996170044e-02,7.731430698186159134e-03,-1.019900012761354446e-02,-4.196680337190628052e-02,7.502832263708114624e-02,-1.259129792451858521e-01,-1.480698883533477783e-01,-1.268152594566345215e-01,-1.918965280055999756e-01,6.647531688213348389e-02,3.076543211936950684e-01,-2.764350473880767822e-01,-1.718581616878509521e-01,-1.168027967214584351e-01,-1.003156229853630066e-01,9.324977546930313110e-02,-1.992785185575485229e-02,-3.763610124588012695e-02,-2.824304625391960144e-02,1.718380898237228394e-01,9.606170654296875000e-02,1.418291963636875153e-02,1.479972153902053833e-01,1.719130016863346100e-02,-4.616673663258552551e-02,1.844374649226665497e-02,3.977961465716362000e-02,1.372750550508499146e-01,-5.665384978055953979e-02,-1.423097103834152222e-01,1.201862841844558716e-01,1.528964727185666561e-03,2.037575840950012207e-02,8.406504988670349121e-02,-1.534848362207412720e-01,-1.029866281896829605e-02,-1.049864292144775391e-01,6.766645610332489014e-02,2.729955613613128662e-01,-8.508185297250747681e-02,-7.062707096338272095e-02,2.151183597743511200e-02,1.583435684442520142e-01,-1.286979019641876221e-02,2.963511645793914795e-02,-1.797917783260345459e-01,-8.083136752247810364e-03,1.215714961290359497e-01,-2.327402383089065552e-01,1.274639815092086792e-01,1.493433266878128052e-01,-9.967218339443206787e-02,-4.003604874014854431e-02,-6.874269247055053711e-02,-3.720272704958915710e-02,1.067494694143533707e-02,-3.898395225405693054e-02,7.999530062079429626e-03,3.240809217095375061e-02,-3.770193783566355705e-03,-1.097497120499610901e-01,1.691813319921493530e-01,1.005406454205513000e-01,-7.941418886184692383e-02,4.030291736125946045e-02,1.128914281725883484e-01,2.317697741091251373e-02,1.854500323534011841e-01,-2.420142479240894318e-02,1.401107311248779297e-01,-9.213255345821380615e-02,-1.235646847635507584e-02,1.068616285920143127e-01,-2.591466009616851807e-01,1.364166140556335449e-01,1.225288510322570801e-01,4.229699261486530304e-03,4.048065748065710068e-03,-5.023839324712753296e-02,-4.962510243058204651e-02,4.471791908144950867e-02,-2.199059166014194489e-02,-1.178646907210350037e-01,-1.224383935332298279e-01,-7.913560606539249420e-03,-8.709342032670974731e-02,4.330827668309211731e-02,1.342449039220809937e-01,1.126617640256881714e-01,-3.590191900730133057e-02,-4.138705506920814514e-02,3.883132478222250938e-03,-2.982833422720432281e-02,2.288075238466262817e-01,-3.677700087428092957e-02,-2.065115272998809814e-01,2.108164429664611816e-01,-1.877709478139877319e-01,1.388483196496963501e-01,4.780662804841995239e-02,1.506396941840648651e-02,-8.341961354017257690e-02,1.341301798820495605e-01,-8.411066979169845581e-02,9.286606684327125549e-03,-5.365765839815139771e-02,-1.422721445560455322e-01,-7.445580512285232544e-02,2.229395695030689240e-02,3.939029574394226074e-02,8.607529103755950928e-02,1.120510790497064590e-02,5.421248450875282288e-02,-2.056038081645965576e-01,-5.977682396769523621e-02,1.604354232549667358e-01,6.863121688365936279e-02,2.700853347778320312e-01,2.055748552083969116e-02,1.020234450697898865e-01,2.730056457221508026e-02,2.735254354774951935e-02,-6.103234365582466125e-02,-4.179023578763008118e-02,-7.738832384347915649e-02,-1.280237454921007156e-02,-8.731454610824584961e-02,-1.598734408617019653e-01,1.091435328125953674e-01,3.256113454699516296e-02,6.967054307460784912e-02,1.022483631968498230e-01,-1.577470637857913971e-02,-3.268831968307495117e-02,4.021928831934928894e-02,-1.354376822710037231e-01,1.182747930288314819e-01,-1.167090758681297302e-01,-1.576990336179733276e-01,4.291186854243278503e-02,-4.386411979794502258e-02,2.733171880245208740e-01,9.898524731397628784e-02,-2.017703503370285034e-01,-1.231392920017242432e-01,1.184132620692253113e-01,6.445133686065673828e-02,2.316847443580627441e-02,9.272038191556930542e-02,8.745615184307098389e-02
2.836143784224987030e-02,1.352685317397117615e-02,-3.196199610829353333e-02,2.851362153887748718e-02,5.573221296072006226e-02,5.899140611290931702e-03,-2.363922744989395142e-01,1.851115375757217407e-02,-1.153517588973045349e-01,-1.099349465221166611e-02,9.791037440299987793e-02,1.293219774961471558e-01,1.189045608043670654e-02,-2.919051647186279297e-01,-1.060741487890481949e-02,-8.836224675178527832e-02,5.968350917100906372e-02,2.441332675516605377e-02,2.539759129285812378e-02,1.233759671449661255e-01,1.147850900888442993e-01,-1.072620525956153870e-01,8.695924282073974609e-02,7.320655137300491333e-02,7.595345377922058105e-02,-1.329994350671768188e-01,1.929979026317596436e-01,4.645112901926040649e-02,-1.223088577389717102e-01,5.837848410010337830e-03,-1.553200483322143555e-01,-9.029378741979598999e-02,-7.584062963724136353e-02,1.686375960707664490e-02,-1.498662400990724564e-02,3.063654340803623199e-02,-6.098363175988197327e-02,-3.903713077306747437e-02,-2.640276029706001282e-02,-1.378916501998901367e-01,1.268762946128845215e-01,1.017337217926979065e-01,-3.086224570870399475e-02,1.579119414091110229e-01,-1.110398676246404648e-02,7.572432607412338257e-02,1.639524102210998535e-01,4.934393987059593201e-02,-7.818040996789932251e-02,1.132431179285049438e-01,-1.079434081912040710e-01,6.344854086637496948e-02,-1.081317514181137085e-01,-8.413865417242050171e-02,1.221239268779754639e-01,-8.371798321604728699e-03,-6.789889186620712280e-02,-1.547443494200706482e-02,5.988825485110282898e-02,-1.458999663591384888e-01,7.409589737653732300e-02,-1.709633916616439819e-01,4.700912162661552429e-03,-2.242622971534729004e-01,1.575476676225662231e-01,1.053670942783355713e-01,-2.160938456654548645e-02,5.542557686567306519e-02,-8.864451199769973755e-02,-4.923618212342262268e-02,-2.422464266419410706e-02,1.528985612094402313e-02,1.103138737380504608e-02,1.464374456554651260e-02,2.074806690216064453e-01,-2.356451302766799927e-01,5.235462263226509094e-02,3.075147792696952820e-02,-4.910732433199882507e-02,1.848484575748443604e-02,-3.102705255150794983e-02,-7.689939439296722412e-02,8.444163203239440918e-02,5.433032661676406860e-02,1.240956690162420273e-02,-2.689794264733791351e-02,-7.368604838848114014e-02,1.390000879764556885e-01,4.035893827676773071e-02,7.894212007522583008e-02,1.451619714498519897e-01,-1.840054173953831196e-03,3.192682191729545593e-02,6.479588896036148071e-02,-1.492578350007534027e-02,8.304099738597869873e-02,-4.477414861321449280e-02,9.163007140159606934e-02,-1.772209070622920990e-02,-4.869898408651351929e-02,5.638490617275238037e-02,2.043895572423934937e-01,5.998269468545913696e-02,6.206931918859481812e-02,1.557354778051376343e-01,6.734415143728256226e-02,6.949746608734130859e-02,2.235413342714309692e-01,1.374740451574325562e-01,4.966510087251663208e-02,2.042254246771335602e-02,4.354389756917953491e-02,1.290464890189468861e-03,4.849263280630111694e-02,-4.732765257358551025e-03,-6.499351933598518372e-03,7.949864864349365234e-02,2.245083302259445190e-01,-1.865537650883197784e-02,5.650883167982101440e-02,7.644854485988616943e-02,4.008104652166366577e-02,5.722224712371826172e-02,1.208081915974617004e-01,1.980022937059402466e-01,9.536838531494140625e-02,6.168618425726890564e-02,-1.852463036775588989e-01,-7.461958378553390503e-02,1.320581138134002686e-01,-5.135152116417884827e-02,-2.174206264317035675e-02,-1.894095391035079956e-01,-1.133577078580856323e-01,8.199853822588920593e-03,-2.312565688043832779e-03,6.683059781789779663e-02,1.139934882521629333e-01,2.173593267798423767e-02,-3.072478435933589935e-02,1.004703417420387268e-01,2.559074759483337402e-01,5.843641236424446106e-02,-1.093008518218994141e-01,-2.211211770772933960e-01,-2.536670491099357605e-02,2.721489965915679932e-02,-8.604302257299423218e-02,-6.711740791797637939e-02,1.058542076498270035e-02,2.312246523797512054e-02,3.679640218615531921e-02,3.443084359169006348e-01,1.657574474811553955e-01,4.462324827909469604e-02,2.062324248254299164e-02,1.430937740951776505e-02,-4.212980717420578003e-02,-2.193373143672943115e-01,7.667637616395950317e-02,-6.191378459334373474e-02,-5.016231909394264221e-02,-4.287430644035339355e-02,9.426189213991165161e-02,-4.830302298069000244e-02,-1.560697406530380249e-01,-7.487543672323226929e-02,-7.766707241535186768e-02,-8.828361518681049347e-03,-4.307778552174568176e-02,-4.751748591661453247e-02,-5.252691358327865601e-02,-1.264499127864837646e-01,-6.464517116546630859e-02,-1.390519291162490845e-01,2.003986537456512451e-01,1.742025017738342285e-01,1.713234335184097290e-01,-8.892525732517242432e-02,-5.424067005515098572e-02,-6.806765496730804443e-02,4.400970786809921265e-02,9.773467481136322021e-02
-1.055689305067062378e-01,1.957191228866577148e-01,5.161411687731742859e-02,-1.396997272968292236e-01,1.167718693614006042e-01,-1.069943383336067200e-01,2.288875132799148560e-01,1.694591790437698364e-01,1.621357798576354980e-01,2.812528610229492188e-02,-4.660031199455261230e-02,-5.912375450134277344e-02,7.331293076276779175e-02,1.736701130867004395e-01,3.608646616339683533e-02,5.365968123078346252e-02,-1.794668845832347870e-02,1.221567988395690918e-01,1.884845667518675327e-03,-1.311218291521072388e-01,6.222861260175704956e-02,1.144196242094039917e-01,1.146627068519592285e-01,1.896182447671890259e-01,-8.267525583505630493e-02,-5.450019240379333496e-02,7.297319173812866211e-02,4.157064482569694519e-02,-1.467819958925247192e-01,-8.274418115615844727e-02,-1.290962547063827515e-01,3.836583346128463745e-02,-1.021134108304977417e-01,1.181378364562988281e-01,-1.099668443202972412e-03,2.871749103069305420e-01,-1.747409105300903320e-01,-9.328368306159973145e-02,4.394783079624176025e-02,9.060225635766983032e-02,7.749141752719879150e-02,-3.125688061118125916e-02,-6.131664291024208069e-02,8.164751529693603516e-02,8.619031310081481934e-02,1.905472278594970703e-01,-1.341255307197570801e-01,4.682259634137153625e-02,1.419306546449661255e-01,3.077932400628924370e-03,2.488237619400024414e-02,2.752282284200191498e-02,-1.460872823372483253e-03,-8.179221302270889282e-02,2.322138696908950806e-01,-2.721345797181129456e-02,8.076182007789611816e-02,3.323394432663917542e-02,-2.640021741390228271e-01,7.883286476135253906e-02,-7.069469429552555084e-03,-7.370399683713912964e-02,8.044251054525375366e-02,6.719105411320924759e-03,1.972057670354843140e-01,1.157026141881942749e-01,2.606610395014286041e-02,1.229475140571594238e-01,4.440772533416748047e-02,2.534597925841808319e-02,7.083078473806381226e-02,-1.969948261976242065e-01,-3.594343736767768860e-02,2.809961326420307159e-02,8.807557076215744019e-02,1.883221119642257690e-01,1.500608026981353760e-01,1.070953682065010071e-01,-1.233188137412071228e-01,-7.053299993276596069e-02,5.825331434607505798e-02,7.136607915163040161e-02,1.487547457218170166e-01,1.325428038835525513e-01,-1.221830621361732483e-01,3.586124628782272339e-02,-5.532598495483398438e-02,-2.706257440149784088e-02,-8.338363468647003174e-02,9.008379280567169189e-02,-1.617305725812911987e-02,5.027060210704803467e-02,1.220175474882125854e-01,-3.559314459562301636e-02,-1.389219611883163452e-01,-6.865863502025604248e-02,8.231230080127716064e-02,-8.806872367858886719e-02,-3.297581076622009277e-01,9.870412200689315796e-02,4.728048667311668396e-02,-3.587237745523452759e-02,5.841197818517684937e-02,3.776453435420989990e-02,1.335173100233078003e-01,2.172190248966217041e-01,5.420604348182678223e-02,4.654502496123313904e-02,-2.086248397827148438e-01,1.967784389853477478e-02,2.007812261581420898e-01,-4.603396728634834290e-02,-1.537677198648452759e-01,-2.382379472255706787e-01,2.182289659976959229e-01,-3.463202714920043945e-02,-4.076565802097320557e-02,-2.948337495326995850e-01,2.430876195430755615e-01,-4.775209352374076843e-02,1.600948423147201538e-01,-1.647748947143554688e-01,6.990221142768859863e-02,-4.108873754739761353e-02,-7.387632131576538086e-02,1.298685669898986816e-01,-1.098659485578536987e-01,1.501769274473190308e-01,-7.655368745326995850e-02,-1.679599285125732422e-01,-1.309741437435150146e-01,4.702113941311836243e-02,-1.023919205181300640e-03,6.802211701869964600e-02,1.463023871183395386e-01,1.299652643501758575e-02,7.414624840021133423e-02,-2.587526291608810425e-02,1.728296875953674316e-01,9.499999135732650757e-02,-1.157213747501373291e-02,2.313519716262817383e-01,-4.820393025875091553e-02,5.916285887360572815e-02,-6.549473106861114502e-02,1.016876567155122757e-02,-8.264227956533432007e-02,6.980729103088378906e-02,1.635564416646957397e-01,7.882882840931415558e-03,-4.499273374676704407e-02,-1.210673153400421143e-01,6.600279361009597778e-02,1.123975613154470921e-03,-1.140795722603797913e-01,-8.721166849136352539e-02,1.783271436579525471e-03,7.009839266538619995e-02,-9.862992912530899048e-02,-5.816740542650222778e-02,-8.345475047826766968e-02,1.636188179254531860e-01,-6.541492044925689697e-02,2.524726688861846924e-01,-8.486544340848922729e-02,-1.429682970046997070e-01,-2.797186188399791718e-02,-1.667186468839645386e-01,5.830863863229751587e-02,-2.703966572880744934e-03,-2.202074043452739716e-02,2.449418604373931885e-01,2.688948251307010651e-02,-9.604492038488388062e-02,-7.890374399721622467e-05,-1.255986653268337250e-02,2.432966083288192749e-01,-1.302362829446792603e-01,1.091090515255928040e-01,2.548725344240665436e-02,-1.119726151227951050e-01,4.780519381165504456e-02,-3.540690243244171143e-02
-1.195665672421455383e-01,1.865018531680107117e-02,1.116063743829727173e-01,-3.245801851153373718e-02,-3.336852649226784706e-03,-1.015226766467094421e-01,9.437968581914901733e-02,-2.562898099422454834e-01,-1.753834784030914307e-01,-2.005343288183212280e-01,6.763761490583419800e-02,-1.170542165637016296e-01,7.339363545179367065e-02,-8.482767641544342041e-02,6.323488429188728333e-03,-8.757004886865615845e-02,-1.887273043394088745e-02,1.579880416393280029e-01,6.509675085544586182e-02,8.916576951742172241e-02,8.004774898290634155e-02,-1.788352727890014648e-01,-1.039744121953845024e-03,-1.886174976825714111e-01,6.902194023132324219e-02,8.426485210657119751e-02,-5.694256350398063660e-02,1.893299981020390987e-03,1.208964921534061432e-02,2.158310562372207642e-01,-1.525492668151855469e-01,-1.189118549227714539e-01,-9.573064744472503662e-02,-2.098114043474197388e-01,5.785141140222549438e-02,7.299466431140899658e-02,7.987632602453231812e-02,-7.122216373682022095e-02,2.039979211986064911e-02,2.782415784895420074e-02,2.465826459228992462e-02,2.734603360295295715e-03,1.314375102519989014e-01,6.423307955265045166e-02,-3.702536597847938538e-02,-3.645612299442291260e-02,1.441372632980346680e-01,1.103422343730926514e-01,-9.896494448184967041e-02,-6.246973201632499695e-02,-1.325318664312362671e-01,1.260482706129550934e-02,6.649816036224365234e-02,1.602056324481964111e-01,9.387416392564773560e-02,-1.260769516229629517e-01,3.682079538702964783e-02,-5.113587900996208191e-02,7.444916665554046631e-02,-2.761370688676834106e-02,-2.841316349804401398e-02,2.399053610861301422e-02,-2.933400310575962067e-02,9.189053624868392944e-02,-3.801654325798153877e-03,-2.498743087053298950e-01,6.064025312662124634e-02,8.166655153036117554e-02,7.457476854324340820e-02,2.309159636497497559e-01,1.462867707014083862e-01,-1.504200398921966553e-01,1.403450407087802887e-02,1.716867685317993164e-01,1.584230214357376099e-01,-4.697228223085403442e-02,-5.325382202863693237e-02,-7.730169594287872314e-02,7.895994931459426880e-03,-1.415403187274932861e-01,-1.500509083271026611e-01,9.740029461681842804e-03,2.013328671455383301e-01,1.596278548240661621e-01,-6.653247028589248657e-02,-1.934579201042652130e-02,5.798830837011337280e-02,3.181104958057403564e-01,-9.588097780942916870e-02,-2.659136988222599030e-02,1.414831578731536865e-01,-4.322931542992591858e-02,5.681266263127326965e-02,8.877369016408920288e-02,-8.552331477403640747e-02,2.584515511989593506e-02,7.724204659461975098e-02,9.186940640211105347e-02,-3.736498951911926270e-02,-4.714852944016456604e-02,-1.253688186407089233e-01,-2.555436827242374420e-02,9.657303243875503540e-02,1.733686029911041260e-01,-7.620840519666671753e-02,2.113743126392364502e-02,1.219610031694173813e-02,-1.239039748907089233e-01,7.812231034040451050e-02,1.402944209985435009e-03,2.411712408065795898e-01,1.804755330085754395e-01,-6.392632424831390381e-02,-3.528407216072082520e-02,1.930491775274276733e-01,-2.234312742948532104e-01,-2.941227555274963379e-01,1.537536829710006714e-02,-1.032669842243194580e-01,-1.910933852195739746e-02,1.947374781593680382e-03,6.755515933036804199e-02,5.060000717639923096e-02,1.094029843807220459e-01,1.563391238451004028e-01,-5.231820978224277496e-03,7.932145148515701294e-02,1.034746989607810974e-01,-9.623048454523086548e-02,-1.532851904630661011e-01,1.594763100147247314e-01,-5.700838193297386169e-02,-1.841052770614624023e-01,1.164545491337776184e-02,6.787323951721191406e-02,-4.681462422013282776e-02,-1.672068685293197632e-01,-8.802648633718490601e-02,5.386701971292495728e-02,1.287618651986122131e-02,-7.265114784240722656e-02,-1.491974890232086182e-01,-1.527446806430816650e-01,6.431426107883453369e-02,1.185031309723854065e-01,4.848541319370269775e-02,2.706351131200790405e-02,6.787982583045959473e-02,1.465849131345748901e-01,1.209646388888359070e-01,2.177537046372890472e-02,-2.287530899047851562e-02,7.901334017515182495e-02,-2.687692455947399139e-02,1.975249312818050385e-02,-3.750479966402053833e-02,-4.664387553930282593e-03,-2.311351597309112549e-01,2.513405866920948029e-02,-1.243053004145622253e-01,-1.407454758882522583e-01,8.767074346542358398e-02,1.049868986010551453e-01,9.536174125969409943e-03,1.235979516059160233e-02,7.779241353273391724e-02,-1.206355616450309753e-01,-1.382213532924652100e-01,5.741574615240097046e-02,1.506045162677764893e-01,-6.251735985279083252e-02,-4.067368432879447937e-02,1.452303677797317505e-01,1.284663379192352295e-01,1.411889046430587769e-01,-2.552106082439422607e-01,-1.278255507349967957e-02,9.950789809226989746e-02,7.317818701267242432e-02,-8.610757999122142792e-03,-7.933048903942108154e-02,6.617994606494903564e-02,9.302183240652084351e-02
6.917198747396469116e-02,-1.449751760810613632e-02,-1.306293345987796783e-02,-4.457486793398857117e-02,-1.170301362872123718e-01,7.404577732086181641e-02,-1.083308011293411255e-01,9.572439640760421753e-02,-2.753721922636032104e-02,-9.552681446075439453e-02,1.181558594107627869e-01,2.504722215235233307e-02,-1.205504834651947021e-01,5.850170925259590149e-02,7.375329732894897461e-02,-5.237429961562156677e-02,-5.475059896707534790e-02,-1.013791039586067200e-01,1.034250259399414062e-01,4.033328965306282043e-02,2.692294493317604065e-02,5.348854511976242065e-02,1.790836155414581299e-01,9.371501952409744263e-02,-9.810675680637359619e-02,1.900600790977478027e-01,-1.912574283778667450e-02,-1.245915070176124573e-01,1.746136229485273361e-03,7.621913403272628784e-02,2.855727076530456543e-02,1.713847965002059937e-01,4.467938840389251709e-02,6.155287474393844604e-02,3.346324563026428223e-01,8.678859472274780273e-02,-3.080401383340358734e-02,2.152253687381744385e-02,1.084706038236618042e-01,5.735866725444793701e-02,5.046228691935539246e-02,9.104842692613601685e-02,5.259555578231811523e-02,-1.152557879686355591e-01,1.488398909568786621e-01,8.997941017150878906e-02,3.039708919823169708e-02,7.096532732248306274e-02,-1.780989021062850952e-01,7.340035587549209595e-02,2.018152624368667603e-01,-1.235722750425338745e-01,-2.867000002879649401e-04,1.192811205983161926e-01,-1.285004243254661560e-02,1.243353486061096191e-01,-1.748290359973907471e-01,1.283564269542694092e-01,-6.718146055936813354e-02,1.688853502273559570e-01,2.080287039279937744e-02,-4.135765880346298218e-02,-2.545312978327274323e-02,-4.822841659188270569e-02,1.366464942693710327e-01,3.298876062035560608e-02,5.454875063151121140e-03,-2.185254357755184174e-02,-1.446453779935836792e-01,1.061228737235069275e-01,-1.614433974027633667e-01,5.082534626126289368e-02,1.321510970592498779e-01,4.459033906459808350e-02,-8.977941423654556274e-02,5.773179978132247925e-02,-3.990687429904937744e-02,-2.456983476877212524e-01,3.503134846687316895e-02,-2.632972784340381622e-02,-1.745297908782958984e-01,-4.145790264010429382e-02,8.386377245187759399e-02,1.931299865245819092e-01,4.418578743934631348e-02,1.088064834475517273e-01,-2.544944174587726593e-02,8.174443244934082031e-02,6.410819292068481445e-02,1.393630653619766235e-01,-1.208265125751495361e-02,3.905607387423515320e-02,-1.458723992109298706e-01,-4.974292963743209839e-02,8.811063319444656372e-02,-1.191330403089523315e-01,-4.127475433051586151e-03,-9.948358684778213501e-02,2.612064182758331299e-01,1.403276473283767700e-01,2.300092251971364021e-03,5.939692258834838867e-02,1.677530109882354736e-01,2.167380601167678833e-01,-3.362149745225906372e-02,2.603231742978096008e-02,1.616772380657494068e-03,9.629437327384948730e-02,2.366910688579082489e-03,6.204335391521453857e-02,-3.287072991952300072e-03,6.353829801082611084e-02,-1.892527341842651367e-01,-7.935285568237304688e-02,1.872041821479797363e-01,7.923720031976699829e-02,-3.671722114086151123e-02,-5.692765116691589355e-02,-1.431079208850860596e-01,1.004132330417633057e-01,1.865512579679489136e-01,1.484880000352859497e-01,-2.088036984205245972e-01,7.902295142412185669e-02,-5.697216838598251343e-02,-5.459738895297050476e-02,-1.539472490549087524e-01,1.187986359000205994e-01,-3.109638579189777374e-02,-1.924224644899368286e-01,5.123884975910186768e-02,-1.728350110352039337e-02,2.404342964291572571e-02,8.104518800973892212e-02,-1.060063615441322327e-01,-3.087018802762031555e-02,-1.570840030908584595e-01,-8.550754934549331665e-02,-5.411889869719743729e-03,1.391136795282363892e-01,-3.894321992993354797e-02,7.431760430335998535e-02,-1.318845711648464203e-02,-1.659266203641891479e-01,7.085755467414855957e-02,-1.575632542371749878e-01,7.074012607336044312e-02,-5.176412378204986453e-05,1.639240421354770660e-02,1.028010174632072449e-01,-1.374924182891845703e-01,-2.540920861065387726e-02,-6.411156058311462402e-02,-1.818533986806869507e-02,2.833991870284080505e-02,-3.446462377905845642e-02,1.862507499754428864e-02,-2.082001231610774994e-02,3.620647266507148743e-02,-6.038956344127655029e-02,9.348399937152862549e-02,7.520014792680740356e-02,1.167963892221450806e-01,5.231653153896331787e-02,1.117832772433757782e-02,-2.630583569407463074e-02,3.091914579272270203e-02,2.766462564468383789e-01,1.255687922239303589e-01,1.179135739803314209e-01,-7.584944367408752441e-02,1.590618193149566650e-01,-7.501400262117385864e-02,3.485243069007992744e-03,-1.117194369435310364e-01,2.956795394420623779e-01,-8.860615640878677368e-02,2.018891572952270508e-01,2.304858900606632233e-02,9.197261184453964233e-02,-1.333836913108825684e-01,-4.974588006734848022e-02,5.743565037846565247e-02
-2.707121334969997406e-02,1.624983251094818115e-01,-9.935733675956726074e-02,-1.902984827756881714e-01,-9.088651090860366821e-02,9.493228793144226074e-02,1.842511892318725586e-01,8.349976688623428345e-02,-9.070561267435550690e-03,5.352658405900001526e-02,-1.076076254248619080e-01,-3.953637927770614624e-02,4.390018805861473083e-02,5.330041050910949707e-03,5.123091861605644226e-02,3.836060315370559692e-02,-5.835819616913795471e-02,-1.174263842403888702e-02,7.155188173055648804e-02,-1.418840140104293823e-01,-1.640858799219131470e-01,2.222436107695102692e-02,1.604420505464076996e-02,9.317315369844436646e-02,8.476599305868148804e-02,1.773762404918670654e-01,-2.061277478933334351e-01,-8.764251321554183960e-02,1.427547931671142578e-01,1.455618739128112793e-01,-4.129564622417092323e-04,-1.454656869173049927e-01,2.788340151309967041e-01,1.307414770126342773e-01,-5.804513767361640930e-02,5.761009640991687775e-03,-5.738161504268646240e-02,-2.182996645569801331e-02,1.010381355881690979e-01,1.310516428202390671e-02,-3.149988502264022827e-02,1.394485533237457275e-01,-2.492721006274223328e-02,-1.336328685283660889e-01,-8.963295258581638336e-03,-5.368928983807563782e-02,5.814931541681289673e-02,4.804176092147827148e-02,1.397433280944824219e-01,-6.733234226703643799e-02,1.648801416158676147e-01,-1.872607171535491943e-01,-3.376942500472068787e-02,1.565242558717727661e-01,7.288723438978195190e-02,-6.168906763195991516e-02,5.174455791711807251e-02,-1.368569433689117432e-01,-9.511109441518783569e-02,-2.707244269549846649e-02,6.699486076831817627e-02,-9.973701834678649902e-02,-2.535365708172321320e-02,-4.959811642765998840e-02,-8.905753493309020996e-02,-5.089289322495460510e-02,-1.267456263303756714e-01,-8.000949025154113770e-02,3.474045172333717346e-02,7.222596555948257446e-02,4.903995618224143982e-02,2.423886908218264580e-03,9.040311723947525024e-02,1.752302423119544983e-02,-2.221507579088211060e-02,-2.800092473626136780e-02,-7.989330589771270752e-02,-9.488578885793685913e-02,-1.927626132965087891e-01,2.193742841482162476e-01,-1.989399828016757965e-02,-8.598732203245162964e-02,1.704279100522398949e-03,-1.037596315145492554e-01,-5.653908848762512207e-02,-1.910597681999206543e-01,9.453251212835311890e-02,4.716661199927330017e-02,1.825133860111236572e-01,4.033608362078666687e-02,7.705894857645034790e-02,2.024562209844589233e-01,1.039031613618135452e-02,-5.209628865122795105e-02,-1.071614678949117661e-02,2.627850277349352837e-03,9.878249466419219971e-02,-1.724020540714263916e-01,-1.169427707791328430e-01,9.739993512630462646e-02,6.161062512546777725e-03,7.712573558092117310e-02,-1.745891273021697998e-01,-4.882317036390304565e-02,-2.635245397686958313e-02,1.093951910734176636e-01,1.987192220985889435e-02,6.690155714750289917e-02,-2.490434795618057251e-03,5.118191242218017578e-03,-2.116275019943714142e-03,1.410151831805706024e-02,5.558219179511070251e-02,1.111653372645378113e-01,3.683675453066825867e-02,-1.355211436748504639e-01,-1.998925022780895233e-02,-4.737889394164085388e-02,-2.702068351209163666e-02,6.236879620701074600e-03,1.611160337924957275e-01,3.650292381644248962e-02,2.641680277884006500e-02,-1.754976063966751099e-02,-1.164073348045349121e-01,-1.540485173463821411e-01,2.754001878201961517e-02,-6.827897578477859497e-02,-2.354079112410545349e-02,1.366320550441741943e-01,1.184908766299486160e-02,4.616948589682579041e-02,3.645668923854827881e-02,3.668151423335075378e-02,5.470459163188934326e-02,-4.223049432039260864e-02,-3.978126123547554016e-02,3.593441843986511230e-02,-2.230448275804519653e-01,1.319518387317657471e-01,2.681157924234867096e-02,4.778853803873062134e-02,1.013184040784835815e-01,-1.210317611694335938e-01,-7.766938954591751099e-02,-1.485676467418670654e-01,6.264982372522354126e-02,-3.434684127569198608e-02,1.679868251085281372e-02,1.467885524034500122e-01,-1.017154604196548462e-01,4.586634784936904907e-02,6.302144378423690796e-02,-3.082061558961868286e-02,6.469197571277618408e-02,-1.035736426711082458e-01,-7.480637729167938232e-02,2.504676580429077148e-01,-2.253479659557342529e-01,-1.167403087019920349e-01,1.208124160766601562e-01,1.317765116691589355e-01,1.786683872342109680e-02,2.773262560367584229e-02,2.411290258169174194e-01,7.376558333635330200e-02,-7.144495844841003418e-02,-1.781985461711883545e-01,1.489518675953149796e-02,-8.453834801912307739e-03,7.204080373048782349e-02,-9.307626634836196899e-02,4.030868411064147949e-02,-6.357266753911972046e-02,3.673414140939712524e-02,-1.017295867204666138e-01,1.933064777404069901e-03,-2.130545973777770996e-01,-2.894006296992301941e-02,2.425482124090194702e-01,-6.565149873495101929e-02,2.925017848610877991e-02,-1.857508867979049683e-01
2.881397865712642670e-02,8.481134474277496338e-02,1.706443428993225098e-01,-5.872051790356636047e-02,9.306719526648521423e-03,1.193976178765296936e-01,-1.461421251296997070e-01,1.196104958653450012e-01,1.323409229516983032e-01,9.308689087629318237e-02,-1.193031892180442810e-01,8.478596806526184082e-03,2.099788337945938110e-01,-2.074320241808891296e-02,-8.231115341186523438e-02,6.004452705383300781e-02,3.078203275799751282e-02,-3.026327490806579590e-02,-2.796758338809013367e-02,-1.057958751916885376e-01,2.256053388118743896e-01,3.232108429074287415e-02,-2.039002031087875366e-01,1.138645261526107788e-01,-1.206859797239303589e-01,-1.761411875486373901e-01,8.952010422945022583e-02,-2.108657360076904297e-02,2.107740044593811035e-01,-3.194598257541656494e-01,-9.664545208215713501e-02,-1.518123447895050049e-01,-4.367077350616455078e-02,3.470537066459655762e-02,1.297649648040533066e-02,5.978841334581375122e-02,-1.742296665906906128e-01,1.394481360912322998e-01,-8.648894727230072021e-03,8.515653014183044434e-02,-2.198219671845436096e-02,7.829610258340835571e-02,-4.570458829402923584e-02,5.744071677327156067e-02,2.320057451725006104e-01,7.854519411921501160e-03,3.096459200605750084e-03,3.491922840476036072e-02,6.700110435485839844e-02,-1.193124279379844666e-01,1.835353076457977295e-01,-2.076862454414367676e-01,-2.106521651148796082e-02,1.162675693631172180e-01,-2.329536713659763336e-02,-1.875690557062625885e-02,-7.656269520521163940e-02,1.858837306499481201e-01,-1.270393133163452148e-01,1.265138387680053711e-01,-1.409885883331298828e-01,-1.573295146226882935e-01,-2.024252116680145264e-01,-1.708843857049942017e-01,-2.097932621836662292e-02,-1.124291121959686279e-01,1.236037835478782654e-01,1.360055655241012573e-01,-4.559340700507164001e-02,-9.680990129709243774e-02,-3.446548804640769958e-02,-6.905709952116012573e-02,-2.433427572250366211e-01,8.579805493354797363e-03,-4.019750654697418213e-02,1.615338474512100220e-01,-1.750964820384979248e-01,9.333134442567825317e-02,-2.111234366893768311e-01,2.076900750398635864e-01,-2.257699668407440186e-01,-1.380649358034133911e-01,6.554811447858810425e-02,9.903952479362487793e-02,-5.980223789811134338e-02,-2.592102438211441040e-02,-1.253753006458282471e-01,7.009083777666091919e-02,-2.501873299479484558e-02,-2.217097878456115723e-01,9.400555491447448730e-02,-1.767637133598327637e-01,3.866553306579589844e-02,5.357719585299491882e-02,-5.504247546195983887e-02,-8.537959307432174683e-02,7.560428977012634277e-02,1.832692623138427734e-01,-6.064970791339874268e-02,-8.442807011306285858e-03,1.855854392051696777e-01,-3.397990390658378601e-02,-3.347880840301513672e-01,-1.307431012392044067e-01,3.093408346176147461e-01,-6.461938843131065369e-03,-1.577284932136535645e-02,4.802697896957397461e-02,-1.055046841502189636e-01,2.640506997704505920e-02,-8.926863782107830048e-03,1.514053791761398315e-01,6.055408716201782227e-02,-1.070872321724891663e-01,1.283304691314697266e-01,-3.456990122795104980e-01,-6.188279017806053162e-02,2.151145227253437042e-02,3.810042142868041992e-02,7.913947850465774536e-02,-3.115061856806278229e-02,-1.515532582998275757e-01,-3.469267860054969788e-02,1.791913434863090515e-02,7.718258351087570190e-02,2.532732188701629639e-01,-1.284348964691162109e-01,1.050192490220069885e-01,8.606941252946853638e-02,-8.899658918380737305e-02,-3.344844281673431396e-02,1.232949420809745789e-01,-2.486445382237434387e-02,1.066906191408634186e-02,-7.732395827770233154e-02,-2.795418258756399155e-04,1.174726113677024841e-01,-1.615551710128784180e-01,-8.546502888202667236e-02,-7.346580922603607178e-02,-2.046978101134300232e-02,5.027233436703681946e-02,1.349644809961318970e-01,-1.181421917863190174e-03,7.981289923191070557e-02,1.125547811388969421e-01,-1.900331974029541016e-01,5.366691946983337402e-02,9.865125268697738647e-02,2.936247587203979492e-01,1.350382566452026367e-01,-3.836913034319877625e-02,-8.941090852022171021e-02,-1.965160109102725983e-02,3.105865046381950378e-02,-3.265961706638336182e-01,1.046580895781517029e-01,-2.577030099928379059e-02,7.621177285909652710e-02,-1.395559161901473999e-01,2.192158102989196777e-01,1.113590672612190247e-01,-2.904740162193775177e-02,-1.130292043089866638e-01,-4.100104048848152161e-02,4.411309212446212769e-02,7.906790077686309814e-02,2.175309062004089355e-01,-5.177450180053710938e-02,6.624104827642440796e-02,-1.342563331127166748e-01,-6.421874463558197021e-02,-5.280277878046035767e-02,-1.517693549394607544e-01,9.187863767147064209e-02,4.488410428166389465e-02,-5.017209798097610474e-02,-1.138194203376770020e-01,1.066311225295066833e-01,7.826193422079086304e-02,1.452425145544111729e-03,1.611452847719192505e-01,-2.102100290358066559e-02
-1.563970297574996948e-01,1.847504228353500366e-01,-7.804542034864425659e-02,-1.116162985563278198e-01,5.010885745286941528e-02,2.865428803488612175e-03,-8.204489946365356445e-02,5.000457167625427246e-02,1.993208974599838257e-01,-1.393103003501892090e-01,-8.235480636358261108e-02,-8.986218273639678955e-02,4.684973508119583130e-02,-6.719286739826202393e-02,-1.527140289545059204e-01,-3.148293867707252502e-02,1.801641136407852173e-01,-8.181696385145187378e-02,7.032740116119384766e-02,1.211898960173130035e-02,-2.965096756815910339e-02,4.286302626132965088e-02,1.864762157201766968e-01,-4.020654782652854919e-02,-1.168125793337821960e-01,6.083332747220993042e-02,2.768863365054130554e-02,-7.717086933553218842e-03,1.610483378171920776e-01,4.596670717000961304e-02,-8.375242352485656738e-02,-1.020374670624732971e-01,1.170915141701698303e-01,-6.578237749636173248e-03,8.305858075618743896e-02,1.126992236822843552e-02,1.665894314646720886e-02,-1.150660589337348938e-02,-1.569706201553344727e-01,1.184335425496101379e-01,-1.075604110956192017e-01,-1.162541061639785767e-01,-3.638740628957748413e-02,-1.392810493707656860e-01,1.624919474124908447e-01,2.354774065315723419e-02,-1.808279603719711304e-01,7.279679924249649048e-02,-6.096710637211799622e-02,-3.093499876558780670e-02,-1.065910235047340393e-02,-7.180644664913415909e-03,-8.463866263628005981e-02,-1.323919445276260376e-01,-6.842201948165893555e-02,-7.293567061424255371e-02,8.390180766582489014e-02,-1.494540553539991379e-02,-1.263638287782669067e-01,5.911435931921005249e-02,-7.074717432260513306e-02,9.103338234126567841e-04,-1.625191569328308105e-01,-2.017865777015686035e-01,1.023153588175773621e-02,7.445194572210311890e-02,1.039052158594131470e-01,-1.915104091167449951e-01,1.409573554992675781e-01,4.135921970009803772e-02,-3.738349536433815956e-03,9.354330599308013916e-02,-1.631158590316772461e-01,3.291602060198783875e-02,-2.605750039219856262e-02,-7.466792315244674683e-02,5.845280829817056656e-03,2.445407584309577942e-02,-4.718199837952852249e-03,-1.545299440622329712e-01,1.282689124345779419e-01,2.496869117021560669e-02,4.034323096275329590e-01,-4.159081354737281799e-02,-4.464408382773399353e-02,-2.247998714447021484e-01,-1.517754793167114258e-01,-3.446634486317634583e-02,-6.975729018449783325e-02,8.787314593791961670e-02,-1.106236949563026428e-01,8.286697417497634888e-02,-2.325589209794998169e-01,7.816952466964721680e-02,2.165633626282215118e-02,-5.148109793663024902e-02,-2.956695109605789185e-02,6.890257447957992554e-02,-2.304195426404476166e-02,-7.644112408161163330e-02,8.754590153694152832e-02,7.814088836312294006e-03,-1.594033986330032349e-01,-7.696344982832670212e-03,1.660976260900497437e-01,-3.894570469856262207e-02,6.723429262638092041e-02,1.411479413509368896e-01,-8.406381821259856224e-04,-9.325634688138961792e-02,-1.033202260732650757e-01,2.508405447006225586e-01,8.645746856927871704e-02,1.754171252250671387e-01,-2.169896475970745087e-02,-1.274234503507614136e-01,1.703729620203375816e-03,1.227424442768096924e-01,-3.979001194238662720e-03,2.424902617931365967e-01,-1.502060443162918091e-01,1.469196286052465439e-03,6.947004795074462891e-02,7.005729526281356812e-02,2.061433047056198120e-01,1.880192011594772339e-01,-4.253907501697540283e-02,2.049005329608917236e-01,-5.404836311936378479e-02,-8.264295011758804321e-02,8.856939524412155151e-02,8.481367677450180054e-02,-8.006928861141204834e-02,8.885245770215988159e-02,-3.939670696854591370e-02,-8.265798538923263550e-02,-2.514104247093200684e-01,7.033352553844451904e-02,-1.528013404458761215e-02,1.528954803943634033e-01,-1.545005291700363159e-02,7.612960040569305420e-02,-9.643441438674926758e-02,-4.219929873943328857e-02,-1.197907701134681702e-01,1.112707406282424927e-01,-1.543274149298667908e-02,4.861481487751007080e-03,-2.598626613616943359e-01,-4.617216065526008606e-02,3.261728212237358093e-02,-5.519982054829597473e-02,1.712240427732467651e-01,-5.645170342177152634e-03,6.592237949371337891e-02,-1.546919494867324829e-01,7.541707903146743774e-02,-4.883361980319023132e-03,-4.348150268197059631e-02,-8.699793368577957153e-02,-4.521248489618301392e-02,-7.422081660479307175e-03,1.814634203910827637e-01,7.145246118307113647e-02,-6.902183871716260910e-03,3.469037264585494995e-02,7.364641129970550537e-02,2.620116109028458595e-03,1.971747875213623047e-01,3.889767229557037354e-01,-8.387231081724166870e-02,-2.810235368087887764e-03,9.704497456550598145e-02,-7.361919619143009186e-03,4.283185303211212158e-02,-4.758502170443534851e-02,1.454245895147323608e-01,-3.771363943815231323e-02,6.282988470047712326e-03,-1.373173892498016357e-01,4.282714799046516418e-02,1.187806278467178345e-01,-7.898058393038809299e-04
1.230964064598083496e-01,-9.507316350936889648e-02,1.416723728179931641e-01,-3.338584443554282188e-03,-9.023653692565858364e-04,1.515962462872266769e-02,-6.272578984498977661e-02,-3.563102334737777710e-02,6.915364414453506470e-02,1.974216848611831665e-01,1.428622100502252579e-02,-1.210761591792106628e-01,1.642615161836147308e-02,5.031234584748744965e-03,6.678356230258941650e-02,3.281022235751152039e-02,2.907150425016880035e-02,1.633797734975814819e-01,-7.188919931650161743e-02,-1.054796129465103149e-01,-9.744078665971755981e-02,-6.622592359781265259e-02,-9.732276201248168945e-02,1.519912388175725937e-02,1.470650583505630493e-01,1.688861399888992310e-01,-1.201837509870529175e-01,-3.218146041035652161e-02,-1.250738948583602905e-01,1.161365117877721786e-02,4.026735201478004456e-02,1.366737186908721924e-01,-1.485023498535156250e-01,9.778810665011405945e-03,5.994189158082008362e-02,4.002930968999862671e-02,6.118538975715637207e-02,-6.308870762586593628e-02,-2.877848222851753235e-02,-2.851485647261142731e-02,-2.604300901293754578e-02,9.081574529409408569e-02,-1.077571585774421692e-01,-4.772657901048660278e-02,5.600081384181976318e-02,-4.033269733190536499e-02,-7.265655323863029480e-03,-5.721924453973770142e-02,2.351191937923431396e-01,-5.901331827044487000e-02,8.034607768058776855e-02,-5.932225286960601807e-02,2.914342563599348068e-03,-2.487246878445148468e-03,-3.077748417854309082e-01,8.550398051738739014e-02,1.513796150684356689e-01,-2.354716695845127106e-02,6.324212998151779175e-02,-3.855791408568620682e-03,-1.733032613992691040e-01,-8.914984646253287792e-04,-2.491088770329952240e-02,2.565163001418113708e-02,9.969174861907958984e-02,-4.710463434457778931e-02,-1.212941333651542664e-01,1.030201315879821777e-01,1.313093304634094238e-01,1.239060834050178528e-01,-1.728240251541137695e-01,2.197891287505626678e-02,-1.278068777173757553e-02,-1.056430861353874207e-01,1.131244599819183350e-01,-1.989625543355941772e-01,1.422122307121753693e-02,1.409314572811126709e-01,3.429522272199392319e-03,4.601138457655906677e-02,-1.107651442289352417e-01,1.270339637994766235e-01,1.044345051050186157e-01,-9.683193266391754150e-02,-4.020019900053739548e-03,2.216008156538009644e-01,3.115280568599700928e-01,-1.437301784753799438e-01,9.857957810163497925e-02,-6.205435097217559814e-02,9.572476893663406372e-02,-1.046939417719841003e-01,-1.163724586367607117e-01,-2.538455724716186523e-01,-2.317379415035247803e-01,-6.301917135715484619e-02,1.166956871747970581e-01,-3.276791423559188843e-02,-3.489891812205314636e-02,-1.678290665149688721e-01,4.836121946573257446e-02,-4.268324002623558044e-02,-4.471906460821628571e-03,-6.002806499600410461e-02,-6.014102324843406677e-02,-2.383916079998016357e-02,-7.662336528301239014e-02,-1.975693181157112122e-02,-1.214398667216300964e-01,5.624710395932197571e-02,1.866415143013000488e-01,-8.519431948661804199e-02,5.965920537710189819e-02,6.821539998054504395e-02,1.408484578132629395e-02,-1.550672352313995361e-01,-3.430893877521157265e-03,6.686845421791076660e-02,-1.843595691025257111e-02,-3.362797573208808899e-02,-1.029808223247528076e-01,3.311018273234367371e-02,1.495007872581481934e-01,-1.804526299238204956e-01,9.856552630662918091e-02,5.157442763447761536e-02,1.126080006361007690e-01,-7.523774355649948120e-02,4.982216656208038330e-02,-1.278010606765747070e-01,-6.996206194162368774e-02,-9.926707297563552856e-02,-2.596869319677352905e-02,-8.453842252492904663e-02,1.398933306336402893e-02,-5.068430677056312561e-02,2.808457054197788239e-02,1.216114014387130737e-01,-1.181992050260305405e-02,1.355791538953781128e-01,-1.426914036273956299e-01,-4.565470665693283081e-02,-1.582801789045333862e-01,6.266266852617263794e-02,8.535578101873397827e-02,-1.810742169618606567e-01,1.019192487001419067e-01,3.806290030479431152e-02,3.144453838467597961e-02,4.158085503149777651e-04,-5.700261145830154419e-02,-6.842668354511260986e-02,9.768291562795639038e-02,-8.861973881721496582e-02,-8.493365347385406494e-02,-8.597712218761444092e-02,1.337486039847135544e-02,1.698587834835052490e-01,-1.455744057893753052e-01,6.220875680446624756e-02,-9.676261991262435913e-02,8.690340071916580200e-02,-1.343792676925659180e-01,2.411230932921171188e-03,-2.026882320642471313e-01,-1.618646681308746338e-01,5.847929418087005615e-02,1.001154780387878418e-01,4.264591634273529053e-02,-1.011618748307228088e-01,-9.211885929107666016e-02,-1.981776505708694458e-01,8.090771734714508057e-02,1.613114476203918457e-01,-1.545679941773414612e-02,-1.529313041828572750e-03,-8.261871407739818096e-04,1.076438128948211670e-01,-5.109077692031860352e-02,-1.060269623994827271e-01,2.478963881731033325e-02,6.469910591840744019e-02,-1.463835984468460083e-01
-6.527594476938247681e-02,-1.903610676527023315e-01,-1.168389841914176941e-01,-4.277297854423522949e-02,-1.112683713436126709e-01,-2.503460347652435303e-01,-3.316350281238555908e-02,1.709435880184173584e-01,-1.996346376836299896e-02,-1.058152094483375549e-01,1.097996458411216736e-01,-2.461557239294052124e-01,-1.316665560007095337e-01,-2.366583049297332764e-02,1.483259443193674088e-02,-3.910438716411590576e-02,-2.221038788557052612e-01,1.328123658895492554e-01,-1.431403309106826782e-01,7.592085003852844238e-02,-4.534241184592247009e-02,1.590950787067413330e-01,-9.414463490247726440e-02,2.239940315485000610e-01,1.366290599107742310e-01,-7.587422430515289307e-02,-2.517538145184516907e-02,1.398728042840957642e-01,1.060937643051147461e-01,4.825637862086296082e-02,6.484360247850418091e-02,-1.281352788209915161e-01,-1.121153756976127625e-01,1.348799653351306915e-02,1.251767873764038086e-01,6.667304784059524536e-02,2.503956109285354614e-02,3.640472888946533203e-02,1.741357892751693726e-01,-3.508377820253372192e-02,1.354236453771591187e-01,-6.836353987455368042e-02,1.368968635797500610e-01,2.802205085754394531e-01,-7.436811178922653198e-02,1.130893826484680176e-01,-5.269339308142662048e-02,-2.730388194322586060e-02,-1.056535914540290833e-01,-6.452148407697677612e-02,1.015221700072288513e-01,-8.950552344322204590e-02,-1.046241521835327148e-01,-1.530984789133071899e-01,-8.845989406108856201e-02,2.427233755588531494e-02,-1.312710791826248169e-01,1.184906959533691406e-01,-1.169235333800315857e-01,6.327351089566946030e-03,-1.194355636835098267e-01,-8.153007924556732178e-02,1.779860109090805054e-01,-1.337631512433290482e-02,-6.496520247310400009e-03,5.502021312713623047e-02,1.958281360566616058e-02,-1.666063815355300903e-01,1.500028967857360840e-01,-3.932154551148414612e-02,-2.792439609766006470e-02,7.738588005304336548e-02,-1.504316031932830811e-01,-4.442851245403289795e-02,1.814797222614288330e-01,-8.721155673265457153e-02,-1.387405097484588623e-01,1.203197687864303589e-01,3.221397846937179565e-02,1.386090219020843506e-01,-1.947954297065734863e-01,-9.580212086439132690e-02,-8.081347495317459106e-02,-9.696159511804580688e-03,1.512653380632400513e-01,-7.605639100074768066e-02,-3.474617376923561096e-02,1.052905619144439697e-01,-1.092713698744773865e-01,-3.794287145137786865e-02,-1.949152052402496338e-01,-3.906084224581718445e-02,1.132912114262580872e-01,-8.612965047359466553e-02,-9.484737180173397064e-03,-1.381284743547439575e-01,1.152125298976898193e-01,1.410239934921264648e-01,-4.289831221103668213e-02,-8.095058798789978027e-02,-6.669428199529647827e-02,1.846903562545776367e-01,2.085061967372894287e-01,-1.464204862713813782e-02,7.915847003459930420e-03,2.573978900909423828e-01,-4.884298518300056458e-02,1.822056062519550323e-02,1.227628812193870544e-01,-2.350217550992965698e-01,-1.941150613129138947e-02,-3.270641714334487915e-02,-6.147309020161628723e-02,5.818481370806694031e-02,-1.351968199014663696e-02,-1.550061702728271484e-01,-2.752285003662109375e-01,4.396288096904754639e-02,3.738786559551954269e-03,1.192404776811599731e-01,1.233648881316184998e-01,-8.437618613243103027e-02,2.309316769242286682e-02,-3.219631314277648926e-02,-6.667219102382659912e-02,4.889489710330963135e-02,2.960421144962310791e-02,2.915034629404544830e-02,1.122244149446487427e-01,-7.721333950757980347e-02,4.631810635328292847e-02,8.711424469947814941e-02,-6.463522464036941528e-02,9.311055392026901245e-02,-1.996509172022342682e-02,-2.988357329741120338e-03,-4.896982386708259583e-02,1.505799144506454468e-01,1.850440651178359985e-01,-3.190603852272033691e-02,-5.682956427335739136e-02,7.573604583740234375e-02,1.412609815597534180e-01,7.636190950870513916e-02,-1.229530200362205505e-01,2.131868712604045868e-02,-4.364930465817451477e-02,-3.834822028875350952e-02,1.389144062995910645e-01,1.623765826225280762e-01,-7.738216221332550049e-02,-6.150220334529876709e-02,1.277777850627899170e-01,1.761219352483749390e-01,1.142582073807716370e-01,-1.162636205554008484e-01,-1.025604605674743652e-01,-5.262196809053421021e-02,4.724317416548728943e-02,1.052856892347335815e-01,1.587766967713832855e-02,-1.327144205570220947e-01,-5.205262824892997742e-02,1.085378155112266541e-01,-2.911309152841567993e-02,4.925965890288352966e-02,-4.168525803834199905e-03,6.603002548217773438e-02,6.979665905237197876e-02,6.308421492576599121e-02,-1.970755495131015778e-02,8.360689133405685425e-02,8.959881216287612915e-02,-2.821896038949489594e-02,1.659958064556121826e-01,-2.833846956491470337e-02,6.491665542125701904e-02,-1.356772519648075104e-02,-2.044417150318622589e-02,1.375809013843536377e-01,-1.089031323790550232e-01,1.045974791049957275e-01,7.204654067754745483e-02
5.474001914262771606e-02,-2.840966917574405670e-03,-7.961173541843891144e-03,5.867188796401023865e-02,-6.013521924614906311e-02,-1.278523951768875122e-01,1.178798004984855652e-01,1.676657199859619141e-01,2.558193914592266083e-02,-3.597860410809516907e-02,4.535121098160743713e-02,2.754555642604827881e-02,2.556424140930175781e-01,-1.168388277292251587e-01,-9.416180104017257690e-02,9.136497229337692261e-02,5.196999758481979370e-03,-9.287191182374954224e-02,1.146391150541603565e-03,1.979201585054397583e-01,-3.133166208863258362e-02,4.790913779288530350e-03,-3.526338562369346619e-02,1.730942875146865845e-01,-6.392552703619003296e-02,2.735683619976043701e-01,-1.048818603157997131e-01,-8.026825636625289917e-02,-1.384164243936538696e-01,1.085594072937965393e-01,1.858122646808624268e-01,6.410872936248779297e-02,1.369966119527816772e-01,3.953702375292778015e-02,1.571550071239471436e-01,-1.662663817405700684e-01,-2.499740337952971458e-03,5.091363936662673950e-02,1.779751628637313843e-01,-9.409211575984954834e-03,-9.051819145679473877e-02,-1.588902063667774200e-02,9.915346652269363403e-02,4.223829507827758789e-02,1.846777200698852539e-01,-4.092767462134361267e-02,-1.717905551195144653e-01,1.192942187190055847e-01,-1.504271030426025391e-01,-1.907245814800262451e-02,8.313344419002532959e-02,5.506391450762748718e-02,1.216268166899681091e-01,-1.552074551582336426e-01,1.590837240219116211e-01,7.330165803432464600e-02,5.333647876977920532e-02,-1.928085833787918091e-01,-7.673367112874984741e-02,-1.486015766859054565e-01,-7.460337132215499878e-02,-2.160614132881164551e-01,2.379590412601828575e-03,-2.749091684818267822e-01,1.558449268341064453e-01,1.111690234392881393e-02,4.020097851753234863e-02,1.089429333806037903e-01,-1.525038387626409531e-02,4.625088721513748169e-02,1.421859562397003174e-01,-1.475227177143096924e-01,-7.721813023090362549e-02,8.524852246046066284e-02,1.593548357486724854e-01,-2.770455181598663330e-02,1.086586415767669678e-01,-2.475361712276935577e-02,3.268331885337829590e-01,-5.353664234280586243e-02,-6.302246451377868652e-02,1.547669619321823120e-02,-7.778716739267110825e-03,-1.432468146085739136e-01,1.561051160097122192e-01,2.157577872276306152e-02,1.518917977809906006e-01,6.190409511327743530e-02,7.451090961694717407e-02,-2.776231057941913605e-02,-9.633401036262512207e-02,5.488954856991767883e-02,-1.293243616819381714e-01,1.624620258808135986e-01,1.321505010128021240e-01,1.187261864542961121e-01,-1.042899936437606812e-01,-9.672670811414718628e-02,6.273461505770683289e-03,1.335651148110628128e-02,2.402901351451873779e-01,-1.493799835443496704e-01,-9.408454596996307373e-02,8.224070817232131958e-02,1.434304472059011459e-02,-7.881207019090652466e-02,7.331051165238022804e-04,-8.008069358766078949e-03,7.637365162372589111e-02,-2.329041063785552979e-01,5.456765647977590561e-03,5.650931596755981445e-02,6.511691957712173462e-02,1.830774098634719849e-01,-1.189177408814430237e-01,-1.556143462657928467e-01,4.986053705215454102e-02,5.117619410157203674e-02,7.189306616783142090e-02,-3.196908533573150635e-02,3.923350945115089417e-02,-5.031924694776535034e-02,-1.493907272815704346e-01,-2.221389710903167725e-01,5.309136956930160522e-02,2.471977844834327698e-03,1.583011746406555176e-01,-4.806610196828842163e-02,1.012208461761474609e-01,1.211244761943817139e-01,-1.905304193496704102e-02,-1.973296515643596649e-02,1.010556668043136597e-01,-2.248197942972183228e-01,-1.727145910263061523e-01,-1.009205207228660583e-01,3.969806432723999023e-02,-2.345511615276336670e-01,-1.481661796569824219e-01,1.663556247949600220e-01,1.097802147269248962e-01,-1.435418426990509033e-01,8.700915426015853882e-02,6.054499000310897827e-02,-1.532513052225112915e-01,2.360661141574382782e-02,2.864274196326732635e-02,-6.922827661037445068e-02,1.044725999236106873e-01,1.413345932960510254e-01,4.814990609884262085e-02,5.513992160558700562e-02,-2.150744944810867310e-02,-7.889255881309509277e-02,1.737427152693271637e-02,5.769867077469825745e-02,-1.416007578372955322e-01,-1.521850824356079102e-01,-6.344433873891830444e-02,-1.017528697848320007e-01,4.181367158889770508e-02,1.654727011919021606e-01,1.166569367051124573e-01,1.162320077419281006e-01,-4.642846807837486267e-02,2.310120128095149994e-02,4.026184231042861938e-02,-2.411757111549377441e-01,-2.775370888411998749e-02,-2.446937747299671173e-02,5.801693350076675415e-02,-3.206740319728851318e-02,1.800871104933321476e-04,-1.548261046409606934e-01,-2.630818784236907959e-01,3.773896768689155579e-02,-7.807569205760955811e-02,1.051167771220207214e-01,8.536772429943084717e-02,1.528801918029785156e-01,7.821553200483322144e-02,6.600632518529891968e-02,1.399631500244140625e-01
2.937704324722290039e-02,-2.860646136105060577e-02,-9.246061556041240692e-03,3.100521117448806763e-02,-1.595031619071960449e-01,-1.015966013073921204e-02,-1.886806488037109375e-01,-1.282395049929618835e-02,-1.153096184134483337e-02,-2.922053039073944092e-01,6.657214835286140442e-03,-7.734449952840805054e-02,-1.598810777068138123e-02,-1.551739722490310669e-01,-2.147678285837173462e-01,-1.363245844841003418e-01,1.382621377706527710e-01,-5.533138290047645569e-02,5.644614994525909424e-02,-5.179399624466896057e-02,-3.367622569203376770e-02,1.353632658720016479e-01,-1.188475936651229858e-01,1.560913324356079102e-01,-1.401585061103105545e-02,-1.867895722389221191e-01,3.379510715603828430e-02,-3.392416536808013916e-01,-2.284622341394424438e-01,4.080745205283164978e-02,-3.515190677717328072e-03,-6.723058223724365234e-02,1.501915454864501953e-01,-2.598032951354980469e-01,1.135955750942230225e-01,-4.356368444859981537e-03,3.914767131209373474e-02,-3.672317042946815491e-02,-4.186792299151420593e-02,-6.231075152754783630e-02,1.695225201547145844e-02,-9.054096788167953491e-02,9.111461229622364044e-03,9.033077955245971680e-02,-2.995757153257727623e-03,-1.732994168996810913e-01,1.238550245761871338e-01,-8.219894953072071075e-03,3.030451759696006775e-02,-7.019498944282531738e-02,-1.229416579008102417e-02,5.278646200895309448e-02,-6.303783506155014038e-02,-6.808006018400192261e-02,-1.416071951389312744e-01,-7.621409744024276733e-02,2.854131460189819336e-01,1.323869228363037109e-01,5.761293694376945496e-02,4.611935839056968689e-02,7.933650910854339600e-02,1.800080984830856323e-01,-1.832929439842700958e-02,1.910101324319839478e-01,9.016584604978561401e-02,-3.697073832154273987e-02,-1.506666839122772217e-01,-1.224202848970890045e-02,-1.199685484170913696e-01,1.263042259961366653e-02,7.714858651161193848e-02,-1.635612845420837402e-01,-5.850572884082794189e-02,1.132367923855781555e-01,3.085412383079528809e-01,-4.901907593011856079e-02,1.173676475882530212e-01,1.395842432975769043e-01,6.814342737197875977e-02,2.359146922826766968e-01,-8.173991739749908447e-02,1.439127773046493530e-01,2.713807523250579834e-01,-1.022114604711532593e-01,1.645303815603256226e-01,-5.217206850647926331e-02,-5.565741658210754395e-02,-4.640476033091545105e-02,1.846375167369842529e-01,-9.461620450019836426e-02,7.320779561996459961e-02,1.555409431457519531e-01,-6.623606383800506592e-02,-1.608954370021820068e-02,1.272774673998355865e-02,1.468510180711746216e-01,-1.820277306251227856e-03,7.067498564720153809e-02,-1.657538563013076782e-01,3.153567314147949219e-01,-2.552886120975017548e-02,1.981135159730911255e-01,-2.501164190471172333e-02,-2.115792408585548401e-02,3.494824841618537903e-02,1.356743723154067993e-01,3.648328781127929688e-02,-1.419700384140014648e-01,1.197441071271896362e-01,4.011797253042459488e-03,4.950890317559242249e-03,9.043932706117630005e-02,-4.974842816591262817e-02,-6.001055706292390823e-03,1.250785887241363525e-01,1.092357635498046875e-01,-2.883528731763362885e-02,8.703538030385971069e-02,1.198087166994810104e-02,2.601019106805324554e-02,5.142300203442573547e-02,2.504066191613674164e-02,1.582212001085281372e-01,1.387659180909395218e-02,1.216335073113441467e-01,-4.563874378800392151e-02,4.527780413627624512e-02,-7.701185345649719238e-02,1.160898208618164062e-01,1.043113972991704941e-02,-2.608532272279262543e-02,-2.244221232831478119e-02,-2.951948903501033783e-02,-7.253410294651985168e-03,-5.409305170178413391e-02,3.481603041291236877e-02,2.009308431297540665e-03,-1.476704236119985580e-02,1.716257333755493164e-01,2.491501858457922935e-03,-1.543735992163419724e-02,4.963415116071701050e-02,-1.118175908923149109e-01,4.296834021806716919e-02,2.185530066490173340e-01,-2.033735662698745728e-01,-1.308353841304779053e-01,-1.340434886515140533e-02,-3.584692254662513733e-02,-2.186294943094253540e-01,-3.576982021331787109e-02,-2.693608403205871582e-02,-7.268574833869934082e-02,-4.576410725712776184e-02,6.550963968038558960e-02,9.629702195525169373e-03,-9.049510210752487183e-02,-1.475333515554666519e-02,8.453429676592350006e-03,-4.415467381477355957e-02,-6.572259217500686646e-02,4.319799598306417465e-03,-6.495866924524307251e-02,-5.201577022671699524e-02,-1.720753908157348633e-01,-1.819989234209060669e-01,-1.937393546104431152e-01,-8.451238274574279785e-02,-2.156075984239578247e-01,1.212668344378471375e-01,-2.538161277770996094e-01,9.794324636459350586e-02,-1.460157930850982666e-01,-2.114667743444442749e-02,3.211144730448722839e-02,2.053365111351013184e-02,6.554138963110744953e-04,-2.848456986248493195e-02,-2.727980911731719971e-01,5.223837867379188538e-02,2.436394803225994110e-02,9.870982170104980469e-02,-1.553586274385452271e-01
1.285582482814788818e-01,-2.333163982257246971e-03,-2.143305540084838867e-01,1.191698908805847168e-01,-9.236049838364124298e-03,-3.466085344552993774e-02,3.238428756594657898e-02,-5.679965391755104065e-02,-2.470311895012855530e-02,-1.765161901712417603e-01,-1.160667613148689270e-01,3.662869334220886230e-02,4.291584342718124390e-02,-1.099274978041648865e-01,8.011844009160995483e-02,-2.556218579411506653e-02,7.561284117400646210e-03,-8.867307007312774658e-02,-6.776768714189529419e-02,2.247422561049461365e-02,-5.382171832025051117e-03,1.629519611597061157e-01,-8.800528198480606079e-02,2.861861586570739746e-01,-4.585224390029907227e-02,-5.514060705900192261e-02,-4.614432528614997864e-02,-5.073815584182739258e-02,1.189583390951156616e-01,-1.372578144073486328e-01,2.897945232689380646e-02,1.988929659128189087e-01,-7.882205396890640259e-02,-8.498755097389221191e-02,1.643886417150497437e-01,9.638810157775878906e-02,9.286171942949295044e-02,1.754976995289325714e-02,-4.104501381516456604e-02,-1.322185993194580078e-01,2.101037949323654175e-01,6.680179387331008911e-03,-1.143460795283317566e-01,-1.226821914315223694e-01,1.550648659467697144e-01,3.862397745251655579e-02,-2.606451809406280518e-01,1.672345995903015137e-01,2.882047891616821289e-01,1.170598417520523071e-01,1.488705575466156006e-01,7.632060348987579346e-02,4.319255053997039795e-02,-6.596237421035766602e-02,3.612001612782478333e-02,8.956865966320037842e-02,-1.035540923476219177e-01,8.059827238321304321e-02,-9.347756952047348022e-02,-9.787220507860183716e-02,-9.965990483760833740e-02,-8.308554440736770630e-02,-1.879195719957351685e-01,-2.160947769880294800e-01,4.273895919322967529e-02,-4.706168547272682190e-02,2.309606820344924927e-01,1.010883599519729614e-01,3.131164610385894775e-01,6.288026273250579834e-02,3.144900128245353699e-02,5.171798542141914368e-02,1.057750824838876724e-02,1.043291464447975159e-01,-1.247669085860252380e-01,4.088702052831649780e-02,-1.815060824155807495e-01,1.277385950088500977e-01,4.611038893926888704e-04,-9.209531545639038086e-02,-1.801841557025909424e-01,-1.135811284184455872e-01,6.209466233849525452e-02,-6.386241316795349121e-02,-4.615687951445579529e-02,1.578249484300613403e-01,-1.483510062098503113e-02,1.807610839605331421e-01,5.460254102945327759e-02,-1.331121623516082764e-01,-2.053828723728656769e-02,-1.758233085274696350e-02,4.846158623695373535e-02,-2.411894313991069794e-02,1.606642752885818481e-01,2.240093611180782318e-02,-1.197474673390388489e-01,-3.404567763209342957e-02,-4.531454667448997498e-02,-1.854987628757953644e-02,-9.901703149080276489e-02,5.514675006270408630e-02,-2.554293721914291382e-02,-3.096031956374645233e-03,1.842351816594600677e-02,5.227174609899520874e-03,-1.662292778491973877e-01,-5.878310650587081909e-02,1.889282017946243286e-01,2.279437519609928131e-02,-1.737501323223114014e-01,-5.742202326655387878e-02,-4.595403373241424561e-02,-1.436792034655809402e-02,8.912349492311477661e-02,7.753220945596694946e-02,-5.594817921519279480e-02,-1.261433362960815430e-01,1.586964540183544159e-02,1.392527669668197632e-01,2.191569097340106964e-02,-5.387446284294128418e-02,1.033728644251823425e-01,-1.585157401859760284e-02,1.967652328312397003e-02,-2.462904751300811768e-01,-1.420290917158126831e-01,3.562760725617408752e-02,2.054968476295471191e-01,2.222765237092971802e-01,-2.250574529170989990e-01,-2.278671227395534515e-02,-7.520435750484466553e-02,-2.161874473094940186e-01,2.074542641639709473e-02,-1.805756054818630219e-02,7.439621724188327789e-03,1.718787103891372681e-02,1.030079424381256104e-01,-2.511210739612579346e-01,-1.160979084670543671e-02,-1.039388477802276611e-01,4.827890545129776001e-02,2.858945168554782867e-02,3.633797913789749146e-02,-2.113004028797149658e-02,2.624935805797576904e-01,-1.488607525825500488e-01,3.744564950466156006e-02,-5.724165216088294983e-02,2.456333488225936890e-01,1.213293299078941345e-01,-2.885871566832065582e-02,-2.374275587499141693e-02,-1.429098695516586304e-01,7.645811140537261963e-02,8.268082514405250549e-03,1.543192267417907715e-01,-1.780548989772796631e-01,4.931909590959548950e-02,-2.830586163327097893e-03,-1.055958494544029236e-01,-9.423874318599700928e-03,-4.109089821577072144e-02,9.844023734331130981e-02,6.176999583840370178e-02,3.186261048540472984e-03,-3.754179552197456360e-02,2.551551908254623413e-02,7.998389005661010742e-02,1.202188059687614441e-01,-2.424710616469383240e-02,2.978714369237422943e-02,3.645667433738708496e-02,8.506101369857788086e-02,2.428602427244186401e-02,-1.251008212566375732e-01,3.042223677039146423e-02,7.625580299645662308e-03,6.629317998886108398e-02,-1.754128560423851013e-02,1.068812310695648193e-01,-4.111876711249351501e-02
1.258573383092880249e-01,4.149898141622543335e-02,-2.077649813145399094e-03,5.244484543800354004e-02,-4.543542861938476562e-02,-1.096256673336029053e-01,-6.091074272990226746e-02,1.805451326072216034e-02,-1.971228420734405518e-01,-7.536127418279647827e-02,-4.864257574081420898e-02,-1.232435330748558044e-01,2.541330456733703613e-02,-6.913683563470840454e-02,9.452325850725173950e-02,1.221519932150840759e-01,1.359572261571884155e-01,3.898163139820098877e-02,-3.865299373865127563e-02,5.639798939228057861e-02,7.016150653362274170e-02,-4.681004583835601807e-02,3.660526126623153687e-02,-1.252883952111005783e-02,4.498993977904319763e-02,1.535821557044982910e-01,1.558991800993680954e-02,6.169580295681953430e-02,-1.699872165918350220e-01,2.375653013586997986e-02,9.203099645674228668e-03,-5.306119099259376526e-02,2.393664233386516571e-02,-7.077969610691070557e-02,1.199442427605390549e-02,-3.494303673505783081e-02,1.112705096602439880e-02,-3.909964114427566528e-02,1.542989723384380341e-02,3.707872703671455383e-02,-9.796581417322158813e-02,2.015883326530456543e-01,-1.551414281129837036e-01,7.346027530729770660e-03,-6.306730210781097412e-03,8.735909312963485718e-02,-2.220373041927814484e-02,-2.679426372051239014e-01,-2.852776348590850830e-01,-6.257118284702301025e-02,-1.596499606966972351e-02,-6.631151586771011353e-02,-2.398182824254035950e-02,-8.033744245767593384e-02,5.742962285876274109e-02,5.610385164618492126e-02,-3.657855093479156494e-02,-1.718139946460723877e-01,2.399659156799316406e-01,-3.666312098503112793e-01,-1.254300773143768311e-02,-1.511129140853881836e-01,7.234996650367975235e-03,5.534374713897705078e-02,-9.372336789965629578e-03,1.053178310394287109e-01,-6.163696572184562683e-02,6.025561317801475525e-02,4.986887797713279724e-02,-9.336739778518676758e-02,6.432218849658966064e-02,4.096911847591400146e-02,-5.015090107917785645e-02,-1.258738934993743896e-01,-5.079912394285202026e-02,-7.392413169145584106e-02,-7.771123200654983521e-02,1.002438664436340332e-01,-1.398909687995910645e-01,-2.456458508968353271e-01,-1.558096706867218018e-01,3.294275701045989990e-02,4.958960413932800293e-01,-8.626957982778549194e-02,8.172408677637577057e-03,3.776106238365173340e-02,1.441357582807540894e-01,-8.980663493275642395e-03,-1.284990310668945312e-01,3.142705187201499939e-02,4.626464471220970154e-02,-1.568766981363296509e-01,6.006213836371898651e-03,-5.124567449092864990e-02,-1.566269807517528534e-02,1.548378914594650269e-01,6.592450290918350220e-02,-4.850318655371665955e-02,-1.545803248882293701e-01,2.746756374835968018e-02,4.567874595522880554e-02,5.698197521269321442e-03,1.570902317762374878e-01,-2.253460884094238281e-02,-1.733546108007431030e-01,1.082102805376052856e-01,-7.947390526533126831e-02,-1.420176923274993896e-01,-1.456189751625061035e-01,-1.216486096382141113e-01,2.302186787128448486e-01,4.240089654922485352e-01,-1.911980286240577698e-02,-6.242324784398078918e-02,-1.201115548610687256e-01,4.883928224444389343e-02,-2.116573974490165710e-02,-3.228594735264778137e-02,1.239921599626541138e-01,2.674424648284912109e-01,2.410809099674224854e-01,-2.484917175024747849e-03,9.371560066938400269e-02,1.499054580926895142e-01,6.430544704198837280e-02,1.360826790332794189e-01,1.020878031849861145e-01,-8.819625526666641235e-02,1.408099234104156494e-01,-1.625526845455169678e-01,1.873910129070281982e-01,1.369572896510362625e-02,-9.483736008405685425e-02,-1.089951172471046448e-01,3.058434836566448212e-02,1.455798149108886719e-01,-5.539661645889282227e-02,-3.662272542715072632e-02,1.179522573947906494e-01,4.212131351232528687e-02,1.371974498033523560e-01,2.023673355579376221e-01,1.378425657749176025e-01,1.249531563371419907e-02,-2.236734330654144287e-01,7.454874366521835327e-02,6.749843806028366089e-02,-1.657869070768356323e-01,-1.941982656717300415e-02,2.443344099447131157e-03,-1.256929188966751099e-01,-6.838361267000436783e-03,7.046227902173995972e-02,-1.725836843252182007e-01,-1.634824275970458984e-02,-6.431125570088624954e-03,4.132488369941711426e-02,2.331704366952180862e-03,4.930167272686958313e-02,8.110463619232177734e-03,-9.405666787642985582e-05,-1.074904277920722961e-01,5.073217302560806274e-02,-1.993584819138050079e-02,1.166472658514976501e-01,-2.108166180551052094e-02,-6.341189146041870117e-02,1.981942802667617798e-01,1.465104054659605026e-02,1.516196429729461670e-01,-1.764199882745742798e-01,-7.954615168273448944e-03,1.824729740619659424e-01,-9.124095551669597626e-03,-1.852040179073810577e-02,9.598360210657119751e-02,-1.340253949165344238e-01,-6.717719137668609619e-02,-2.230871319770812988e-01,6.370955705642700195e-02,9.273499995470046997e-02,1.527743935585021973e-01,1.292697638273239136e-01
6.854599714279174805e-02,1.647015661001205444e-01,1.137843504548072815e-01,-1.605447381734848022e-01,-1.533194184303283691e-01,-9.113917499780654907e-02,1.499929814599454403e-03,2.384347170591354370e-01,-4.176099225878715515e-02,8.202538825571537018e-03,6.769782304763793945e-02,4.680692031979560852e-02,-1.620757102500647306e-04,1.144300699234008789e-01,-3.741774708032608032e-02,2.617730386555194855e-02,1.672662943601608276e-01,-3.596659004688262939e-02,1.005573347210884094e-01,4.025870934128761292e-02,-5.092312116175889969e-03,-5.599616467952728271e-02,-5.929283425211906433e-02,1.732343584299087524e-01,-6.508716195821762085e-02,-3.855595365166664124e-02,-1.094259768724441528e-01,-4.246523976325988770e-02,-2.220456153154373169e-01,-9.687578678131103516e-02,1.092380955815315247e-01,-2.902877330780029297e-02,-3.419508039951324463e-02,1.731671988964080811e-01,-7.473179697990417480e-02,1.076034829020500183e-01,1.266266256570816040e-01,1.998028457164764404e-01,-7.467675954103469849e-02,-6.823155563324689865e-03,-8.217040449380874634e-02,9.891397505998611450e-02,-4.695556685328483582e-02,6.018709763884544373e-02,-3.926107287406921387e-02,4.581755027174949646e-02,-1.705471128225326538e-01,-1.087267696857452393e-01,7.901731878519058228e-02,-8.555898070335388184e-02,9.255122393369674683e-02,9.836339950561523438e-02,-1.167869940400123596e-01,4.035265743732452393e-02,-5.037035793066024780e-02,6.118496134877204895e-02,-8.376418799161911011e-02,-7.300532609224319458e-02,-4.850156977772712708e-02,-1.003890950232744217e-02,-1.371348500251770020e-01,-8.955994993448257446e-02,7.703690975904464722e-02,-1.291243731975555420e-01,4.247564822435379028e-02,1.440211236476898193e-01,-7.476262003183364868e-02,4.907136783003807068e-03,7.482950389385223389e-02,-1.692444533109664917e-01,1.943648010492324829e-01,8.645980805158615112e-02,-8.951057493686676025e-02,5.104674026370048523e-03,-1.476970314979553223e-02,7.775583770126104355e-03,-8.972477912902832031e-02,5.599303171038627625e-02,3.254162147641181946e-02,-1.539346482604742050e-02,-1.140545010566711426e-01,2.997385337948799133e-03,9.042903035879135132e-02,5.172591283917427063e-02,-1.803571730852127075e-02,-2.650684118270874023e-02,-1.350570321083068848e-01,8.807972073554992676e-02,-6.413484364748001099e-02,1.954983919858932495e-01,-1.248858347535133362e-01,1.324751824140548706e-01,1.457241326570510864e-01,-7.242998480796813965e-02,-4.664940387010574341e-02,1.304253339767456055e-01,9.683925658464431763e-02,-4.132078215479850769e-02,-1.789467991329729557e-03,1.592849567532539368e-02,1.125682368874549866e-01,1.812782138586044312e-01,3.184663876891136169e-02,4.473686218261718750e-02,9.060018509626388550e-02,-1.185329351574182510e-02,4.519171640276908875e-02,2.590338326990604401e-02,-6.050992757081985474e-02,1.336004734039306641e-01,-3.237543255090713501e-02,1.254840195178985596e-01,-1.990734785795211792e-01,1.701618134975433350e-01,-3.608658164739608765e-02,-1.070363298058509827e-01,5.688244476914405823e-02,5.533698946237564087e-03,5.037708953022956848e-02,-8.298967033624649048e-02,-8.468706160783767700e-02,1.405902206897735596e-01,-4.363034665584564209e-02,-9.204392135143280029e-02,-3.090791217982769012e-02,-1.521932929754257202e-01,-6.161848083138465881e-02,-8.938012272119522095e-02,2.691559307277202606e-02,1.679674834012985229e-01,-2.674373686313629150e-01,-1.382260117679834366e-02,6.360648665577173233e-03,2.828941307961940765e-02,1.268728375434875488e-01,3.277373611927032471e-01,-3.870132192969322205e-02,1.105735599994659424e-01,2.411307534202933311e-03,-3.752120211720466614e-02,7.753770798444747925e-02,2.225374616682529449e-02,6.076448410749435425e-02,1.146526411175727844e-01,1.691240817308425903e-01,-6.516314297914505005e-02,-9.050146490335464478e-02,-3.921747207641601562e-02,1.672007143497467041e-01,2.136891148984432220e-02,2.014343291521072388e-01,-5.981780588626861572e-02,9.632346779108047485e-02,3.001853264868259430e-02,-2.380767315626144409e-01,-4.932459443807601929e-02,7.892561703920364380e-02,1.753343455493450165e-02,-1.205472052097320557e-01,-4.729578644037246704e-02,-1.922501176595687866e-01,2.713038399815559387e-02,-9.214480966329574585e-02,1.222542896866798401e-01,1.441118568181991577e-01,2.178356349468231201e-01,-6.769054383039474487e-02,-1.721015423536300659e-01,-1.194218024611473083e-01,1.090831235051155090e-01,1.240268126130104065e-01,-1.185333263128995895e-02,1.192932277917861938e-01,1.369096934795379639e-01,-2.702057175338268280e-02,1.441411208361387253e-02,1.223311349749565125e-01,1.266888529062271118e-01,9.503787732683122158e-04,-5.996965989470481873e-02,1.338001224212348461e-03,2.755485707893967628e-03,5.420519039034843445e-02
-1.943000964820384979e-02,1.235235407948493958e-01,7.710303366184234619e-02,3.660500794649124146e-02,-5.457042530179023743e-02,-1.155410483479499817e-01,-1.755349189043045044e-01,-2.264008112251758575e-02,1.677145510911941528e-01,1.010766327381134033e-01,-5.261547118425369263e-02,-4.007868003100156784e-03,-2.143099904060363770e-01,2.417200058698654175e-01,-7.460600882768630981e-02,2.272512465715408325e-01,2.185377757996320724e-03,1.156393811106681824e-02,9.666138142347335815e-02,-9.757429361343383789e-02,-1.055303215980529785e-01,-1.006762683391571045e-01,1.336264014244079590e-01,3.854082524776458740e-02,-2.067348221316933632e-03,-2.633680403232574463e-01,1.482221782207489014e-01,-6.831651926040649414e-02,8.595052361488342285e-02,-1.167574003338813782e-01,-6.535148620605468750e-02,-2.214984036982059479e-03,5.668422952294349670e-02,-1.175637841224670410e-01,-7.464518398046493530e-02,-9.723547846078872681e-02,6.407859921455383301e-02,-1.076488271355628967e-01,-1.297854166477918625e-02,4.523913189768791199e-02,-1.529903560876846313e-01,-2.005317620933055878e-02,-1.015859246253967285e-01,2.823925390839576721e-02,1.562528461217880249e-01,-9.677278250455856323e-02,-1.381523907184600830e-01,-1.331764012575149536e-01,-2.150370553135871887e-02,1.072823107242584229e-01,-7.126605510711669922e-02,2.611517012119293213e-01,1.808810792863368988e-02,-9.148250520229339600e-02,6.170376017689704895e-02,1.633680015802383423e-01,9.783484786748886108e-02,-5.371157452464103699e-02,2.280451357364654541e-02,-4.083953052759170532e-02,2.437126040458679199e-01,-7.265756279230117798e-02,1.396453287452459335e-02,6.331440806388854980e-02,-1.673760861158370972e-01,-7.653895020484924316e-02,-1.901147514581680298e-02,-5.326644703745841980e-02,-6.730002909898757935e-02,1.989743709564208984e-01,1.812089048326015472e-02,-5.274732597172260284e-03,1.286813020706176758e-01,2.905018441379070282e-02,1.864132583141326904e-01,-7.794998120516538620e-03,-1.959108859300613403e-01,2.932430617511272430e-02,-9.028626233339309692e-02,1.620964854955673218e-01,-1.400928348302841187e-01,5.447490140795707703e-02,8.800321072340011597e-02,1.018061637878417969e-01,1.150030195713043213e-01,-7.177953422069549561e-02,1.123502328991889954e-01,-5.431221425533294678e-02,5.245381966233253479e-02,-1.483621448278427124e-01,-7.156548555940389633e-03,5.955020710825920105e-02,5.082970485091209412e-03,-3.001712821424007416e-02,-2.741745673120021820e-02,-7.734137028455734253e-02,-3.576652705669403076e-02,1.033204644918441772e-01,2.042693085968494415e-02,1.468546092510223389e-01,-1.066116057336330414e-02,7.251958362758159637e-03,8.374870568513870239e-02,-7.094530016183853149e-02,1.338977515697479248e-01,-1.532121598720550537e-01,-8.295337855815887451e-02,-2.485356107354164124e-02,7.341185212135314941e-02,1.459860801696777344e-01,-9.208468347787857056e-02,2.273124903440475464e-01,-5.216734483838081360e-02,5.558088421821594238e-02,-1.101112440228462219e-01,-9.865979850292205811e-02,-1.643392890691757202e-01,-1.047607138752937317e-01,-5.820126459002494812e-02,1.703467369079589844e-01,-1.411608755588531494e-01,-3.900773357599973679e-03,-2.856816723942756653e-02,8.018846064805984497e-02,3.736620396375656128e-02,-1.192588359117507935e-01,-2.558772452175617218e-02,5.894364416599273682e-02,-3.954335674643516541e-02,-7.974365353584289551e-02,1.361561715602874756e-01,-1.045261844992637634e-01,5.691429600119590759e-02,-6.234988942742347717e-02,1.011128909885883331e-02,-4.719787463545799255e-02,8.682785928249359131e-02,-6.817384622991085052e-03,-1.101104542613029480e-01,-1.985311210155487061e-01,-3.265458345413208008e-02,2.090444862842559814e-01,-1.847559399902820587e-02,-1.019996330142021179e-01,-7.862586528062820435e-03,1.060568466782569885e-01,-1.821605563163757324e-01,3.960102796554565430e-02,3.434087708592414856e-02,-6.354754418134689331e-02,-9.101248532533645630e-02,2.392869591712951660e-01,7.202847301959991455e-02,1.036575436592102051e-01,-9.326601028442382812e-02,-9.785559028387069702e-03,-9.686106443405151367e-02,5.164359137415885925e-02,-9.740605205297470093e-02,-8.379670977592468262e-02,-6.177162006497383118e-02,2.335709184408187866e-01,2.918701246380805969e-02,3.435968980193138123e-02,-9.213655255734920502e-03,-4.503238573670387268e-02,-9.435980580747127533e-03,-2.510947361588478088e-02,5.462865903973579407e-02,2.531947493553161621e-01,-1.181220114231109619e-01,-2.398701570928096771e-02,-1.962458789348602295e-01,6.760639697313308716e-02,5.276865884661674500e-02,-5.178612656891345978e-03,7.398081570863723755e-02,-5.877179652452468872e-02,-1.380020678043365479e-01,1.305696368217468262e-01,-9.843771904706954956e-02,-2.421552985906600952e-01,-6.061416119337081909e-02
5.595410242676734924e-02,8.076333440840244293e-03,-1.265633404254913330e-01,4.036119580268859863e-02,-1.929289549589157104e-01,-7.820414751768112183e-02,-7.430724799633026123e-02,-1.156033277511596680e-01,-1.253022551536560059e-01,-1.161022782325744629e-01,-9.593851864337921143e-02,-7.714924961328506470e-02,1.410757303237915039e-01,4.536277055740356445e-02,-9.179657697677612305e-02,-2.083193957805633545e-01,-7.057473808526992798e-02,1.428517252206802368e-01,9.293541312217712402e-02,6.277348846197128296e-02,-5.262367054820060730e-02,-4.356925189495086670e-02,-3.890117257833480835e-02,-9.565348736941814423e-03,-4.024170804768800735e-03,-1.048115193843841553e-01,-2.090363651514053345e-01,-6.987480074167251587e-02,-1.516961609013378620e-03,2.830054052174091339e-02,-5.730630084872245789e-02,1.634887605905532837e-01,-1.922330111265182495e-01,-1.275403648614883423e-01,-1.403675694018602371e-02,1.866788864135742188e-01,3.378077968955039978e-02,-8.264972269535064697e-02,-4.053533822298049927e-02,-1.692781597375869751e-01,-8.939468115568161011e-02,-3.776995465159416199e-02,5.445983260869979858e-02,6.339322775602340698e-02,1.638806052505970001e-02,-5.195354670286178589e-02,1.591363698244094849e-01,5.164350196719169617e-02,2.585294470191001892e-02,3.332508727908134460e-02,-1.193952038884162903e-01,-1.316019445657730103e-01,-1.013741567730903625e-01,-5.357424542307853699e-02,1.422812510281801224e-02,-1.326119452714920044e-01,9.342981502413749695e-03,5.940381065011024475e-02,-9.310776740312576294e-02,-2.289507687091827393e-01,4.277114570140838623e-02,-2.225290834903717041e-01,-1.414856612682342529e-01,-4.621190577745437622e-02,-2.336828261613845825e-01,2.368266731500625610e-01,-4.459009505808353424e-03,6.056208163499832153e-02,1.253541857004165649e-01,-2.519671916961669922e-01,2.028281986713409424e-02,1.359867155551910400e-01,8.456365764141082764e-02,-4.408453032374382019e-02,8.034771308302879333e-03,-2.961864508688449860e-02,-6.372034084051847458e-03,1.505364775657653809e-01,6.403075158596038818e-02,-9.882431477308273315e-02,1.291070431470870972e-01,-5.874140188097953796e-02,8.952136039733886719e-01,9.564415365457534790e-02,7.177989929914474487e-02,-1.175037249922752380e-01,1.712278425693511963e-01,-9.310662001371383667e-02,-1.129334941506385803e-01,9.577063471078872681e-02,-1.391927301883697510e-01,1.679810583591461182e-01,-1.907736659049987793e-01,1.552868783473968506e-01,-4.376296326518058777e-02,-1.202414836734533310e-02,-1.824048161506652832e-01,-7.372750341892242432e-02,7.128017395734786987e-02,9.494637139141559601e-03,2.360254153609275818e-02,-5.322815477848052979e-02,-8.171574026346206665e-02,-6.512484699487686157e-02,-1.561100780963897705e-01,-2.540552914142608643e-01,1.876004636287689209e-01,-2.087702788412570953e-02,-5.311651900410652161e-02,-1.103279553353786469e-02,5.867222696542739868e-02,4.481634795665740967e-01,-1.244500931352376938e-02,7.552702445536851883e-03,-5.028960481286048889e-02,8.809472434222698212e-03,-2.725212275981903076e-02,-1.013622730970382690e-01,5.142560973763465881e-02,1.135855093598365784e-01,1.531995087862014771e-01,-1.454603672027587891e-01,-2.413098141551017761e-02,1.494994293898344040e-02,1.064900681376457214e-01,-2.624155394732952118e-02,3.269145637750625610e-02,-3.292919322848320007e-02,-1.095238476991653442e-01,-1.444614678621292114e-01,-1.051830053329467773e-01,-7.847664505243301392e-02,8.371473103761672974e-02,-1.834725886583328247e-01,-4.930830374360084534e-02,1.691021472215652466e-01,-6.705396622419357300e-02,5.406267195940017700e-02,1.124932914972305298e-01,6.760822981595993042e-02,6.492439191788434982e-03,-3.487719222903251648e-02,-2.801237627863883972e-03,1.217588186264038086e-01,1.695710122585296631e-01,-1.773263700306415558e-02,8.415421470999717712e-04,2.323369532823562622e-01,1.005698665976524353e-01,-8.641999959945678711e-02,-1.552729010581970215e-01,1.854526698589324951e-01,-4.741902928799390793e-03,7.916750758886337280e-02,-7.147280871868133545e-02,-5.528184026479721069e-02,4.624186083674430847e-02,7.668566703796386719e-02,-1.520831976085901260e-02,3.015248477458953857e-02,-1.036760583519935608e-01,-4.038188606500625610e-03,7.714740186929702759e-02,3.030088357627391815e-02,4.677858576178550720e-02,7.088090479373931885e-02,-7.553400844335556030e-02,4.311418160796165466e-02,2.710748650133609772e-02,4.367446899414062500e-01,-6.890283524990081787e-02,6.766897439956665039e-02,-2.680819295346736908e-02,5.817650258541107178e-02,1.190224811434745789e-01,1.130573675036430359e-01,5.952300503849983215e-03,1.772270202636718750e-01,-3.095688670873641968e-02,5.824737250804901123e-03,2.516447380185127258e-02,9.689084254205226898e-03,3.652096167206764221e-02
1.816992908716201782e-01,-3.797174617648124695e-02,-1.032210066914558411e-01,-3.156385198235511780e-02,3.713961318135261536e-02,9.045576304197311401e-02,1.107782572507858276e-01,1.574108451604843140e-01,-9.176966734230518341e-03,1.108114719390869141e-01,2.346262522041797638e-02,4.198571667075157166e-02,-3.253646939992904663e-02,1.534749865531921387e-01,-7.908252626657485962e-02,1.538849025964736938e-01,1.117732450366020203e-01,-1.308419704437255859e-01,-3.781001316383481026e-03,-1.086751148104667664e-01,-4.938879609107971191e-02,1.320583820343017578e-01,1.317623257637023926e-01,-2.908004075288772583e-02,-2.875070273876190186e-01,1.840789765119552612e-01,3.350504860281944275e-02,-1.055394709110260010e-01,1.487768590450286865e-01,-1.440867334604263306e-01,4.493319243192672729e-02,-2.629211246967315674e-01,1.246774867177009583e-01,2.151830866932868958e-02,-6.883295718580484390e-03,-1.352569740265607834e-02,-3.006375581026077271e-02,6.443471461534500122e-02,3.786493465304374695e-02,3.338293731212615967e-02,1.891652308404445648e-02,-3.350478783249855042e-02,-2.617729455232620239e-02,-7.069094479084014893e-02,-5.756395310163497925e-02,-3.554173186421394348e-02,-1.091609299182891846e-01,-2.103402465581893921e-01,-1.015091463923454285e-01,1.528195478022098541e-02,6.233701854944229126e-02,-1.019809693098068237e-01,4.052576422691345215e-02,2.541264705359935760e-02,2.116948738694190979e-02,1.602656990289688110e-01,-1.681987345218658447e-01,7.563766092061996460e-02,-2.816262654960155487e-02,-8.808682113885879517e-02,7.810709066689014435e-03,-4.716747254133224487e-02,2.580423466861248016e-02,3.452790156006813049e-02,1.463751401752233505e-02,5.223409272730350494e-03,1.315909624099731445e-01,-5.483117327094078064e-02,-3.527501970529556274e-02,-1.281343549489974976e-01,1.159833520650863647e-01,3.206732869148254395e-02,2.730823308229446411e-02,1.427209377288818359e-01,-7.097769528627395630e-02,7.809992134571075439e-02,1.342674940824508667e-01,-1.455383598804473877e-01,-2.230000495910644531e-02,3.307135030627250671e-02,6.578601151704788208e-02,6.667386274784803391e-03,3.377329185605049133e-02,6.636387109756469727e-02,1.974362134933471680e-02,9.182331711053848267e-02,-5.029893293976783752e-02,2.273079194128513336e-02,6.090164184570312500e-02,3.677139058709144592e-02,-7.763080298900604248e-02,-1.098040416836738586e-01,1.264106780290603638e-01,-1.148094832897186279e-01,6.214912608265876770e-02,1.620448231697082520e-01,1.115251146256923676e-02,1.032640784978866577e-01,2.138389199972152710e-01,-1.164827570319175720e-01,-1.277058720588684082e-01,-1.425039619207382202e-01,8.889655768871307373e-02,1.374466568231582642e-01,-1.288529634475708008e-01,7.411314547061920166e-02,-5.414263159036636353e-02,-1.083865836262702942e-01,4.465287085622549057e-03,-1.483174711465835571e-01,2.493205666542053223e-02,1.682399213314056396e-01,7.801832258701324463e-02,-1.588495448231697083e-02,1.020401641726493835e-01,-8.757119625806808472e-02,4.559120163321495056e-03,-3.453433141112327576e-02,-5.742637068033218384e-02,-2.074114084243774414e-01,-1.446995325386524200e-02,1.082397922873497009e-01,1.572553664445877075e-01,2.772729843854904175e-02,-5.145535618066787720e-02,5.513706803321838379e-02,-1.151847168803215027e-01,-2.312767691910266876e-02,-1.013433262705802917e-01,-4.720543511211872101e-03,9.657517075538635254e-03,-5.547559261322021484e-02,6.366888433694839478e-02,-7.443133741617202759e-02,2.662068977952003479e-02,1.922089308500289917e-01,1.972288042306900024e-01,9.248860180377960205e-02,-1.196008175611495972e-01,1.021524816751480103e-01,2.909480035305023193e-02,-7.048434019088745117e-02,4.139953851699829102e-02,-2.081221640110015869e-01,2.208850234746932983e-01,-1.072969213128089905e-01,4.187144339084625244e-02,1.881986707448959351e-01,-8.060783892869949341e-02,-1.212299466133117676e-01,1.732141822576522827e-01,5.802937969565391541e-02,8.447461575269699097e-02,1.104111149907112122e-01,8.478204905986785889e-02,2.452085027471184731e-03,1.418086439371109009e-01,-1.264014244079589844e-01,-3.236201405525207520e-02,-1.455873847007751465e-01,1.003041043877601624e-01,-1.545189172029495239e-01,7.266204059123992920e-02,-6.525454670190811157e-02,3.958806395530700684e-02,-8.619718253612518311e-02,-9.912525862455368042e-02,-2.628422081470489502e-01,-6.883199512958526611e-02,9.322667866945266724e-02,-7.185899466276168823e-02,-6.059041619300842285e-02,-1.247574537992477417e-01,1.981916874647140503e-01,1.834754087030887604e-02,-6.094978749752044678e-02,-1.906986832618713379e-01,-7.123965024948120117e-02,1.299076825380325317e-01,-3.820083290338516235e-02,1.153535917401313782e-01,6.208071485161781311e-02,-8.798125386238098145e-02
1.382378786802291870e-01,5.702860280871391296e-02,-1.662891805171966553e-01,1.547442227602005005e-01,6.077807396650314331e-02,4.443322867155075073e-02,-2.106107622385025024e-01,-1.021837741136550903e-01,1.133475899696350098e-01,9.475865960121154785e-02,1.901071071624755859e-01,8.219317346811294556e-02,2.539229346439242363e-03,3.022993681952357292e-03,1.359594464302062988e-01,1.638145893812179565e-01,-6.889764964580535889e-02,-1.139648482203483582e-01,-1.101914444006979465e-03,1.947489753365516663e-02,-8.619504049420356750e-03,-4.620372876524925232e-02,3.784023597836494446e-02,8.810875564813613892e-02,9.037302434444427490e-02,2.490274421870708466e-02,-3.385563939809799194e-02,6.734444946050643921e-02,6.572023779153823853e-02,6.604472547769546509e-02,2.376754954457283020e-02,1.586164832115173340e-01,1.011770498007535934e-02,4.703700169920921326e-02,1.049445420503616333e-01,4.992461204528808594e-02,-7.569360081106424332e-03,1.241731364279985428e-02,9.965573996305465698e-02,-6.819452345371246338e-02,3.253722563385963440e-02,-1.317872554063796997e-01,-2.530402876436710358e-02,-1.993120908737182617e-01,-2.628998644649982452e-02,1.256430298089981079e-01,1.072120759636163712e-02,8.832045644521713257e-02,4.875237867236137390e-02,-1.012155637145042419e-01,-4.444973915815353394e-02,7.962576299905776978e-02,-7.157092331908643246e-04,8.466172218322753906e-02,-1.056206319481134415e-02,-7.374627143144607544e-02,1.692231148481369019e-01,4.056330397725105286e-02,1.015449315309524536e-02,7.967182248830795288e-02,-1.663894653320312500e-01,1.051140055060386658e-01,-1.059311926364898682e-01,-2.995898574590682983e-02,-1.497560292482376099e-01,-5.315069854259490967e-02,-1.078567933291196823e-02,-1.486137062311172485e-01,-1.238467767834663391e-01,1.964178681373596191e-01,1.349521428346633911e-02,-5.330177024006843567e-02,7.852076739072799683e-02,-9.764812141656875610e-02,-1.917469054460525513e-01,-3.035614639520645142e-02,3.093742206692695618e-02,4.209155961871147156e-02,-5.920002982020378113e-02,1.069655269384384155e-01,5.791134200990200043e-03,2.352494299411773682e-01,1.013613939285278320e-01,-3.974146395921707153e-02,-2.280397806316614151e-03,7.650038599967956543e-02,7.858801633119583130e-02,1.173558607697486877e-01,1.672920137643814087e-01,1.399955749511718750e-01,1.373960226774215698e-01,-1.777425557374954224e-01,1.445932537317276001e-01,1.194647699594497681e-02,3.064397871494293213e-01,1.591102480888366699e-01,-1.170599088072776794e-01,-1.293084919452667236e-01,1.911038160324096680e-02,1.052763089537620544e-01,-2.913216352462768555e-01,4.819507524371147156e-02,1.308082938194274902e-01,-1.264342516660690308e-01,1.691815406084060669e-01,-1.785708069801330566e-01,-4.488026350736618042e-02,-6.728545576333999634e-02,-1.934393495321273804e-02,-1.623910814523696899e-01,3.600889444351196289e-02,4.748952761292457581e-02,-2.018297314643859863e-01,-3.753879293799400330e-02,1.405263096094131470e-01,-2.083559334278106689e-01,8.888790756464004517e-02,8.069013059139251709e-02,-2.690033428370952606e-02,2.599660120904445648e-02,-2.336005913093686104e-03,-3.149052336812019348e-02,-8.624112606048583984e-02,9.916154295206069946e-02,7.092456519603729248e-02,6.256247311830520630e-02,8.031000941991806030e-02,-1.558820307254791260e-01,1.549167465418577194e-02,1.278758794069290161e-01,-4.664930701255798340e-02,-1.043828502297401428e-01,6.350782513618469238e-02,-6.448218226432800293e-02,9.918694198131561279e-02,-2.785655437037348747e-03,-8.010328561067581177e-02,-9.776198863983154297e-02,-1.207324955612421036e-02,-1.444446444511413574e-01,9.916925430297851562e-02,-7.374048233032226562e-02,1.306143999099731445e-01,7.508749514818191528e-02,1.326969563961029053e-01,-1.587434858083724976e-01,1.138243749737739563e-01,1.249189749360084534e-01,2.786754816770553589e-02,8.346120268106460571e-02,2.679017782211303711e-01,-2.577628754079341888e-02,1.734143123030662537e-02,1.763505339622497559e-01,7.507920265197753906e-03,1.112762764096260071e-01,9.630760550498962402e-02,-2.814582586288452148e-01,-1.785012781620025635e-01,-1.732969582080841064e-01,-2.808236889541149139e-02,-2.659158781170845032e-02,-2.484423108398914337e-02,-1.298015564680099487e-01,4.968045279383659363e-03,-2.336178719997406006e-02,-1.237507611513137817e-01,7.586397975683212280e-02,6.352569907903671265e-02,7.804891467094421387e-02,4.859193786978721619e-02,5.396690592169761658e-02,5.952377244830131531e-02,-1.717514358460903168e-02,3.646932542324066162e-02,-2.282540202140808105e-01,-8.836615830659866333e-02,9.997335821390151978e-02,-9.419770538806915283e-02,-2.393798530101776123e-02,3.022435866296291351e-02,1.007358878850936890e-01,-7.774902880191802979e-02
6.044181808829307556e-02,2.214697599411010742e-01,-1.554008871316909790e-01,3.637603297829627991e-02,2.207217365503311157e-02,-5.643320828676223755e-02,-2.734039165079593658e-02,1.727811619639396667e-02,1.997978687286376953e-01,1.429169178009033203e-01,1.921702623367309570e-01,9.997768700122833252e-02,7.708138972520828247e-02,4.710274562239646912e-02,1.105230003595352173e-01,-6.355410814285278320e-02,1.824808120727539062e-01,-4.032645002007484436e-02,9.714089334011077881e-02,7.478506863117218018e-02,-1.425431221723556519e-01,-1.039492115378379822e-01,2.174211740493774414e-01,2.261811047792434692e-01,3.092662990093231201e-02,-1.734286844730377197e-01,-1.480996608734130859e-02,-1.216829987242817879e-03,-8.522155112586915493e-04,-1.034809798002243042e-01,2.107543349266052246e-01,-1.484254002571105957e-02,1.236252263188362122e-01,-2.841334789991378784e-02,-9.654851164668798447e-04,1.964846849441528320e-01,-7.074125111103057861e-02,1.306705474853515625e-01,1.935376785695552826e-02,3.872418776154518127e-02,-5.334800854325294495e-02,4.990211129188537598e-02,-3.113749064505100250e-02,-2.069497667253017426e-02,4.577749222517013550e-02,3.736268356442451477e-02,-1.249696463346481323e-01,-2.291924804449081421e-01,-1.574157774448394775e-01,-1.878654817119240761e-03,-9.908829629421234131e-02,-2.023832648992538452e-01,-1.279378868639469147e-02,-9.783720970153808594e-02,1.322842091321945190e-01,1.773609220981597900e-01,2.065196819603443146e-02,-8.227299898862838745e-02,1.270809620618820190e-01,-5.928549915552139282e-02,-1.401988267898559570e-01,2.351038716733455658e-02,1.257953643798828125e-01,-2.052754610776901245e-01,5.846585705876350403e-02,-3.182043880224227905e-02,9.523608535528182983e-02,-6.798869371414184570e-02,-9.155559353530406952e-03,-1.866922341287136078e-02,1.213569343090057373e-01,1.220525652170181274e-01,4.117242619395256042e-02,3.607084741815924644e-03,4.215766210108995438e-03,7.475658506155014038e-02,6.291689723730087280e-02,-5.942222476005554199e-02,-1.514203548431396484e-01,-5.704415962100028992e-02,1.388847231864929199e-01,-4.690715670585632324e-02,-1.168864667415618896e-01,3.314043581485748291e-02,-2.704295143485069275e-02,-8.518842048943042755e-03,4.665723443031311035e-02,3.695715367794036865e-01,5.933425202965736389e-02,-9.071172028779983521e-02,-1.072551682591438293e-02,3.067034482955932617e-02,1.098867207765579224e-01,-8.449375629425048828e-02,4.631460085511207581e-02,-1.886502839624881744e-02,4.785485100001096725e-03,1.162631362676620483e-01,-1.523167341947555542e-01,1.273278743028640747e-01,4.354683309793472290e-02,1.114201694726943970e-01,1.425168216228485107e-01,-1.217166259884834290e-01,2.570434287190437317e-02,4.756256937980651855e-02,-1.903964206576347351e-02,-1.333982348442077637e-01,-1.424457132816314697e-01,3.833027184009552002e-02,4.075150564312934875e-02,3.707552701234817505e-02,-1.176748573780059814e-01,1.112295966595411301e-02,7.867178320884704590e-02,-1.140733957290649414e-01,5.082790553569793701e-02,4.840873554348945618e-02,3.915226832032203674e-02,-1.840644836192950606e-04,-1.232390552759170532e-01,1.058451309800148010e-01,4.298725351691246033e-02,1.443689763545989990e-01,1.458182185888290405e-01,-2.764296904206275940e-02,7.131788134574890137e-02,8.443963713943958282e-03,1.651208475232124329e-02,-6.950578838586807251e-02,-7.908292859792709351e-02,-6.454154849052429199e-02,6.439529359340667725e-02,-4.700754210352897644e-02,-7.223408669233322144e-02,-9.155969135463237762e-03,1.212847083806991577e-01,1.836683414876461029e-02,-6.586063187569379807e-03,1.808951497077941895e-01,7.642690837383270264e-02,-2.670396678149700165e-02,-5.150626413524150848e-03,-9.982413612306118011e-03,7.974663376808166504e-02,2.447743117809295654e-01,-1.426085084676742554e-01,-5.709582194685935974e-02,1.137149035930633545e-01,1.640873253345489502e-01,3.933731839060783386e-02,-1.165193989872932434e-01,2.979934448376297951e-03,1.792090386152267456e-02,-1.101916879415512085e-01,-1.362659633159637451e-01,1.210746727883815765e-02,2.019879780709743500e-02,-1.834792084991931915e-03,-9.489298611879348755e-02,-4.389648884534835815e-02,8.098094910383224487e-02,-1.519331336021423340e-01,-1.146098524332046509e-01,8.118303120136260986e-02,9.375062654726207256e-04,3.172097727656364441e-02,-1.349514722824096680e-02,-3.785828500986099243e-02,1.419671326875686646e-01,-1.219430193305015564e-01,-4.434296116232872009e-02,7.495312020182609558e-03,1.919767856597900391e-01,-1.780675798654556274e-01,-1.146066859364509583e-01,-4.903662204742431641e-02,2.036991761997342110e-03,3.041009232401847839e-02,2.451545745134353638e-02,7.135810703039169312e-02,-1.185550019145011902e-01,4.622460901737213135e-02
1.733848750591278076e-01,2.807045876979827881e-01,1.318599097430706024e-02,-6.153148785233497620e-02,7.973216474056243896e-02,6.730610039085149765e-03,5.791123490780591965e-03,7.010495662689208984e-02,-9.568610228598117828e-03,8.702419698238372803e-02,-7.543962448835372925e-02,1.485769599676132202e-01,6.981732696294784546e-02,7.315395865589380264e-03,2.783306241035461426e-01,-1.720691621303558350e-01,1.068537831306457520e-01,-1.077271401882171631e-01,-1.272010803222656250e-01,-6.622055917978286743e-02,-1.135386973619461060e-01,1.671134978532791138e-01,-6.220387294888496399e-02,-4.355590790510177612e-02,-3.590530157089233398e-02,7.760623097419738770e-02,1.483525782823562622e-01,-7.955075055360794067e-02,-1.784897297620773315e-01,1.238961666822433472e-01,4.442753270268440247e-02,6.535607855767011642e-03,3.081293543800711632e-03,7.430462539196014404e-02,9.835822880268096924e-02,2.333183437585830688e-01,-1.841371059417724609e-01,-1.090529747307300568e-02,-3.918658941984176636e-02,9.986177086830139160e-02,-1.136438027024269104e-01,1.138271167874336243e-01,5.464191362261772156e-02,1.515050679445266724e-01,-1.758893020451068878e-02,-2.745844982564449310e-02,-1.217146366834640503e-01,-3.524278104305267334e-02,-4.592045024037361145e-02,2.264613844454288483e-02,7.267811894416809082e-02,-1.776731610298156738e-01,1.731056571006774902e-01,5.612368509173393250e-02,-3.696131706237792969e-02,3.404486551880836487e-02,3.050757572054862976e-02,3.615925088524818420e-02,1.384268887341022491e-02,6.924613565206527710e-02,-1.116148475557565689e-02,-1.370250433683395386e-01,1.009312272071838379e-01,6.371663883328437805e-03,5.878062918782234192e-03,-4.613950848579406738e-02,1.150695607066154480e-01,-1.248640865087509155e-01,-5.317317694425582886e-02,2.344602644443511963e-01,-7.405619323253631592e-02,1.792467758059501648e-02,8.709835819900035858e-03,1.787826418876647949e-02,-1.213635355234146118e-01,-1.089609600603580475e-02,6.386486440896987915e-02,-2.404017001390457153e-02,-1.202029734849929810e-01,1.526642143726348877e-01,8.297158777713775635e-02,-6.652724742889404297e-02,2.815970033407211304e-02,4.839985072612762451e-02,2.614719234406948090e-02,-1.185555905103683472e-01,9.498067945241928101e-02,1.113266050815582275e-01,-1.217095833271741867e-02,-5.481621250510215759e-02,1.753237098455429077e-01,-1.945062726736068726e-01,4.566318914294242859e-02,-4.033784940838813782e-02,-2.985023893415927887e-02,1.632120013236999512e-01,-6.698304414749145508e-02,-1.068712472915649414e-01,-1.075376570224761963e-01,1.278260201215744019e-01,5.297001078724861145e-02,-2.258644625544548035e-02,3.594901785254478455e-02,-2.360069900751113892e-01,-1.291414946317672729e-01,8.448860794305801392e-02,-1.722527742385864258e-01,-1.131939329206943512e-02,-6.445973366498947144e-02,5.338906869292259216e-02,-3.218409791588783264e-02,3.805978596210479736e-02,-4.976870492100715637e-02,-3.227347135543823242e-02,1.260936725884675980e-02,9.511814266443252563e-02,-5.166883114725351334e-03,-6.706395000219345093e-02,5.480943713337182999e-03,8.907664567232131958e-02,1.388055533170700073e-01,3.660281896591186523e-01,1.636251807212829590e-01,8.813008666038513184e-02,-1.068520620465278625e-01,6.473273783922195435e-02,-3.128510667011141777e-03,2.395012043416500092e-02,3.980736061930656433e-02,-9.442852810025215149e-03,-2.140580713748931885e-01,-1.807721257209777832e-01,-3.749975562095642090e-02,-7.783790677785873413e-02,1.089534536004066467e-01,-2.984680794179439545e-02,1.269485950469970703e-01,-6.819542497396469116e-02,-4.952400550246238708e-02,3.928029164671897888e-02,2.241032123565673828e-01,-1.274208277463912964e-01,4.191017746925354004e-01,-8.428966999053955078e-02,2.172263115644454956e-01,-9.117336571216583252e-02,2.151371724903583527e-02,-6.241652369499206543e-02,1.267985999584197998e-01,-2.931195311248302460e-02,-6.108849495649337769e-02,5.090062320232391357e-02,1.170235201716423035e-01,-2.125751674175262451e-01,1.427492648363113403e-01,1.289405822753906250e-01,2.546112611889839172e-02,-7.820638269186019897e-02,-3.868208453059196472e-02,8.518134057521820068e-02,1.111285835504531860e-01,-1.843319535255432129e-01,4.531287774443626404e-02,-1.894241780973970890e-03,-4.838602244853973389e-02,-7.534799724817276001e-02,-1.796916313469409943e-02,-1.258123964071273804e-01,6.688462942838668823e-02,1.639743298292160034e-01,-1.643200069665908813e-01,-2.245407365262508392e-02,2.121912240982055664e-01,5.992296151816844940e-03,-3.057882562279701233e-02,9.286202490329742432e-02,-1.763399094343185425e-01,-8.386472612619400024e-02,4.229853302240371704e-02,8.742236346006393433e-02,6.154019758105278015e-02,1.162299439311027527e-01,1.002976372838020325e-01
-2.030451297760009766e-01,1.145687792450189590e-02,4.225191846489906311e-02,1.077585071325302124e-01,-3.240957856178283691e-01,1.046967059373855591e-01,7.813598960638046265e-03,7.840188592672348022e-02,1.280489712953567505e-01,-1.637580618262290955e-02,-9.310785681009292603e-03,5.047768354415893555e-02,4.373396560549736023e-02,-1.094761714339256287e-01,5.365059897303581238e-02,9.520353376865386963e-02,1.916530281305313110e-01,-8.893080800771713257e-02,-1.985484063625335693e-01,-1.997411698102951050e-01,2.405707389116287231e-01,-6.132803484797477722e-02,6.211070716381072998e-02,-1.308073103427886963e-01,4.099874943494796753e-02,-9.153834730386734009e-02,-5.673682317137718201e-02,-5.937494337558746338e-03,-3.283347934484481812e-02,-6.097982078790664673e-02,1.502837985754013062e-02,5.614129826426506042e-03,2.612251415848731995e-02,-2.076565176248550415e-01,-8.827978372573852539e-02,-8.637615293264389038e-02,-1.792701147496700287e-02,-3.416351601481437683e-02,1.349721252918243408e-01,-4.975361749529838562e-02,9.784112870693206787e-02,-1.377311944961547852e-01,5.144447088241577148e-02,-2.356697805225849152e-02,1.420757472515106201e-01,1.820396929979324341e-01,-4.162708297371864319e-03,1.700126081705093384e-01,-1.048525497317314148e-01,-2.934539131820201874e-02,-7.490561157464981079e-02,-1.951751299202442169e-02,-5.694317072629928589e-02,-8.105380833148956299e-02,-1.318049877882003784e-01,-6.599059700965881348e-02,-1.791195385158061981e-02,1.177615746855735779e-01,1.151701807975769043e-01,-1.617165356874465942e-01,3.970681130886077881e-02,-5.292087793350219727e-03,1.653443090617656708e-02,2.493461221456527710e-01,2.256665825843811035e-01,-2.183449640870094299e-02,-1.144399195909500122e-01,-1.470786780118942261e-01,-2.334302663803100586e-01,-1.856320910155773163e-02,1.816944181919097900e-01,1.320834904909133911e-01,1.140226870775222778e-01,1.451673358678817749e-01,6.180757284164428711e-02,-1.200577430427074432e-02,-1.049304232001304626e-01,1.101744994521141052e-01,-1.854533553123474121e-01,-1.676942408084869385e-01,2.071670629084110260e-02,1.592583656311035156e-01,7.340862751007080078e-01,1.918196864426136017e-02,-1.461695283651351929e-01,-7.193265482783317566e-03,4.392000287771224976e-02,1.693526655435562134e-01,5.244763940572738647e-02,9.407284669578075409e-03,2.249520272016525269e-01,-1.684193164110183716e-01,1.219262257218360901e-01,-3.738676756620407104e-02,-7.034076005220413208e-02,-2.599164657294750214e-02,1.882988214492797852e-02,-7.497550547122955322e-02,-1.872443966567516327e-02,7.573588192462921143e-02,-2.865599095821380615e-01,-4.976231139153242111e-03,2.945181541144847870e-02,9.452783316373825073e-02,7.600741833448410034e-02,-1.027357205748558044e-01,-8.008426427841186523e-02,-6.448695063591003418e-02,4.730107635259628296e-02,3.528885170817375183e-02,-1.262503713369369507e-01,4.833270013332366943e-01,3.183074295520782471e-01,1.265108138322830200e-01,-9.978823363780975342e-03,1.309394538402557373e-01,-1.974285542964935303e-01,-9.163486957550048828e-02,-1.658374071121215820e-01,2.483544796705245972e-01,-4.954074695706367493e-02,-1.788882613182067871e-01,5.774039030075073242e-02,7.155793160200119019e-02,-2.062981948256492615e-02,-3.752739727497100830e-02,5.614060908555984497e-02,1.033306866884231567e-01,-9.787747263908386230e-02,-1.965750008821487427e-01,-1.006488036364316940e-02,-6.039006263017654419e-02,-1.584080308675765991e-01,-5.694293230772018433e-02,-1.473875641822814941e-01,-1.112981066107749939e-01,4.030202329158782959e-02,1.366555094718933105e-01,-2.044106274843215942e-02,3.073025494813919067e-02,-1.108095943927764893e-01,4.154669493436813354e-02,4.893882572650909424e-02,9.482226520776748657e-02,-1.237467750906944275e-01,-1.471601128578186035e-01,-4.997392650693655014e-03,-8.046033233404159546e-02,-2.656618691980838776e-02,4.935457371175289154e-03,-1.163523569703102112e-01,-1.093301028013229370e-01,-1.001599654555320740e-01,-2.575497888028621674e-02,-8.656708151102066040e-02,4.410214349627494812e-02,-1.544650346040725708e-01,7.983123883605003357e-03,8.993943221867084503e-03,1.622723042964935303e-01,-1.654591597616672516e-02,4.876193776726722717e-02,-5.511892493814229965e-03,-1.459459681063890457e-02,1.395854949951171875e-01,-2.225881814956665039e-02,3.642499819397926331e-02,-2.346804365515708923e-02,-4.344506934285163879e-02,7.308538556098937988e-01,1.944789886474609375e-01,2.185982465744018555e-01,4.933730885386466980e-02,4.005435481667518616e-02,-1.309783458709716797e-01,-1.417624950408935547e-01,3.065863065421581268e-02,-3.953287377953529358e-02,-1.115114167332649231e-01,1.864906847476959229e-01,-6.039202958345413208e-02,-6.053959950804710388e-02,-5.132466927170753479e-02
8.560211956501007080e-02,1.830074936151504517e-02,1.672579050064086914e-01,6.169473007321357727e-02,8.948723971843719482e-02,-1.209434419870376587e-01,-1.878666579723358154e-01,1.529075354337692261e-01,-7.589944452047348022e-02,-1.965939849615097046e-01,-6.794000416994094849e-02,9.182402491569519043e-02,-4.391967505216598511e-02,1.859757006168365479e-01,-1.282268613576889038e-01,6.836748216301202774e-03,-2.233592048287391663e-02,1.609707474708557129e-01,9.635507129132747650e-03,3.587672114372253418e-02,-2.124173752963542938e-02,4.964386299252510071e-02,1.250756084918975830e-01,-2.802353352308273315e-02,8.357352018356323242e-02,-1.611340492963790894e-01,-8.928176760673522949e-02,-9.203409403562545776e-02,1.407686173915863037e-01,-5.369882564991712570e-03,-4.462518170475959778e-02,6.066066771745681763e-02,-5.827818438410758972e-02,4.982692375779151917e-02,2.022393234074115753e-02,-2.435700744390487671e-01,2.345864288508892059e-02,7.527570426464080811e-02,1.197630017995834351e-01,1.715141534805297852e-01,-9.836018085479736328e-02,1.153348311781883240e-01,2.310098335146903992e-02,-6.374235451221466064e-02,-9.984959661960601807e-02,-7.080803811550140381e-02,1.272329688072204590e-01,1.071400716900825500e-01,8.763077110052108765e-02,-1.290818303823471069e-01,8.285162597894668579e-02,1.977710425853729248e-02,1.480042934417724609e-01,-2.160216867923736572e-01,-1.201330721378326416e-01,4.471614584326744080e-02,-6.228801235556602478e-02,5.603017285466194153e-02,1.143363714218139648e-01,-1.513076573610305786e-01,8.900159597396850586e-02,1.130835711956024170e-01,-3.214054182171821594e-02,-1.125314608216285706e-01,-2.023438662290573120e-01,-4.826361313462257385e-02,-1.992513537406921387e-01,5.155123397707939148e-02,-1.571108102798461914e-01,-3.825324773788452148e-02,1.871160604059696198e-02,-3.883578255772590637e-02,4.943605884909629822e-02,1.537509709596633911e-01,-5.347049236297607422e-02,1.248531509190797806e-02,4.808792471885681152e-02,-5.879212170839309692e-02,-1.060037463903427124e-01,-1.400607973337173462e-01,1.345998942852020264e-01,-1.383542269468307495e-01,3.746398985385894775e-01,-1.520929038524627686e-01,8.232634514570236206e-03,-4.736533761024475098e-02,-1.194186508655548096e-01,1.876895278692245483e-01,1.661704778671264648e-01,-1.588899344205856323e-01,-1.924770325422286987e-02,-2.097321003675460815e-01,7.581575959920883179e-02,-2.347902357578277588e-01,-1.171147730201482773e-02,-1.125767081975936890e-01,1.354054920375347137e-02,-7.457363605499267578e-02,7.795120030641555786e-02,2.236531861126422882e-02,-6.050274521112442017e-02,-2.665624767541885376e-02,1.437979489564895630e-01,-2.629967629909515381e-01,6.610500812530517578e-02,2.075986415147781372e-01,6.917034834623336792e-02,-2.543006092309951782e-02,2.039579749107360840e-01,7.818823307752609253e-02,-3.027852438390254974e-02,2.286734282970428467e-01,-1.420112103223800659e-01,2.436085138469934464e-03,-8.244627714157104492e-02,-5.493935197591781616e-02,3.105875663459300995e-02,3.223933652043342590e-02,-4.384604468941688538e-02,2.099417299032211304e-01,-8.129943907260894775e-02,-1.293694600462913513e-02,-1.725645177066326141e-02,-1.040003448724746704e-02,-3.331201896071434021e-02,-1.399484835565090179e-02,-1.563256382942199707e-01,5.798093229532241821e-02,1.119996756315231323e-01,1.640737429261207581e-02,9.155687876045703888e-03,1.238998621702194214e-01,-4.480416700243949890e-02,4.600601270794868469e-02,1.498762220144271851e-01,1.798364818096160889e-01,2.167496979236602783e-01,8.289567194879055023e-03,6.702034175395965576e-02,7.044848799705505371e-02,-7.516810297966003418e-02,1.017792969942092896e-01,-1.411138027906417847e-01,8.600647002458572388e-02,-2.767605334520339966e-02,7.333859056234359741e-02,-1.808765903115272522e-02,1.013492792844772339e-01,1.291527748107910156e-01,5.307028442621231079e-02,-2.021647430956363678e-02,-2.034504432231187820e-03,4.550598561763763428e-03,4.227533191442489624e-02,-1.436540931463241577e-01,4.178319871425628662e-02,5.966295301914215088e-02,-1.642596274614334106e-01,-2.179143764078617096e-02,5.933212861418724060e-02,1.390196755528450012e-02,8.748733997344970703e-02,-1.474539041519165039e-01,-3.303553536534309387e-02,4.939264059066772461e-02,-1.226581707596778870e-01,1.712492555379867554e-01,-1.703541353344917297e-02,4.912725836038589478e-02,3.793971240520477295e-01,-1.182541903108358383e-02,-2.284761816263198853e-01,-1.408476084470748901e-01,2.669863961637020111e-02,-9.471122920513153076e-02,-9.268984198570251465e-02,9.046041965484619141e-02,1.979629695415496826e-01,1.403808891773223877e-01,2.857751771807670593e-02,5.358012393116950989e-02,1.239350736141204834e-01,1.243107020854949951e-01
-7.424648106098175049e-02,2.080260366201400757e-01,-8.515794575214385986e-02,1.266233175992965698e-01,1.015365570783615112e-01,3.474621102213859558e-02,-2.075541578233242035e-02,7.645002752542495728e-02,-6.484333425760269165e-02,7.035373151302337646e-02,3.608363494277000427e-02,1.591779664158821106e-02,-1.101092919707298279e-01,-2.069236710667610168e-02,-1.919113472104072571e-02,2.922536246478557587e-02,-3.495738282799720764e-02,-2.200245559215545654e-01,9.288395196199417114e-02,-8.176728338003158569e-02,-1.076021119952201843e-01,-3.556087985634803772e-02,1.477690339088439941e-01,1.351374089717864990e-01,-5.250056833028793335e-02,7.598911225795745850e-02,-1.281254142522811890e-01,1.229042410850524902e-01,-1.302704215049743652e-01,1.266873180866241455e-01,-8.962313830852508545e-02,7.706128060817718506e-02,1.950502768158912659e-02,-4.283650964498519897e-02,9.046871215105056763e-02,1.664408296346664429e-01,-3.903707116842269897e-02,4.812735691666603088e-02,-7.559995353221893311e-02,6.862255185842514038e-02,-4.660230129957199097e-02,-1.264012232422828674e-02,2.497836947441101074e-02,1.042309775948524475e-01,9.725584648549556732e-03,4.673839733004570007e-02,-1.392462756484746933e-02,1.038371846079826355e-01,-1.518455743789672852e-01,9.814924001693725586e-02,4.673786833882331848e-02,-8.342437446117401123e-02,9.506335109472274780e-02,1.143741756677627563e-01,-8.700115233659744263e-02,-1.038133874535560608e-01,-1.474773138761520386e-01,-2.458349429070949554e-02,-3.686781227588653564e-02,-3.944917023181915283e-02,2.547672390937805176e-02,4.697036929428577423e-03,3.165770694613456726e-02,8.114819228649139404e-02,5.383272841572761536e-02,-9.157391637563705444e-02,-8.951073512434959412e-03,-2.016176283359527588e-02,-3.011864423751831055e-02,-6.497262045741081238e-03,3.098530881106853485e-02,1.367696970701217651e-01,1.368137449026107788e-01,5.787476897239685059e-02,-5.702449008822441101e-02,5.136965587735176086e-02,1.023567281663417816e-02,-7.081025838851928711e-02,9.045936912298202515e-02,-2.023186236619949341e-01,8.944537490606307983e-02,1.415072828531265259e-01,1.660993844270706177e-01,-1.430711299180984497e-01,1.854813694953918457e-01,-9.958171099424362183e-02,3.215057030320167542e-02,1.557600498199462891e-01,-2.072474174201488495e-02,4.048822447657585144e-02,4.035180434584617615e-02,1.961224973201751709e-01,1.752867735922336578e-02,9.148631244897842407e-02,-1.644330918788909912e-01,-1.160008087754249573e-01,-1.327678263187408447e-01,1.510265767574310303e-01,1.205372139811515808e-01,7.400635629892349243e-02,-8.807833492755889893e-02,-2.578854262828826904e-01,-4.952580109238624573e-02,-2.922218143939971924e-01,-2.600793726742267609e-02,8.544084429740905762e-02,9.269955009222030640e-02,1.487379893660545349e-02,3.933563083410263062e-02,3.306268155574798584e-02,-3.857776895165443420e-02,1.033765822649002075e-02,-7.006218284368515015e-02,1.076908688992261887e-02,-1.596595644950866699e-01,-7.155243307352066040e-02,-1.464432626962661743e-01,-2.510084584355354309e-02,1.185623928904533386e-01,-2.028313726186752319e-01,-3.358460217714309692e-02,-1.392154842615127563e-01,-1.939080841839313507e-02,1.459141494706273079e-03,5.841951817274093628e-02,2.655601315200328827e-02,-1.777363196015357971e-02,6.392490118741989136e-02,9.731208905577659607e-03,1.321754902601242065e-01,1.136639639735221863e-01,1.016761809587478638e-01,-3.114511631429195404e-02,2.270181104540824890e-02,-5.385867506265640259e-02,-1.100358441472053528e-01,-6.350895762443542480e-02,-1.235495358705520630e-01,-4.806914553046226501e-02,6.440652161836624146e-02,-1.468754708766937256e-01,-6.179026141762733459e-02,1.066753920167684555e-02,4.373940825462341309e-02,-1.236300244927406311e-01,9.376472234725952148e-02,-1.884951628744602203e-02,-2.976531535387039185e-02,-7.033392041921615601e-02,5.465367808938026428e-03,-8.902022242546081543e-02,6.817336380481719971e-02,6.820511817932128906e-02,-2.656695842742919922e-01,5.599579587578773499e-02,-1.636190526187419891e-02,1.678539216518402100e-01,-5.265305563807487488e-02,1.949094682931900024e-01,6.256704032421112061e-02,-3.078278619796037674e-03,1.768705062568187714e-02,1.306033581495285034e-01,1.452039554715156555e-02,-1.256149858236312866e-01,-5.232312530279159546e-02,-9.859788231551647186e-03,9.378950297832489014e-02,-7.737892121076583862e-02,6.611143797636032104e-02,3.583570942282676697e-02,4.502763040363788605e-03,-1.129908189177513123e-01,-3.982776030898094177e-02,1.615150831639766693e-02,-1.609757542610168457e-01,3.082109428942203522e-02,1.146390885114669800e-01,2.401440739631652832e-01,-5.667296424508094788e-02,-2.169661410152912140e-02,6.354472134262323380e-03,-1.568265818059444427e-02
2.915004082024097443e-02,-2.926822565495967865e-02,9.984222054481506348e-02,-1.394226681441068649e-03,8.936136215925216675e-02,8.855134248733520508e-02,1.401606947183609009e-01,2.794040739536285400e-02,-1.387262791395187378e-01,-7.468168437480926514e-02,7.030073553323745728e-02,1.227874457836151123e-01,1.596966944634914398e-02,2.624793648719787598e-01,6.715048104524612427e-03,1.365021467208862305e-01,-3.424254432320594788e-02,3.781504929065704346e-02,-1.041088700294494629e-01,-4.287029057741165161e-02,7.282017171382904053e-02,-1.170661151409149170e-01,-1.282332688570022583e-01,1.672708056867122650e-02,-8.950854092836380005e-02,-6.192368455231189728e-03,8.622703142464160919e-03,-1.643693745136260986e-01,-1.215656772255897522e-01,-1.147146150469779968e-01,-5.251631140708923340e-02,-8.423363789916038513e-03,-7.360333204269409180e-02,-4.987133294343948364e-02,1.204073801636695862e-01,2.794055826961994171e-02,1.726929694414138794e-01,1.098549216985702515e-01,5.743205174803733826e-02,8.636333048343658447e-03,1.963705718517303467e-01,2.607350051403045654e-02,-5.185005813837051392e-02,-2.955186069011688232e-01,-9.157731384038925171e-02,1.963811516761779785e-01,-1.676546037197113037e-02,2.581623941659927368e-02,-9.550875425338745117e-02,5.649878457188606262e-02,-6.200358644127845764e-02,-1.687801480293273926e-01,-9.978126734495162964e-02,-1.059164330363273621e-01,1.120466366410255432e-02,-1.139624137431383133e-02,4.421024397015571594e-02,5.608032643795013428e-02,-1.252924352884292603e-01,6.377294659614562988e-02,-6.240696832537651062e-02,6.979572772979736328e-02,1.464300900697708130e-01,2.217175960540771484e-01,-4.730801563709974289e-03,-1.253382884897291660e-03,9.747444838285446167e-02,5.135546997189521790e-02,7.311312109231948853e-02,4.966971650719642639e-02,1.803953014314174652e-02,1.368085592985153198e-01,-8.264627307653427124e-02,-1.376233100891113281e-01,-1.109660491347312927e-01,-8.784416317939758301e-02,7.970894128084182739e-02,1.354618668556213379e-01,1.455999016761779785e-01,7.669472694396972656e-02,-1.192798241972923279e-01,5.787237733602523804e-02,-2.526501938700675964e-02,-7.588555663824081421e-02,-1.878147013485431671e-02,4.927334934473037720e-02,9.041161090135574341e-02,1.561829000711441040e-01,-2.331870608031749725e-02,-1.666891872882843018e-01,-1.079127639532089233e-01,8.550050109624862671e-02,1.022725701332092285e-01,-8.526853471994400024e-02,-1.279299408197402954e-01,-6.572774797677993774e-02,-1.478088647127151489e-01,6.101291254162788391e-02,-3.011747449636459351e-02,-1.841001808643341064e-01,-2.515171654522418976e-02,-6.999679654836654663e-02,4.184431210160255432e-02,-2.113445661962032318e-02,-3.249271959066390991e-02,7.896471768617630005e-02,3.029097057878971100e-02,-1.945451274514198303e-02,-5.573034659028053284e-02,1.581163108348846436e-01,8.962522447109222412e-02,1.283130422234535217e-02,1.030915230512619019e-01,-1.040679812431335449e-01,-5.003823339939117432e-02,5.945009365677833557e-02,-7.378564029932022095e-02,-7.463511079549789429e-02,-1.298734545707702637e-01,6.588304042816162109e-02,1.151907891035079956e-01,-2.604730427265167236e-02,-1.398730725049972534e-01,-4.675921052694320679e-02,-3.872386738657951355e-02,9.717063605785369873e-02,-5.279699806123971939e-03,-1.035022810101509094e-01,3.012821078300476074e-02,8.819310367107391357e-02,3.255086019635200500e-02,-8.288867771625518799e-02,3.519839420914649963e-02,3.049352392554283142e-02,-1.430266816169023514e-02,1.215950120240449905e-02,-1.522247940301895142e-01,-2.346139587461948395e-02,5.447297822684049606e-03,-8.128330111503601074e-02,1.706184819340705872e-02,9.627336263656616211e-02,-7.798055559396743774e-02,-1.590327546000480652e-02,4.989067837595939636e-02,7.020071148872375488e-03,-8.047478646039962769e-02,8.603579550981521606e-02,-1.549263447523117065e-01,-1.612160652875900269e-01,6.400142610073089600e-02,5.601603537797927856e-02,-1.796212494373321533e-01,-1.597951501607894897e-01,-8.136075735092163086e-02,9.381589293479919434e-02,-2.894993498921394348e-02,8.464092016220092773e-02,-9.157223999500274658e-02,-6.301733106374740601e-02,-6.133388727903366089e-02,5.478693917393684387e-02,9.020061045885086060e-02,-9.106885641813278198e-02,-1.131097301840782166e-01,-1.412838250398635864e-01,-2.284497767686843872e-01,-3.982018679380416870e-02,-3.935215994715690613e-02,-1.137558072805404663e-01,-1.943830400705337524e-01,8.388815820217132568e-02,6.846526265144348145e-02,-9.929507225751876831e-02,1.423541605472564697e-01,-1.734533160924911499e-01,-2.093682996928691864e-02,-2.759330868721008301e-01,-1.942064985632896423e-02,1.716085337102413177e-02,1.782038062810897827e-02,4.534405097365379333e-02,-7.234675437211990356e-02
2.341029793024063110e-02,8.732749521732330322e-02,-6.494818255305290222e-03,4.925589263439178467e-02,-8.631820231676101685e-02,1.253882497549057007e-01,4.300947301089763641e-03,-2.350745797157287598e-01,-5.764932185411453247e-02,-9.644953161478042603e-02,-8.126235753297805786e-02,-7.387084513902664185e-02,-3.226007148623466492e-02,7.603010535240173340e-02,2.219973877072334290e-02,-1.508845984935760498e-01,6.481688469648361206e-02,1.138328760862350464e-01,-2.715301932767033577e-03,2.351350896060466766e-02,-1.721750050783157349e-01,2.445070594549179077e-01,-9.168779477477073669e-03,-5.487202107906341553e-02,-1.412860006093978882e-01,-5.981037765741348267e-02,2.243388891220092773e-01,-1.085798665881156921e-01,4.676003754138946533e-02,1.025440394878387451e-01,1.976096928119659424e-01,-5.669814348220825195e-02,-9.371235221624374390e-02,1.909161545336246490e-02,1.510872989892959595e-01,-7.697046548128128052e-02,8.865384757518768311e-02,-7.398592680692672729e-02,3.012669645249843597e-02,-2.422195486724376678e-02,1.854987144470214844e-01,-2.106833830475807190e-02,-3.091172128915786743e-02,-5.407814309000968933e-02,1.450416892766952515e-01,1.509152445942163467e-02,-5.611345916986465454e-02,-5.209861695766448975e-02,-1.609425693750381470e-01,4.715923592448234558e-02,-8.260432630777359009e-02,3.431352227926254272e-02,1.282809376716613770e-01,6.415031105279922485e-02,1.821694523096084595e-02,-1.208685562014579773e-01,-2.107894048094749451e-02,7.436596602201461792e-02,3.946690820157527924e-03,7.671716809272766113e-02,8.889558911323547363e-02,-1.043998263776302338e-02,-1.798868328332901001e-01,-2.274981737136840820e-01,-1.084944084286689758e-01,-3.191544488072395325e-02,5.618358403444290161e-02,-4.913564026355743408e-02,2.518930435180664062e-01,-1.116388142108917236e-01,1.186689920723438263e-02,-7.391314953565597534e-02,-2.864632569253444672e-02,1.675751060247421265e-01,1.516956686973571777e-01,-8.064926078077405691e-05,2.403054386377334595e-02,2.005196064710617065e-01,-1.116179302334785461e-01,-1.315157711505889893e-01,-1.497978270053863525e-01,-1.051905332133173943e-03,4.628475010395050049e-02,-2.537669800221920013e-02,5.252412706613540649e-02,1.056751459836959839e-01,3.588888049125671387e-02,5.426212027668952942e-02,1.029400527477264404e-02,-3.577238693833351135e-02,3.252183273434638977e-02,-1.584396511316299438e-01,-6.099607050418853760e-02,-3.864734992384910583e-02,1.214919760823249817e-01,-3.890810534358024597e-02,1.097267717123031616e-01,-3.819811344146728516e-02,4.283177852630615234e-02,-9.745128452777862549e-02,4.619874432682991028e-02,-1.717545837163925171e-02,-6.891285628080368042e-02,-1.873462498188018799e-01,-2.623957023024559021e-02,4.245245084166526794e-02,-5.588822532445192337e-03,7.776089012622833252e-02,4.631180316209793091e-02,1.880363561213016510e-02,1.745267771184444427e-02,6.181516125798225403e-02,1.605204492807388306e-01,-3.289375826716423035e-02,-2.302521914243698120e-01,1.336412504315376282e-02,2.193072736263275146e-01,8.467511087656021118e-02,-5.525234714150428772e-02,-6.937108188867568970e-02,-6.818449497222900391e-02,-9.693413227796554565e-02,-2.018472878262400627e-03,-6.375671923160552979e-02,-2.175317204091697931e-04,-2.161530405282974243e-01,-7.595106959342956543e-03,-1.083863824605941772e-01,-2.288241498172283173e-02,-7.745388895273208618e-02,6.580527126789093018e-02,6.784332543611526489e-02,-1.071326136589050293e-01,-6.167990714311599731e-02,-1.875781416893005371e-01,1.429556310176849365e-01,1.418440192937850952e-01,2.321180552244186401e-01,8.365517854690551758e-02,-4.853757098317146301e-02,-1.952300667762756348e-01,-4.484476149082183838e-02,4.541184753179550171e-02,8.608794957399368286e-02,8.321665972471237183e-02,-8.823785185813903809e-02,5.916358530521392822e-02,-1.939900964498519897e-02,1.142793819308280945e-01,3.670444786548614502e-01,1.357882767915725708e-01,5.054802820086479187e-02,2.828952968120574951e-01,1.033712476491928101e-01,1.359031796455383301e-01,7.693167030811309814e-02,-9.437198750674724579e-04,6.133066490292549133e-02,7.220834493637084961e-02,-1.128677576780319214e-01,7.165319472551345825e-02,1.229427754878997803e-01,-2.171472646296024323e-02,-1.632831990718841553e-02,-1.804017089307308197e-02,6.444154679775238037e-02,-8.752914518117904663e-02,1.230429857969284058e-02,1.318340003490447998e-01,5.949098616838455200e-02,-5.234136059880256653e-02,-1.107093319296836853e-01,2.192203700542449951e-01,-1.179917156696319580e-01,3.474487736821174622e-02,8.440942317247390747e-02,-1.388905942440032959e-01,-1.035220324993133545e-01,4.983380809426307678e-02,2.415981702506542206e-02,-1.093270033597946167e-01,2.253072522580623627e-02,5.156061961315572262e-04
9.530197829008102417e-02,9.305948764085769653e-02,-9.631598740816116333e-02,1.922431141138076782e-01,-7.455119490623474121e-02,1.708179861307144165e-01,-1.469960212707519531e-01,7.336385548114776611e-02,8.669059607200324535e-04,1.037958785891532898e-01,1.309901773929595947e-01,-5.058792605996131897e-02,2.389644831418991089e-01,1.361770778894424438e-01,6.711650639772415161e-02,-1.034282147884368896e-01,-1.071983054280281067e-01,-5.988624319434165955e-02,4.880134761333465576e-02,6.618887186050415039e-02,-7.212885469198226929e-02,7.346695661544799805e-02,-3.877003863453865051e-02,-1.062055006623268127e-01,4.123165085911750793e-02,-4.380548745393753052e-02,-1.494034528732299805e-01,-2.359148561954498291e-01,-8.218298666179180145e-03,-3.118939138948917389e-02,2.366793714463710785e-02,-5.732198059558868408e-02,1.014966294169425964e-01,-6.082813255488872528e-03,-6.330294534564018250e-03,-8.854280225932598114e-03,3.652228787541389465e-02,-8.554960787296295166e-02,-1.205270066857337952e-01,-2.579706311225891113e-01,6.860943138599395752e-02,3.203617036342620850e-02,1.893950626254081726e-02,-1.682525575160980225e-01,4.705208539962768555e-02,2.645212784409523010e-02,8.580358326435089111e-02,1.067624613642692566e-01,1.286621093750000000e-01,8.109985291957855225e-02,5.082153156399726868e-02,-1.719711348414421082e-02,-5.686678737401962280e-02,1.346946805715560913e-01,1.734404079616069794e-02,-2.011585747823119164e-03,7.128900289535522461e-02,1.772657930850982666e-01,-5.117513705044984818e-03,1.107464358210563660e-02,9.106518700718879700e-03,1.510121971368789673e-01,5.700247362256050110e-02,-1.145879179239273071e-02,2.876519411802291870e-02,1.252963393926620483e-01,1.655186340212821960e-02,7.930766791105270386e-03,3.525516763329505920e-02,-1.277445107698440552e-01,1.930834725499153137e-02,-2.767267823219299316e-02,-2.562379091978073120e-02,7.919734716415405273e-02,2.407076209783554077e-02,-5.379180610179901123e-02,-7.628885656595230103e-02,2.340416908264160156e-01,2.596821486949920654e-01,-4.247135948389768600e-03,-7.179140299558639526e-02,3.404153883457183838e-02,6.109353303909301758e-01,4.123897477984428406e-02,-1.497000902891159058e-01,2.292571216821670532e-01,-2.746132016181945801e-01,1.929404437541961670e-01,1.396148055791854858e-01,3.416501358151435852e-02,7.460819184780120850e-02,-8.946660906076431274e-02,-9.165374189615249634e-02,2.077010571956634521e-01,1.051697209477424622e-01,-1.295922845602035522e-01,-1.102211847901344299e-01,-2.746286988258361816e-02,-4.190563783049583435e-02,-1.458385735750198364e-01,5.195383355021476746e-02,1.669116318225860596e-01,-3.468367829918861389e-02,-1.086685508489608765e-01,-9.164709597826004028e-02,-8.638754487037658691e-02,6.586062163114547729e-02,-1.907065659761428833e-01,-5.130501231178641319e-04,1.991703510284423828e-01,-2.199245393276214600e-01,3.059731423854827881e-01,-1.228656694293022156e-01,2.469172328710556030e-01,-6.663817167282104492e-02,1.133669391274452209e-01,4.568996652960777283e-02,8.040691609494388103e-04,-8.087103255093097687e-03,8.694272488355636597e-02,4.053656011819839478e-03,-1.189595460891723633e-02,1.889700628817081451e-02,1.724465340375900269e-01,-1.423821747303009033e-01,7.230999320745468140e-02,3.585433820262551308e-03,-1.562010496854782104e-01,-5.604457110166549683e-02,-1.316737532615661621e-01,1.297526434063911438e-02,9.612218290567398071e-02,-3.689111173152923584e-01,-3.144266456365585327e-02,-5.066213756799697876e-02,-8.637146092951297760e-03,-1.383735835552215576e-01,-1.525964438915252686e-01,-1.910180039703845978e-02,7.413200568407773972e-03,-8.233517408370971680e-02,1.086376756429672241e-01,-1.504658460617065430e-01,-1.073636412620544434e-01,-3.927567042410373688e-03,-1.488903723657131195e-02,7.417874783277511597e-02,1.344683021306991577e-01,2.569304220378398895e-02,-3.539051860570907593e-02,4.136588424444198608e-02,2.927488684654235840e-01,-1.231030076742172241e-01,-3.980667516589164734e-02,-6.177186220884323120e-02,-4.394428059458732605e-02,-2.073968760669231415e-02,-1.027428284287452698e-01,7.098661363124847412e-02,-8.163567632436752319e-02,-4.777615144848823547e-02,-1.716410815715789795e-01,-2.724425867199897766e-02,-7.466766983270645142e-02,-1.818593293428421021e-01,2.634220123291015625e-01,4.469669610261917114e-02,-9.795481711626052856e-02,1.354465633630752563e-01,3.449104130268096924e-01,1.315667014569044113e-02,-1.465496607124805450e-02,-5.328196287155151367e-02,7.837277650833129883e-02,2.968492917716503143e-02,-3.772273659706115723e-02,1.191847547888755798e-01,-9.526126831769943237e-02,4.144937172532081604e-02,-3.059337139129638672e-01,-2.308283559978008270e-02,-8.764946460723876953e-02,-4.308654740452766418e-02
-5.187939852476119995e-02,-9.954398125410079956e-02,8.678071945905685425e-02,-3.083559870719909668e-02,1.513502467423677444e-02,5.611484125256538391e-02,8.365153521299362183e-02,7.305814325809478760e-02,-5.578771233558654785e-03,-1.091507300734519958e-01,-1.400369703769683838e-01,-2.562813926488161087e-03,-7.689112424850463867e-02,7.963554561138153076e-02,-1.532450783997774124e-03,-2.069490402936935425e-02,7.119144499301910400e-02,1.790361404418945312e-01,4.028753191232681274e-02,-1.399121284484863281e-01,-9.828619658946990967e-04,-9.304364770650863647e-02,-1.793463677167892456e-01,-6.481219083070755005e-02,1.599895805120468140e-01,-8.928738534450531006e-03,1.207495033740997314e-01,-1.138635911047458649e-02,7.976025342941284180e-02,1.428558528423309326e-01,4.383040650282055140e-04,-1.623613834381103516e-01,1.505551487207412720e-01,7.404313981533050537e-02,-1.432379782199859619e-01,-4.934413358569145203e-03,1.961363106966018677e-02,1.566979475319385529e-02,-4.764326661825180054e-02,1.825445443391799927e-01,-9.329881519079208374e-02,-5.158138275146484375e-02,-5.786329880356788635e-02,1.206045672297477722e-01,9.054119884967803955e-02,-1.901830136775970459e-01,-2.772427797317504883e-01,4.444348812103271484e-02,-2.275392226874828339e-02,-2.390926033258438110e-01,-9.596858173608779907e-02,2.638138085603713989e-02,-8.834125474095344543e-03,-1.836370676755905151e-02,-7.042986154556274414e-02,4.709614906460046768e-03,4.125079140067100525e-02,4.410968720912933350e-02,2.560715191066265106e-03,-4.373802617192268372e-02,4.103580117225646973e-02,4.033759236335754395e-02,5.885203834623098373e-03,-3.114078193902969360e-02,-1.150981858372688293e-01,-1.719203963875770569e-02,1.177270337939262390e-02,-8.519525080919265747e-02,-1.178962662816047668e-01,-1.536010354757308960e-01,-1.995357498526573181e-02,-5.426715686917304993e-02,-3.539083525538444519e-02,7.878696173429489136e-02,-1.242090761661529541e-01,-2.663325984030961990e-03,-1.611959934234619141e-02,-2.638803794980049133e-02,-1.306117027997970581e-01,-1.298848688602447510e-01,-6.710821762681007385e-03,-1.734796762466430664e-01,-8.334518224000930786e-02,-4.717960581183433533e-02,-1.732304543256759644e-01,-1.901548472233116627e-03,-1.039683967828750610e-01,-1.168452948331832886e-01,-5.377480015158653259e-02,4.010641574859619141e-02,1.512901932001113892e-01,6.531953066587448120e-02,-5.839817598462104797e-02,-9.347996860742568970e-02,-1.286041573621332645e-03,1.578388959169387817e-01,1.215809956192970276e-01,-8.962778747081756592e-02,2.148252824554219842e-04,-4.448886960744857788e-02,-1.005632355809211731e-01,-1.268313080072402954e-01,9.065001457929611206e-02,1.048593446612358093e-01,-1.551244314759969711e-02,1.521267835050821304e-02,4.106824472546577454e-02,-1.223535686731338501e-01,7.957449555397033691e-02,-9.926442801952362061e-02,-9.924855828285217285e-02,-4.980070516467094421e-02,4.598971456289291382e-02,5.989710241556167603e-02,-7.835833728313446045e-02,3.262398391962051392e-02,-2.687531113624572754e-01,-5.365099012851715088e-02,-3.491105744615197182e-03,1.559082884341478348e-02,-3.067030012607574463e-02,1.576901599764823914e-02,3.744632238522171974e-03,-5.685458332300186157e-02,1.513402014970779419e-01,-2.794186584651470184e-02,-1.001694798469543457e-01,-4.106321837753057480e-03,1.031812950968742371e-01,2.083933502435684204e-01,1.617716550827026367e-01,-3.603202477097511292e-02,-1.497820764780044556e-01,8.254912495613098145e-02,2.944345213472843170e-02,9.237347543239593506e-02,-1.046309694647789001e-01,-1.467663496732711792e-01,-2.674814127385616302e-02,5.281476303935050964e-02,4.743512719869613647e-02,-1.015135347843170166e-01,6.672345846891403198e-02,-5.180843919515609741e-02,9.289631247520446777e-02,5.361691117286682129e-02,-3.250792995095252991e-02,1.025753170251846313e-01,-1.595979183912277222e-02,9.286957234144210815e-02,-9.229588322341442108e-03,-2.010840177536010742e-01,5.596786737442016602e-02,-1.359363943338394165e-01,1.328198760747909546e-01,1.090119928121566772e-01,5.040282383561134338e-02,-3.555105999112129211e-02,-1.444322466850280762e-01,-1.335140466690063477e-01,-1.574073433876037598e-01,-2.209271192550659180e-01,-8.889432996511459351e-03,-3.855277597904205322e-02,-1.295373868197202682e-02,4.689081385731697083e-02,4.155347123742103577e-02,1.216300502419471741e-01,1.530723422765731812e-01,-1.975671052932739258e-01,-1.237788051366806030e-01,2.862832881510257721e-02,-1.341381669044494629e-01,-3.374834358692169189e-02,-1.305654644966125488e-02,3.844328597187995911e-02,-5.512316897511482239e-02,6.333053857088088989e-02,4.987628757953643799e-02,1.046247184276580811e-01,3.190814703702926636e-02,-3.222998082637786865e-01,1.583504863083362579e-02
1.119581386446952820e-01,1.440190374851226807e-01,3.247164562344551086e-02,1.526178717613220215e-01,-1.643167063593864441e-02,1.851907223463058472e-01,-8.741694688796997070e-02,-2.285952446982264519e-03,-2.809388041496276855e-01,3.409307822585105896e-02,-1.457680463790893555e-01,-1.392188966274261475e-01,1.206892058253288269e-01,6.179140135645866394e-02,4.440947249531745911e-02,-8.374194800853729248e-02,1.137231960892677307e-01,2.905924804508686066e-02,-7.645164616405963898e-03,4.106736928224563599e-02,-1.500748693943023682e-01,1.067663952708244324e-01,-1.916229873895645142e-01,-2.834530360996723175e-02,-2.490608245134353638e-01,-9.825760871171951294e-02,-2.932167798280715942e-02,-1.419519484043121338e-01,-8.065857738256454468e-02,6.789344549179077148e-02,-2.810718026012182236e-03,4.702701792120933533e-02,-7.651225477457046509e-02,1.579298675060272217e-01,-1.176268830895423889e-01,6.784457247704267502e-03,-4.091045632958412170e-02,8.176374435424804688e-02,2.429279498755931854e-02,-7.040639221668243408e-02,4.129232093691825867e-02,-2.363824099302291870e-02,-7.053890824317932129e-02,-6.914628297090530396e-02,2.021363973617553711e-01,-8.116147480905056000e-03,-1.442403793334960938e-01,-7.165299355983734131e-02,-7.817946374416351318e-02,2.013394236564636230e-01,7.900571078062057495e-02,1.980567872524261475e-01,-9.489142894744873047e-02,-5.342550948262214661e-02,-7.708766311407089233e-02,1.118889823555946350e-01,7.595467567443847656e-02,1.112473383545875549e-01,4.414870589971542358e-02,-4.151318967342376709e-02,-1.938883364200592041e-01,-1.304799169301986694e-01,-1.227176096290349960e-02,8.764081448316574097e-02,-3.489679098129272461e-02,-5.432228744029998779e-02,-7.981123775243759155e-02,-1.286486834287643433e-01,-2.029226422309875488e-01,1.820811070501804352e-02,-1.135619133710861206e-01,-6.979581713676452637e-02,-3.175569325685501099e-02,4.472475871443748474e-02,3.030430153012275696e-02,-1.383052021265029907e-01,1.987859904766082764e-01,2.611148655414581299e-01,8.823846280574798584e-02,-4.505246877670288086e-02,1.818591952323913574e-01,-5.876163486391305923e-03,-4.025158658623695374e-02,3.132981806993484497e-02,-7.047200947999954224e-02,-8.469175547361373901e-02,3.619182482361793518e-02,1.671534180641174316e-01,1.581859737634658813e-01,-5.162377376109361649e-03,9.414664655923843384e-02,8.917661756277084351e-02,2.371492236852645874e-02,-6.190150231122970581e-02,1.897764354944229126e-01,1.500470191240310669e-01,3.538794117048382759e-03,7.871690392494201660e-02,-2.148588001728057861e-02,6.581572443246841431e-02,5.526333581656217575e-03,-8.541562408208847046e-02,5.673820525407791138e-02,-3.403704985976219177e-02,1.130952760577201843e-01,9.401303529739379883e-02,-6.186874583363533020e-02,1.169241070747375488e-01,-4.986480996012687683e-02,4.355285689234733582e-02,-4.993661865592002869e-02,6.812138855457305908e-02,-6.486475467681884766e-02,-1.143882796168327332e-01,-7.978064566850662231e-02,-1.621655672788619995e-01,-8.255008608102798462e-02,1.339274197816848755e-01,-3.754308447241783142e-02,5.775710567831993103e-02,1.627748310565948486e-01,-2.363952249288558960e-01,5.114565044641494751e-02,-9.843741357326507568e-02,-6.857290118932723999e-02,-2.297208458185195923e-01,-2.364725060760974884e-02,4.515277221798896790e-02,-7.681299000978469849e-02,4.772557690739631653e-02,-5.004193633794784546e-02,1.534450948238372803e-01,-1.214834079146385193e-01,-4.812658205628395081e-02,-7.908940315246582031e-02,1.612501740455627441e-01,-2.122001908719539642e-02,-1.832125633955001831e-01,-1.258968710899353027e-01,8.007146418094635010e-02,-9.676462411880493164e-02,1.674587279558181763e-01,9.888852387666702271e-02,-1.972862631082534790e-01,-7.629820704460144043e-02,1.433723270893096924e-01,-3.506390005350112915e-02,-3.171057254076004028e-02,4.330215044319629669e-03,-1.876951195299625397e-02,-2.266178131103515625e-01,1.488140411674976349e-02,-7.125549018383026123e-02,1.310301274061203003e-01,1.123745441436767578e-01,-4.206157103180885315e-02,1.015662997961044312e-01,1.019424423575401306e-01,-2.537353336811065674e-01,5.252817645668983459e-02,-7.992953062057495117e-02,1.054129227995872498e-01,-7.124686241149902344e-02,-1.252172887325286865e-01,-4.587119445204734802e-02,-2.904399856925010681e-02,2.225273698568344116e-01,-1.921701245009899139e-02,-5.593927204608917236e-02,5.152969807386398315e-02,-1.875526309013366699e-01,2.186817349866032600e-03,-3.602580726146697998e-02,-3.682569414377212524e-02,6.266937404870986938e-02,-2.019664272665977478e-02,1.768466383218765259e-01,-5.825661867856979370e-02,1.151352748274803162e-01,-1.080594398081302643e-02,1.780662089586257935e-01,-2.632078342139720917e-02,-9.829477220773696899e-02
2.679737843573093414e-02,-5.564425513148307800e-02,-8.736242353916168213e-02,2.065052092075347900e-01,-3.767228722572326660e-01,7.245796918869018555e-02,-2.370892018079757690e-01,-9.122012555599212646e-02,8.912110328674316406e-02,-1.606167554855346680e-01,-1.329882815480232239e-02,5.710082501173019409e-02,-5.009879544377326965e-02,-2.603205442428588867e-01,1.370193716138601303e-02,1.792601495981216431e-02,1.914699077606201172e-01,1.282276213169097900e-01,2.703400887548923492e-02,1.418005526065826416e-01,3.621285408735275269e-02,1.599329262971878052e-01,-9.750478900969028473e-03,-1.270435601472854614e-01,8.868643641471862793e-02,1.629096828401088715e-02,9.107791632413864136e-02,1.496844342909753323e-03,9.403429925441741943e-03,-2.230083048343658447e-01,1.882855035364627838e-02,-4.294105619192123413e-02,-3.633034974336624146e-02,-8.858127146959304810e-02,2.354837208986282349e-01,-9.032211452722549438e-02,8.003206551074981689e-02,1.167684346437454224e-01,-9.381204843521118164e-02,-1.193988025188446045e-01,1.390597820281982422e-01,4.090208932757377625e-02,1.176320686936378479e-01,4.189724102616310120e-02,1.218606457114219666e-01,3.690306842327117920e-02,1.412605643272399902e-01,-1.135611608624458313e-01,-6.839704513549804688e-02,4.512012749910354614e-02,5.728306621313095093e-02,-1.365887373685836792e-01,-2.627547979354858398e-01,-3.114084713160991669e-02,4.490801319479942322e-02,-1.606767326593399048e-01,2.027090340852737427e-01,1.241833046078681946e-01,1.389214098453521729e-01,-7.982597500085830688e-02,6.936682015657424927e-02,1.021693050861358643e-01,3.409747406840324402e-02,1.602260917425155640e-01,-2.007272653281688690e-02,8.029310405254364014e-02,3.909727092832326889e-03,6.340058147907257080e-02,-5.534367635846138000e-03,-3.856445476412773132e-02,-1.941472738981246948e-01,-8.425290137529373169e-02,-9.030822664499282837e-02,2.834140881896018982e-02,2.362895160913467407e-01,1.639481075108051300e-02,1.451363321393728256e-02,1.960418969392776489e-01,4.768623411655426025e-02,8.738128468394279480e-03,3.122678957879543304e-02,-3.407331928610801697e-02,6.347716450691223145e-01,-1.502253208309412003e-02,-5.661280453205108643e-02,-3.474609181284904480e-02,-5.355608835816383362e-02,-2.697780728340148926e-01,4.672159254550933838e-02,-6.051344424486160278e-02,1.391301304101943970e-01,-1.801446378231048584e-01,-2.383797615766525269e-01,1.801046878099441528e-01,4.436222836375236511e-02,-3.233124688267707825e-02,-6.463558226823806763e-02,1.149591524153947830e-02,-6.430035829544067383e-02,-1.217870786786079407e-01,-1.522388607263565063e-01,-2.521938681602478027e-01,3.853206289932131767e-03,-5.291571468114852905e-02,-2.882876666262745857e-03,1.551084071397781372e-01,-1.278941035270690918e-01,-2.772877737879753113e-02,1.554522067308425903e-01,1.539898477494716644e-02,-1.044053807854652405e-01,4.674437940120697021e-01,1.235534921288490295e-01,1.228137686848640442e-01,-5.503011122345924377e-02,-4.473583027720451355e-02,-7.829216122627258301e-02,1.640225946903228760e-02,-2.115410985425114632e-03,1.429989039897918701e-01,3.651218116283416748e-02,-2.261431515216827393e-02,-1.399756968021392822e-01,1.607577055692672729e-01,1.068332865834236145e-01,4.028756916522979736e-02,1.415749639272689819e-01,-1.989484280347824097e-01,-6.733802706003189087e-02,-6.527842581272125244e-02,1.133708097040653229e-02,7.354636490345001221e-02,7.178308814764022827e-02,1.201015189290046692e-01,4.963944852352142334e-02,6.183030456304550171e-02,-1.443629562854766846e-01,-9.919470548629760742e-02,-1.243376731872558594e-01,-6.901471316814422607e-02,-9.638408198952674866e-03,7.638365775346755981e-02,-2.982652746140956879e-03,5.670238286256790161e-02,1.902810484170913696e-02,-3.659929335117340088e-02,-2.526930347084999084e-02,-9.742177277803421021e-02,1.468464136123657227e-01,1.148287653923034668e-01,2.849826775491237640e-02,-1.590902358293533325e-02,-2.541022375226020813e-02,-5.783193185925483704e-02,1.109157204627990723e-01,9.144669026136398315e-02,-3.847352787852287292e-02,5.031299218535423279e-02,-1.684010475873947144e-01,-8.380812406539916992e-02,-7.511215656995773315e-02,-3.028573840856552124e-02,1.693774908781051636e-01,1.824422031641006470e-01,-2.886660210788249969e-02,-2.684619463980197906e-02,-5.087495222687721252e-02,-7.904165238142013550e-02,4.196505527943372726e-03,5.744317173957824707e-01,5.937872454524040222e-02,-1.406106203794479370e-01,-1.447824090719223022e-01,6.134127266705036163e-03,-2.301326096057891846e-01,5.192586407065391541e-02,-8.744420111179351807e-02,-8.842054009437561035e-02,1.358266472816467285e-01,-1.431657969951629639e-01,2.515816390514373779e-01,-7.529224455356597900e-02,-9.415372274816036224e-03
1.653700619935989380e-01,9.341622889041900635e-02,2.195748127996921539e-02,1.011393591761589050e-01,2.102993875741958618e-01,-1.374950818717479706e-02,9.317461401224136353e-03,-2.500651776790618896e-02,-2.720832824707031250e-02,3.081008419394493103e-02,-1.187503412365913391e-01,6.472504138946533203e-02,1.109576597809791565e-01,1.332048922777175903e-01,3.667971119284629822e-02,1.694838255643844604e-01,1.860278546810150146e-01,-1.771843992173671722e-02,6.502642482519149780e-02,-2.891462855041027069e-02,-1.207528933882713318e-01,-8.933342993259429932e-02,-2.210876531898975372e-02,1.299231313169002533e-02,5.600114539265632629e-02,-1.358305513858795166e-01,1.544940173625946045e-01,-1.124691963195800781e-01,-5.366728305816650391e-01,1.279181391000747681e-01,7.253213319927453995e-03,-2.127765491604804993e-02,3.281550854444503784e-02,2.336713522672653198e-01,4.151971638202667236e-02,1.326264292001724243e-01,9.624036401510238647e-02,1.887930184602737427e-01,-9.372187405824661255e-02,8.688145875930786133e-02,-2.473116070032119751e-01,-3.890362009406089783e-02,9.427557140588760376e-02,1.847532950341701508e-02,2.992462832480669022e-03,5.595351755619049072e-02,1.822769939899444580e-01,1.233982946723699570e-02,-1.057938262820243835e-01,-3.675071150064468384e-02,7.981066405773162842e-02,5.471891164779663086e-02,1.200257092714309692e-01,9.049908071756362915e-02,-2.597530931234359741e-02,-2.782099880278110504e-02,1.044117938727140427e-02,2.057993784546852112e-02,-8.637675642967224121e-02,-5.315068736672401428e-02,5.682049319148063660e-02,3.364966483786702156e-03,2.688205800950527191e-02,4.397915909066796303e-04,-1.734838336706161499e-01,-2.893635630607604980e-02,1.219800040125846863e-01,-2.519475519657135010e-01,1.882984787225723267e-01,4.784429445862770081e-02,3.675051406025886536e-02,-8.755227178335189819e-02,-1.882732957601547241e-01,5.249694734811782837e-02,-1.316382735967636108e-01,1.543796360492706299e-01,-1.126394420862197876e-01,4.237474128603935242e-02,-1.657507568597793579e-01,1.037215664982795715e-01,6.463699042797088623e-02,1.694302409887313843e-01,2.787947356700897217e-01,-5.460602790117263794e-02,-7.383356243371963501e-02,8.285713195800781250e-02,-5.521358177065849304e-02,1.853495687246322632e-01,1.110650971531867981e-01,7.270244508981704712e-02,-1.271975785493850708e-01,6.294941902160644531e-02,-1.971520250663161278e-03,5.866091325879096985e-02,-7.942831516265869141e-02,2.154667302966117859e-02,-4.241255577653646469e-03,1.795862242579460144e-02,-1.628949046134948730e-01,8.053234964609146118e-02,-9.922466427087783813e-02,1.395660191774368286e-01,-7.726819813251495361e-02,2.869276329874992371e-02,8.351986110210418701e-02,1.568309366703033447e-01,1.178214326500892639e-01,2.614078223705291748e-01,-9.094017744064331055e-02,-3.904048725962638855e-02,7.439577579498291016e-02,1.844337284564971924e-01,1.276978999376296997e-01,-1.986522460356354713e-03,7.026977837085723877e-02,8.161501586437225342e-02,-1.597694605588912964e-01,6.715845316648483276e-02,-8.478181064128875732e-02,1.256465464830398560e-01,-2.149570733308792114e-01,-5.933977663516998291e-02,-6.580262444913387299e-03,1.942007057368755341e-02,6.136366352438926697e-02,-8.466882258653640747e-02,-7.948215305805206299e-02,1.038269847631454468e-01,-9.576312452554702759e-02,-1.076677963137626648e-01,1.200213208794593811e-01,7.753184437751770020e-02,-7.207822054624557495e-02,-1.908927597105503082e-02,-6.842178106307983398e-02,6.575674563646316528e-02,-2.742721512913703918e-02,-3.302604705095291138e-02,-1.894129663705825806e-01,-1.344735771417617798e-01,7.410819828510284424e-02,-8.773127943277359009e-02,1.307623833417892456e-01,-1.425389200448989868e-01,-9.677508473396301270e-02,-7.688634842634201050e-02,6.231567263603210449e-02,-1.087475419044494629e-01,-1.941218785941600800e-02,1.488438695669174194e-01,-1.473096311092376709e-01,-1.003856658935546875e-01,-2.493170835077762604e-02,3.727859258651733398e-02,6.961058825254440308e-02,2.289655655622482300e-01,-5.760514736175537109e-02,1.211398318409919739e-01,5.522418767213821411e-02,1.401142328977584839e-01,2.739284746348857880e-02,7.467609643936157227e-02,-3.947033733129501343e-02,8.346911519765853882e-02,-1.842303760349750519e-02,-1.531780958175659180e-01,-2.209749370813369751e-01,2.556067109107971191e-01,-4.446278512477874756e-02,1.736823469400405884e-01,-1.181640103459358215e-01,4.599633067846298218e-02,1.776257604360580444e-01,6.785339792259037495e-04,1.873282790184020996e-01,-8.522392064332962036e-02,-5.764327570796012878e-02,-6.865061819553375244e-02,1.021607741713523865e-01,5.066427215933799744e-02,-3.704595938324928284e-02,-1.049399375915527344e-02,-1.668381541967391968e-01
-8.769252896308898926e-02,4.452768713235855103e-02,1.427496075630187988e-01,5.474516749382019043e-02,6.911308318376541138e-02,-9.896479547023773193e-02,7.914596796035766602e-02,-4.950761795043945312e-02,8.470714092254638672e-02,-4.211376607418060303e-02,1.233904287219047546e-01,1.060697808861732483e-01,2.495747059583663940e-02,1.827119290828704834e-01,2.202138304710388184e-01,-4.475001245737075806e-02,1.024032309651374817e-01,4.738670960068702698e-02,1.980415731668472290e-01,2.542125880718231201e-01,1.544677168130874634e-01,-2.176780253648757935e-01,-1.747945994138717651e-01,-1.045140554197132587e-03,3.020882792770862579e-02,-3.743818774819374084e-02,1.209539249539375305e-01,2.192364819347858429e-02,1.979127377271652222e-01,1.461885720491409302e-01,-8.332017809152603149e-02,3.549502491950988770e-01,1.852697506546974182e-02,-1.137506961822509766e-01,4.112222418189048767e-02,3.436980023980140686e-02,-5.807226523756980896e-03,-6.681768689304590225e-03,-7.094270735979080200e-02,-8.129195868968963623e-02,-2.237617224454879761e-01,-4.297396913170814514e-02,1.348524540662765503e-01,-1.441771686077117920e-01,-9.072726219892501831e-02,-1.411906331777572632e-01,1.725372672080993652e-02,-1.143097691237926483e-02,-9.768132120370864868e-02,-1.156006380915641785e-01,-2.114050537347793579e-01,2.088856883347034454e-02,-1.607985645532608032e-01,3.816312178969383240e-02,1.023317873477935791e-01,-2.134839445352554321e-02,2.379451841115951538e-01,1.048454791307449341e-01,1.056527420878410339e-01,-1.605125367641448975e-01,1.492391079664230347e-01,-5.031065642833709717e-02,-6.186712067574262619e-03,-1.498439013957977295e-01,8.670968003571033478e-03,-4.328368231654167175e-02,1.888817101716995239e-01,-1.558587402105331421e-01,7.970164716243743896e-02,2.478086575865745544e-02,1.329699456691741943e-01,2.095398902893066406e-01,-7.958108931779861450e-02,-7.464187592267990112e-02,-3.205879628658294678e-01,1.133889630436897278e-01,8.743648417294025421e-03,-1.591261029243469238e-01,6.585036218166351318e-02,1.419038474559783936e-01,-4.293407872319221497e-02,-1.168240308761596680e-01,-1.398698687553405762e-01,-4.622142016887664795e-02,9.864557534456253052e-02,5.097441747784614563e-02,6.738197058439254761e-02,-3.177915140986442566e-02,1.089628413319587708e-01,1.498439162969589233e-02,-3.996752575039863586e-02,6.328666210174560547e-02,9.673430770635604858e-02,-5.785801634192466736e-02,5.426326766610145569e-02,1.174533441662788391e-01,-5.251095071434974670e-02,3.794116526842117310e-02,-1.490039974451065063e-01,9.543487802147865295e-03,-1.472432911396026611e-01,-7.351411134004592896e-02,-2.137128822505474091e-02,5.351698398590087891e-02,-2.520494721829891205e-02,-1.026973649859428406e-01,2.909360080957412720e-02,5.990436300635337830e-02,-2.326728776097297668e-02,-4.423727467656135559e-02,-3.848169744014739990e-02,-7.764242589473724365e-02,7.293252646923065186e-02,1.622859202325344086e-02,-1.124711334705352783e-01,3.283336386084556580e-02,8.581372350454330444e-02,4.323935508728027344e-02,9.423485398292541504e-02,-6.059974804520606995e-02,-1.267381310462951660e-01,5.456014536321163177e-03,-4.572300240397453308e-02,2.042844519019126892e-02,-1.523896306753158569e-02,-1.889366358518600464e-01,-2.470823563635349274e-02,7.881759107112884521e-02,3.144575953483581543e-01,1.151357069611549377e-01,-2.237219065427780151e-01,3.847170993685722351e-02,1.127340942621231079e-01,8.650843054056167603e-03,7.594971358776092529e-02,-2.748734951019287109e-01,1.600200831890106201e-01,7.012044638395309448e-02,7.838676124811172485e-02,4.357348009943962097e-02,3.821108862757682800e-02,-8.353343233466148376e-03,1.015365272760391235e-01,1.770870536565780640e-01,7.575344294309616089e-02,-9.117447584867477417e-02,-6.937664002180099487e-02,1.084319800138473511e-01,-4.666147381067276001e-02,-1.034480631351470947e-01,-6.969444453716278076e-03,-1.568643152713775635e-01,-9.800467640161514282e-02,1.093740835785865784e-01,-1.411805450916290283e-01,-6.460403650999069214e-02,-4.674068093299865723e-02,1.072585359215736389e-01,2.404855042695999146e-01,6.493474543094635010e-02,-4.565882310271263123e-02,1.559553761035203934e-02,-8.217097818851470947e-02,2.148520946502685547e-02,1.271597892045974731e-01,7.039770483970642090e-02,-5.534547381103038788e-03,-8.507816493511199951e-02,3.148756921291351318e-02,-5.916265398263931274e-02,-1.210982650518417358e-01,1.125649139285087585e-01,-1.534669399261474609e-01,-6.431750208139419556e-02,5.434931069612503052e-02,-9.565210342407226562e-02,1.543432772159576416e-01,-1.069171205163002014e-01,-5.061935633420944214e-02,-1.071884036064147949e-01,-2.865810506045818329e-02,1.169943287968635559e-01,-3.634604066610336304e-02
-1.118920370936393738e-01,-1.203662483021616936e-03,-1.903489828109741211e-01,1.274922937154769897e-01,1.551440507173538208e-01,3.310661064460873604e-03,8.745476603507995605e-02,-2.452143281698226929e-02,-4.540332034230232239e-02,3.011200390756130219e-02,7.795136421918869019e-02,-2.996707856655120850e-01,1.308044195175170898e-01,-9.898838400840759277e-02,-3.894362226128578186e-02,-8.816972374916076660e-02,1.046457886695861816e-01,8.287248760461807251e-02,1.178115233778953552e-02,6.234524026513099670e-02,5.628819018602371216e-02,-1.607581600546836853e-02,-1.221642196178436279e-01,5.762056633830070496e-02,-7.463894784450531006e-02,-2.197420783340930939e-02,-2.810000777244567871e-01,-2.238476276397705078e-01,-1.014716923236846924e-01,-1.597715541720390320e-02,1.011096220463514328e-02,8.165754377841949463e-02,6.129479035735130310e-02,3.500806540250778198e-02,-4.217874258756637573e-02,-1.743345335125923157e-02,-1.321988552808761597e-01,1.921162940561771393e-02,-3.661186620593070984e-02,4.996974021196365356e-02,-2.233032733201980591e-01,-6.733230547979474068e-04,5.932060629129409790e-02,-1.826284676790237427e-01,-6.694427132606506348e-02,-8.867751061916351318e-02,5.624571815133094788e-02,-7.220465689897537231e-02,1.462963074445724487e-01,5.010895803570747375e-02,1.175127401947975159e-01,1.547014564275741577e-01,3.066110610961914062e-02,-3.183343708515167236e-01,1.420635282993316650e-01,7.612443715333938599e-02,3.262244164943695068e-02,5.006347224116325378e-02,1.197737529873847961e-01,1.396709829568862915e-01,3.780099377036094666e-02,-2.076190561056137085e-01,2.048990577459335327e-01,-3.216264769434928894e-02,-1.341770682483911514e-02,5.693314224481582642e-02,2.151729352772235870e-02,8.497971575707197189e-04,7.783867418766021729e-02,-1.233397200703620911e-01,-1.349180042743682861e-01,-1.287843883037567139e-01,5.532291159033775330e-02,-2.420591115951538086e-01,-9.467232227325439453e-02,8.182424306869506836e-02,-5.426510423421859741e-02,-2.898783609271049500e-02,1.668741703033447266e-01,5.948188714683055878e-03,6.513543426990509033e-02,6.034196540713310242e-02,8.900640159845352173e-02,-1.572981942445039749e-03,2.692301385104656219e-02,1.985734701156616211e-01,9.940660744905471802e-02,-1.777981966733932495e-02,-7.082086056470870972e-02,-1.002573445439338684e-01,-6.531914323568344116e-02,-3.192894905805587769e-02,-1.082210540771484375e-01,8.071951568126678467e-03,-4.187992960214614868e-02,1.332385987043380737e-01,9.770745784044265747e-02,-1.884884573519229889e-02,1.463385224342346191e-01,-1.173680722713470459e-01,5.740239843726158142e-02,1.393845826387405396e-01,1.408063322305679321e-01,-5.144412815570831299e-02,2.086975052952766418e-02,-9.601972997188568115e-02,-3.230895847082138062e-02,2.982581555843353271e-01,1.357451081275939941e-03,-1.487885862588882446e-01,-1.007326319813728333e-01,1.827100962400436401e-01,-2.144297771155834198e-02,1.875678263604640961e-02,3.999022766947746277e-02,1.563094854354858398e-01,1.256960071623325348e-02,2.516910061240196228e-02,-1.130282133817672729e-01,2.159116417169570923e-01,-1.527229845523834229e-01,-6.301593035459518433e-02,7.681622356176376343e-02,7.926357537508010864e-02,-9.430996328592300415e-02,-1.667942255735397339e-01,4.342665523290634155e-02,2.409662865102291107e-02,-1.251069307327270508e-01,-5.565360933542251587e-02,-1.566532626748085022e-02,-1.504719704389572144e-01,9.491503238677978516e-02,1.034954339265823364e-01,-1.580245345830917358e-01,-4.136571288108825684e-02,7.868065149523317814e-04,-2.777467854321002960e-02,1.135132461786270142e-02,-5.181637406349182129e-02,-8.690869808197021484e-02,2.257111817598342896e-01,4.562431573867797852e-02,-9.620054811239242554e-02,-6.514209508895874023e-02,1.254038661718368530e-01,-3.905372694134712219e-02,3.585658222436904907e-02,7.304722070693969727e-02,-6.720076501369476318e-02,2.739816308021545410e-01,1.257156282663345337e-01,7.363113015890121460e-02,-9.160598367452621460e-02,1.202330887317657471e-01,-7.828127592802047729e-02,-1.037551015615463257e-01,1.799691468477249146e-01,8.666975051164627075e-02,-9.329496324062347412e-02,-6.514665484428405762e-02,-7.212131470441818237e-02,4.912535846233367920e-02,5.197258293628692627e-02,-9.273333102464675903e-02,-1.453093886375427246e-01,6.015754118561744690e-02,1.313879787921905518e-01,7.571846246719360352e-02,1.088738813996315002e-02,7.186281681060791016e-02,2.807523012161254883e-01,5.863048508763313293e-02,1.138917654752731323e-01,1.027452796697616577e-01,6.015830859541893005e-02,1.178525164723396301e-01,2.071375399827957153e-02,3.758028894662857056e-02,3.767138719558715820e-02,-2.230689674615859985e-02,2.507148124277591705e-02,-8.582765236496925354e-03
-3.126831725239753723e-02,1.602696031332015991e-01,3.995477408170700073e-02,3.739970177412033081e-02,-1.309464722871780396e-01,9.963145852088928223e-02,1.447411254048347473e-02,1.238398849964141846e-01,6.944026052951812744e-02,3.058434836566448212e-02,8.205995708703994751e-02,1.798194274306297302e-02,-2.164766378700733185e-02,1.937225908041000366e-01,2.415458261966705322e-01,-3.725459054112434387e-02,1.433161646127700806e-01,-6.964468955993652344e-02,-6.565786898136138916e-02,1.566283702850341797e-01,-4.249447211623191833e-02,-1.375490725040435791e-01,-1.740667968988418579e-01,-1.133571937680244446e-01,1.730504930019378662e-01,-1.229824125766754150e-01,-1.443148497492074966e-02,1.339732855558395386e-02,-9.990283846855163574e-02,6.046231370419263840e-03,-1.297523826360702515e-01,1.367486566305160522e-01,-1.747954450547695160e-02,2.865617275238037109e-01,7.025551050901412964e-02,-1.817634999752044678e-01,-9.445115923881530762e-02,1.543933600187301636e-01,6.946766376495361328e-02,-1.438665539026260376e-01,-6.887876987457275391e-02,8.822376281023025513e-02,1.304636597633361816e-01,8.451576344668865204e-03,-1.516813933849334717e-01,-3.701679781079292297e-02,2.349772900342941284e-01,-5.931968986988067627e-02,-1.397625356912612915e-01,3.617867827415466309e-02,1.018331479281187057e-02,1.376553475856781006e-01,5.936624854803085327e-02,-9.489466995000839233e-02,-6.199895218014717102e-02,8.580086752772331238e-03,-1.322418004274368286e-01,-6.775052100419998169e-02,-8.905011415481567383e-02,1.761232018470764160e-01,1.339505240321159363e-02,1.175832841545343399e-02,4.707879945635795593e-02,4.447139054536819458e-02,1.455947011709213257e-01,-7.834622263908386230e-02,1.788861490786075592e-02,-1.148041859269142151e-01,-1.078034639358520508e-01,-4.180664196610450745e-02,1.094984859228134155e-01,1.076874211430549622e-01,-2.052713558077812195e-02,-6.023735180497169495e-02,-6.549189984798431396e-02,-1.020522266626358032e-01,-1.296303719282150269e-01,-6.679549068212509155e-02,-2.637360803782939911e-02,-3.233211487531661987e-02,-8.033540844917297363e-02,2.747107669711112976e-02,2.866533696651458740e-01,1.317665260285139084e-02,1.307076513767242432e-01,-2.059025168418884277e-01,-9.447856992483139038e-02,8.009617030620574951e-02,7.998687028884887695e-02,2.320196628570556641e-01,-6.815532594919204712e-02,1.476462837308645248e-02,-1.173730846494436264e-02,-9.299980103969573975e-02,-1.147103235125541687e-01,1.041195690631866455e-01,-5.432723462581634521e-02,-1.514118760824203491e-01,-1.936169564723968506e-01,5.933284759521484375e-02,-2.064047902822494507e-01,1.629000902175903320e-02,-1.052344813942909241e-01,1.344488561153411865e-01,2.874270081520080566e-02,1.112693697214126587e-01,-3.430156111717224121e-01,5.013361945748329163e-02,1.868195384740829468e-01,3.922271355986595154e-02,-3.120040893554687500e-02,8.062746375799179077e-02,4.142730310559272766e-02,5.020196735858917236e-02,7.311240583658218384e-02,-3.930152580142021179e-02,7.617588154971599579e-03,-1.280064433813095093e-01,-1.270852796733379364e-02,6.586660444736480713e-02,-6.244581192731857300e-02,1.831429600715637207e-01,-1.215143725275993347e-01,6.141172721982002258e-02,-2.350457571446895599e-02,-8.154752850532531738e-02,1.703257411718368530e-01,-3.764951974153518677e-02,5.111928563565015793e-03,-1.779403090476989746e-01,-5.612982809543609619e-02,8.653066307306289673e-02,1.399112045764923096e-01,-1.485243737697601318e-01,7.214527577161788940e-02,9.510895609855651855e-02,9.184136986732482910e-02,-7.575689814984798431e-03,-8.575047552585601807e-02,4.975209385156631470e-02,9.233389049768447876e-02,-5.479095131158828735e-02,-7.761505432426929474e-03,2.684332989156246185e-02,1.542057725600898266e-03,1.343100219964981079e-01,-2.394115552306175232e-02,-7.508498430252075195e-02,8.738759905099868774e-02,1.030668839812278748e-01,3.334283828735351562e-02,-1.194382235407829285e-01,7.272365689277648926e-02,5.420546978712081909e-02,6.184003129601478577e-02,-4.399459064006805420e-02,-1.626728288829326630e-02,-2.103515341877937317e-02,-3.141668625175952911e-03,-1.024731323122978210e-01,-5.085688084363937378e-02,7.734720408916473389e-02,-1.490735262632369995e-01,-2.679001912474632263e-02,-6.203205138444900513e-02,4.209910333156585693e-02,-1.293967068195343018e-01,-1.139282956719398499e-01,-2.696623094379901886e-02,6.236187648028135300e-03,-3.792180866003036499e-02,-3.829819336533546448e-02,1.540458500385284424e-01,-2.172890491783618927e-02,-5.362130329012870789e-02,1.097791120409965515e-01,-8.037349325604736805e-04,1.938515752553939819e-01,-2.779802680015563965e-02,1.552690267562866211e-01,-6.945258378982543945e-02,-5.636039376258850098e-02,-1.145776435732841492e-01
-5.152659118175506592e-02,4.660835489630699158e-02,-9.923229366540908813e-02,4.300471395254135132e-02,-7.502615451812744141e-02,-1.255253423005342484e-02,7.162453234195709229e-02,2.053197771310806274e-01,9.125540032982826233e-03,-3.076262213289737701e-02,-4.374568164348602295e-02,1.320840716361999512e-01,-1.518985629081726074e-01,9.438917785882949829e-02,-3.510058671236038208e-02,-9.322366118431091309e-02,-6.628437340259552002e-02,1.646265969611704350e-03,5.633895471692085266e-02,-1.940520405769348145e-01,-7.653579860925674438e-02,1.988390386104583740e-01,6.759250164031982422e-02,-5.444848164916038513e-02,-2.305736094713211060e-01,-7.668152451515197754e-02,3.202828392386436462e-02,-9.106849133968353271e-02,1.726158559322357178e-01,-1.205071359872817993e-01,-2.393428981304168701e-02,-1.207476714625954628e-03,1.561040878295898438e-01,1.044505983591079712e-01,1.586541347205638885e-02,4.205822572112083435e-02,5.815106257796287537e-02,1.542860567569732666e-01,2.156245289370417595e-03,-1.738780923187732697e-02,5.420259386301040649e-02,-4.645460844039916992e-02,-1.463921070098876953e-01,6.208722665905952454e-02,-1.368988603353500366e-01,1.467097252607345581e-01,-1.776125282049179077e-02,3.555390238761901855e-02,1.702505163848400116e-02,1.194124370813369751e-01,9.056867659091949463e-02,-1.825587749481201172e-01,2.110251598060131073e-02,1.666152030229568481e-01,2.409543842077255249e-01,-1.254752874374389648e-01,4.004492610692977905e-02,-1.657889597117900848e-02,-4.771903529763221741e-02,-5.341780185699462891e-02,-7.011891901493072510e-02,-2.184616774320602417e-02,-1.141377389430999756e-01,-2.288661524653434753e-02,6.653790175914764404e-02,-3.883714601397514343e-02,7.898402214050292969e-02,-2.928412519395351410e-02,-1.615786105394363403e-01,-2.928400645032525063e-03,2.690036892890930176e-01,-4.799064248800277710e-02,4.894309490919113159e-02,-1.474110223352909088e-02,7.571024447679519653e-02,6.222314760088920593e-02,-6.104330718517303467e-02,-2.619528472423553467e-01,2.277368912473320961e-03,-5.788737535476684570e-02,-5.802063643932342529e-02,1.076267361640930176e-01,1.389529407024383545e-01,-1.299216300249099731e-01,-1.862089931964874268e-01,-1.754225790500640869e-01,3.298845887184143066e-02,-1.394657641649246216e-01,4.102753475308418274e-02,7.244384288787841797e-02,5.228487774729728699e-02,1.041829138994216919e-01,2.147331461310386658e-02,2.185626029968261719e-01,-1.389160752296447754e-01,2.529636025428771973e-01,1.688810884952545166e-01,1.614020764827728271e-02,3.001075983047485352e-02,-1.476703584194183350e-01,1.271263211965560913e-01,1.914857514202594757e-02,2.499126270413398743e-02,-1.110937222838401794e-01,-1.458981484174728394e-01,2.021969668567180634e-02,5.387038365006446838e-02,1.117904409766197205e-01,-1.417611539363861084e-01,-9.068442881107330322e-02,-1.551661938428878784e-01,-4.654773697257041931e-02,-1.621304750442504883e-01,-1.048255153000354767e-02,-4.028612002730369568e-02,1.132603883743286133e-01,7.152287662029266357e-02,7.444071024656295776e-02,1.034222990274429321e-01,5.341328307986259460e-02,8.258514851331710815e-02,4.287344869226217270e-03,3.158138133585453033e-03,-1.110356152057647705e-01,2.062498964369297028e-02,1.082553267478942871e-01,1.262933854013681412e-02,-9.952554851770401001e-02,-1.187510564923286438e-01,1.232364550232887268e-01,1.601036339998245239e-01,-5.630082637071609497e-02,-6.621753424406051636e-02,4.939741268754005432e-02,-4.775660112500190735e-02,-8.305363357067108154e-02,6.683221459388732910e-02,-3.540133312344551086e-02,9.473986923694610596e-02,3.050446882843971252e-02,1.119207367300987244e-01,2.082022838294506073e-02,1.713578216731548309e-02,9.456241130828857422e-02,7.515167444944381714e-02,-3.620505332946777344e-02,1.324714869260787964e-01,-2.130803167819976807e-01,2.617920637130737305e-01,3.485751524567604065e-02,1.620952785015106201e-01,1.504226680845022202e-02,-4.769720509648323059e-02,-1.213195845484733582e-01,2.131308801472187042e-02,5.368046462535858154e-02,2.865482680499553680e-02,9.922515600919723511e-02,1.416628211736679077e-01,9.349325299263000488e-02,5.647446587681770325e-02,1.690803170204162598e-01,-3.306055068969726562e-02,-1.324261128902435303e-01,-8.890064060688018799e-02,-2.288483455777168274e-02,1.282223016023635864e-01,1.246728599071502686e-01,4.307448863983154297e-02,6.863694638013839722e-02,-2.948750369250774384e-02,1.370710879564285278e-01,-8.345872163772583008e-02,-2.329709567129611969e-02,-4.846855625510215759e-02,-9.194013476371765137e-02,-3.694467991590499878e-02,3.869894519448280334e-02,-8.636929094791412354e-02,-1.930124126374721527e-03,-1.278381794691085815e-01,3.256694599986076355e-02,-3.973858430981636047e-02
-1.857729852199554443e-01,1.396819055080413818e-01,-5.630188435316085815e-02,-2.467706650495529175e-01,3.834033012390136719e-02,2.329024225473403931e-01,1.110701262950897217e-02,1.416058391332626343e-01,-6.952520459890365601e-02,-4.645046591758728027e-02,1.205054521560668945e-01,-4.371899366378784180e-02,-3.239940619096159935e-03,1.110358834266662598e-01,1.071388870477676392e-01,1.589856147766113281e-01,-5.740836635231971741e-02,-1.100135222077369690e-01,-6.950268149375915527e-02,8.749235421419143677e-02,3.497661650180816650e-02,-3.896056115627288818e-02,-5.918983370065689087e-02,-1.941943541169166565e-02,-1.323610395193099976e-01,1.534423828125000000e-01,-1.372015923261642456e-01,-1.423785090446472168e-01,1.006183400750160217e-01,-1.288809031248092651e-01,1.052908822894096375e-01,-1.301571279764175415e-01,2.089705318212509155e-02,-1.097669973969459534e-01,-4.936233162879943848e-02,-9.057389944791793823e-02,-2.717066183686256409e-02,6.782710552215576172e-02,7.856426388025283813e-02,-2.115940153598785400e-01,5.804932862520217896e-02,9.842509776353836060e-02,2.062812596559524536e-01,1.015237439423799515e-02,-7.829141616821289062e-02,-1.054422333836555481e-01,-2.169423848390579224e-01,-1.929309405386447906e-02,-4.743860661983489990e-02,2.200756520032882690e-01,2.096483856439590454e-02,-1.607550494372844696e-02,3.367183357477188110e-02,-3.829011984635144472e-05,1.668742895126342773e-01,6.649705022573471069e-02,1.027121022343635559e-01,-8.415318280458450317e-02,-1.915197819471359253e-02,-4.375321324914693832e-03,3.573897480964660645e-02,1.440901607275009155e-01,1.658287644386291504e-01,1.368389874696731567e-01,-5.110096931457519531e-02,1.200042441487312317e-01,2.386102974414825439e-01,8.547223359346389771e-02,7.639349438250064850e-03,-1.880480796098709106e-01,1.886589229106903076e-01,-7.320194691419601440e-02,1.222427189350128174e-01,1.181469634175300598e-01,7.285542786121368408e-02,1.830665469169616699e-01,-6.970532983541488647e-02,7.639479637145996094e-02,6.374530494213104248e-02,1.345489174127578735e-01,1.032302505336701870e-03,2.357362210750579834e-02,4.907479137182235718e-02,1.034304425120353699e-01,2.702565677464008331e-02,4.604593664407730103e-02,1.753358356654644012e-02,7.153189182281494141e-02,7.146001607179641724e-02,6.942927092313766479e-02,-7.348947972059249878e-02,-1.731395870447158813e-01,-1.149267628788948059e-01,1.543042249977588654e-02,-1.862490028142929077e-01,-9.921892732381820679e-02,-1.097611896693706512e-02,8.876774460077285767e-02,-1.565638035535812378e-01,-2.310208417475223541e-02,3.742049634456634521e-02,4.978036507964134216e-03,-2.339674159884452820e-02,-5.430647730827331543e-02,3.868383541703224182e-02,2.789753973484039307e-01,4.449397325515747070e-02,1.201085969805717468e-01,-1.082906946539878845e-01,-1.060618981719017029e-01,9.321376681327819824e-02,1.097172945737838745e-01,-3.517829254269599915e-02,-4.485444352030754089e-02,1.449068635702133179e-01,-2.617164701223373413e-02,-2.187009528279304504e-02,-1.731614619493484497e-01,-8.796754479408264160e-02,1.545758266001939774e-02,-3.960632532835006714e-02,1.927226781845092773e-02,-9.263581037521362305e-02,2.108111791312694550e-02,3.442862629890441895e-02,5.750000104308128357e-02,1.352410167455673218e-01,9.367357939481735229e-02,1.067285984754562378e-01,1.382098067551851273e-02,9.731056541204452515e-02,-2.560450136661529541e-01,9.939406812191009521e-02,-8.393201977014541626e-02,-1.214997023344039917e-01,-3.630630904808640480e-03,1.623268723487854004e-01,-1.621513366699218750e-01,-2.487807273864746094e-01,-1.425196528434753418e-01,1.162036415189504623e-02,-4.035153239965438843e-02,-4.192605242133140564e-02,-6.668654829263687134e-02,1.540606617927551270e-01,-1.190707534551620483e-01,-2.874777019023895264e-01,-2.889659255743026733e-02,5.643010511994361877e-02,4.154735803604125977e-02,-1.039249077439308167e-01,-1.808729395270347595e-02,-5.719311162829399109e-02,-6.181501224637031555e-02,-1.543508619070053101e-01,-1.110432110726833344e-02,-7.133015990257263184e-02,-1.461543291807174683e-01,-9.264874458312988281e-02,-9.417561441659927368e-02,8.263243734836578369e-02,1.886102743446826935e-02,-3.235283121466636658e-02,-1.005903929471969604e-01,5.256273783743381500e-03,-4.502777382731437683e-02,-3.650160878896713257e-02,7.264643162488937378e-02,-9.142843633890151978e-02,-1.925442181527614594e-02,2.554072439670562744e-02,7.247242610901594162e-04,2.397308945655822754e-01,5.789617076516151428e-02,-9.716209955513477325e-03,5.097245052456855774e-02,1.772040687501430511e-02,-1.163967251777648926e-01,1.117396429181098938e-01,7.634809613227844238e-02,1.291289627552032471e-01,1.030886024236679077e-01,-1.461782902479171753e-01
-1.185243353247642517e-01,-1.041359920054674149e-02,-6.080456450581550598e-02,-1.175368279218673706e-01,2.918184734880924225e-02,7.100176811218261719e-02,1.913716793060302734e-01,-2.388569898903369904e-02,1.572317816317081451e-02,-4.039975255727767944e-02,-1.213285252451896667e-01,1.431920230388641357e-01,9.389087557792663574e-02,-3.670249506831169128e-02,1.206110045313835144e-01,-2.005567215383052826e-02,6.498400121927261353e-02,-1.504094153642654419e-01,-5.689987167716026306e-02,-1.579783260822296143e-01,2.146758511662483215e-02,-2.450930513441562653e-02,9.792700409889221191e-02,3.741341829299926758e-02,-7.610096782445907593e-02,1.572155505418777466e-01,1.226118430495262146e-01,5.543125793337821960e-03,-2.837327495217323303e-02,2.662650123238563538e-02,9.003458917140960693e-02,4.007757455110549927e-02,-9.781254827976226807e-02,2.932368405163288116e-02,-8.333942294120788574e-02,1.997267007827758789e-01,-1.285866349935531616e-01,6.684436928480863571e-03,-5.801680032163858414e-03,5.307506024837493896e-02,1.226533018052577972e-02,-1.578097492456436157e-01,-2.009543776512145996e-02,6.670168042182922363e-02,8.422580547630786896e-03,-6.783235818147659302e-03,9.734771400690078735e-02,-7.942616939544677734e-02,-2.609730698168277740e-02,1.210011616349220276e-01,1.129184141755104065e-01,-1.591815352439880371e-01,-5.592674389481544495e-02,7.668708264827728271e-02,1.084324195981025696e-01,3.967965245246887207e-01,1.473080962896347046e-01,-2.744325995445251465e-02,2.333281002938747406e-02,-1.071095988154411316e-01,2.189517207443714142e-02,-2.105777561664581299e-01,1.053739935159683228e-01,1.810089126229286194e-02,2.114457450807094574e-02,1.383485496044158936e-01,4.463898018002510071e-02,-1.557587683200836182e-01,-1.387162655591964722e-01,6.410521455109119415e-04,1.854130625724792480e-01,-3.027452714741230011e-02,-1.349101425148546696e-03,8.563140034675598145e-02,-1.706430106423795223e-03,-8.719801157712936401e-02,1.977669016923755407e-04,1.564297825098037720e-01,-7.849998772144317627e-03,6.144945695996284485e-02,-9.872842580080032349e-02,9.409723430871963501e-02,2.451281249523162842e-01,7.039190828800201416e-02,-1.336560845375061035e-01,-7.804721244610846043e-04,4.444508999586105347e-02,2.391553670167922974e-01,5.895143374800682068e-02,1.090214867144823074e-02,-9.170889854431152344e-02,1.347492486238479614e-01,6.443674862384796143e-02,1.168710086494684219e-02,-8.742502331733703613e-02,2.202660888433456421e-01,8.287625014781951904e-02,4.366907104849815369e-02,-6.617975234985351562e-02,1.199025474488735199e-02,1.981633454561233521e-01,-1.866483986377716064e-01,3.314675390720367432e-02,7.362811267375946045e-02,1.909399926662445068e-01,1.318773478269577026e-01,7.869781553745269775e-02,1.662506461143493652e-01,-5.010547861456871033e-02,1.555964201688766479e-01,3.996706381440162659e-02,8.920301496982574463e-02,5.662027373909950256e-02,1.555128116160631180e-02,3.329966589808464050e-02,-1.109478771686553955e-01,-4.373674280941486359e-03,-1.398072019219398499e-02,-2.062469348311424255e-02,1.808747798204421997e-01,-1.479956358671188354e-01,5.087871849536895752e-02,-1.055238097906112671e-01,1.056444570422172546e-01,-1.120031401515007019e-01,-5.960618332028388977e-02,-7.615983486175537109e-03,-1.276454981416463852e-02,2.147248089313507080e-01,1.394941061735153198e-01,-3.560239076614379883e-02,-9.494949877262115479e-02,2.043428458273410797e-02,2.333350777626037598e-01,2.254540100693702698e-02,-8.604875952005386353e-02,1.322329491376876831e-01,-3.257313370704650879e-02,-3.998629003763198853e-02,-6.803097575902938843e-02,1.918638311326503754e-02,-1.494104564189910889e-01,-5.758981406688690186e-02,7.210207730531692505e-02,-5.893001705408096313e-02,-3.064534440636634827e-02,1.584804058074951172e-01,8.874421566724777222e-02,-4.970946907997131348e-02,2.362112104892730713e-01,4.133514314889907837e-02,-2.574336156249046326e-02,9.053872525691986084e-02,-1.302239671349525452e-02,-1.014915630221366882e-01,3.268812596797943115e-02,1.675779223442077637e-01,-1.990649104118347168e-02,-2.459276616573333740e-01,-3.121338784694671631e-02,-2.186009846627712250e-02,-7.578750699758529663e-02,-8.025304973125457764e-02,-6.443804502487182617e-02,5.012312904000282288e-03,-1.652105897665023804e-02,-4.551464691758155823e-02,-6.807206571102142334e-02,6.779410410672426224e-03,-7.547879591584205627e-03,-1.626225262880325317e-01,-5.880197510123252869e-02,-1.243122220039367676e-01,-3.667991608381271362e-02,5.334625020623207092e-02,6.209209933876991272e-02,7.433557510375976562e-02,-9.384963661432266235e-02,-5.590698216110467911e-03,-8.270396292209625244e-02,5.098521336913108826e-02,7.914885878562927246e-02,9.928752481937408447e-02
1.219687238335609436e-01,1.095325686037540436e-02,1.693243347108364105e-02,1.254105716943740845e-01,3.870722651481628418e-02,-7.851917296648025513e-02,6.697372999042272568e-03,-1.073700636625289917e-01,1.344264298677444458e-01,-9.835557639598846436e-02,-1.138372644782066345e-01,7.598446309566497803e-02,1.262639760971069336e-01,2.042371034622192383e-01,-1.890162751078605652e-02,1.107337996363639832e-01,-7.261116802692413330e-02,-1.910053193569183350e-01,1.654820889234542847e-02,6.061827018857002258e-02,1.367148458957672119e-01,3.495766967535018921e-02,-2.841364033520221710e-02,1.929320693016052246e-01,-4.256093129515647888e-02,-2.437214553356170654e-02,-4.637522250413894653e-02,1.895960122346878052e-01,-3.754720091819763184e-02,-5.693206563591957092e-02,-1.169796958565711975e-01,-2.672057598829269409e-02,-5.031605716794729233e-03,-7.201495021581649780e-02,1.483809202909469604e-02,-6.021097674965858459e-02,7.382787764072418213e-02,-7.696440070867538452e-02,-8.938824757933616638e-03,3.405069932341575623e-03,1.834148913621902466e-01,1.359076052904129028e-02,1.531810760498046875e-01,2.204094547778367996e-03,-2.072969526052474976e-01,1.519864499568939209e-01,9.184298664331436157e-02,-8.231778442859649658e-02,6.839164998382329941e-03,1.731457561254501343e-02,1.671543121337890625e-01,8.437205106019973755e-02,1.523957848548889160e-01,-8.156295120716094971e-02,-4.616491496562957764e-02,-4.298397153615951538e-02,5.903901532292366028e-02,-9.097141213715076447e-03,1.319265812635421753e-01,-1.389948576688766479e-01,-9.814572334289550781e-02,1.177743449807167053e-01,4.206862673163414001e-02,5.148219317197799683e-02,2.026493661105632782e-02,4.143340885639190674e-02,8.781117945909500122e-02,-1.556128449738025665e-02,2.469999715685844421e-02,1.425352394580841064e-01,-1.155011728405952454e-01,-2.101473696529865265e-02,1.005620658397674561e-01,1.218006834387779236e-01,-4.701870307326316833e-02,-2.162689343094825745e-02,-1.801855713129043579e-01,1.360913962125778198e-01,4.008007794618606567e-02,2.414645068347454071e-02,-2.648828625679016113e-01,2.123165577650070190e-01,-8.722072839736938477e-02,-7.271414622664451599e-03,-1.409562528133392334e-01,1.439075022935867310e-01,3.069646283984184265e-02,8.217205852270126343e-02,-2.730670273303985596e-01,-7.800570875406265259e-02,6.756989657878875732e-02,8.780870586633682251e-02,-7.007789611816406250e-02,7.385062426328659058e-02,-1.011381577700376511e-02,7.561990618705749512e-02,1.283838599920272827e-01,3.802637010812759399e-02,-9.044443070888519287e-02,-4.462655633687973022e-02,1.572625041007995605e-01,-7.553310692310333252e-02,-2.168028205633163452e-01,4.340048879384994507e-02,-1.210869848728179932e-01,9.823298454284667969e-02,-4.844502732157707214e-02,8.383813314139842987e-03,3.361753746867179871e-02,1.125830784440040588e-01,-9.811971336603164673e-02,-7.701410353183746338e-02,-1.234256923198699951e-01,-2.506493777036666870e-02,1.632244139909744263e-01,-6.255590915679931641e-02,-1.518250852823257446e-01,-6.071305647492408752e-02,2.014469355344772339e-01,-1.019436866044998169e-01,-7.157997041940689087e-02,-1.227404922246932983e-01,-7.093860767781734467e-04,-1.349567472934722900e-01,3.423745632171630859e-01,1.072713136672973633e-01,1.157515961676836014e-02,-8.338189870119094849e-02,6.818170100450515747e-02,-1.084983721375465393e-01,-8.716647326946258545e-02,-2.758886516094207764e-01,-1.853567510843276978e-01,1.593574583530426025e-01,1.821386255323886871e-02,2.616817876696586609e-02,-3.200376033782958984e-02,6.589486449956893921e-02,-6.917124614119529724e-03,-2.030619978904724121e-01,-3.648240491747856140e-02,2.629284262657165527e-01,1.654797047376632690e-02,-6.222736462950706482e-02,-4.653433337807655334e-02,-8.206555247306823730e-02,-8.435168303549289703e-03,-1.295102387666702271e-01,-2.215115129947662354e-01,-1.845118589699268341e-02,-7.543791830539703369e-02,1.904086954891681671e-02,-3.510860726237297058e-02,-7.017900049686431885e-02,-5.055591836571693420e-02,3.618101403117179871e-02,-1.620653718709945679e-01,7.530129700899124146e-02,2.946537919342517853e-02,1.624733209609985352e-01,-5.602363497018814087e-02,-3.027441799640655518e-01,-6.660770624876022339e-02,-6.637367606163024902e-02,5.667617172002792358e-02,-7.383359968662261963e-02,1.164862699806690216e-02,-1.681663244962692261e-01,9.726631641387939453e-02,3.199930116534233093e-02,1.216250360012054443e-01,-1.815693378448486328e-01,7.093094289302825928e-02,-7.477291673421859741e-02,-9.722111374139785767e-02,-8.365800231695175171e-02,8.758342266082763672e-02,1.967555470764636993e-02,-1.948012113571166992e-01,-6.985727697610855103e-02,-5.894122645258903503e-02,-2.363221906125545502e-02,1.505195945501327515e-01
-2.383397892117500305e-03,-1.753403693437576294e-01,1.259097307920455933e-01,2.013537436723709106e-01,5.324395373463630676e-02,5.218967795372009277e-02,1.296074013225734234e-03,6.459149718284606934e-02,1.260513663291931152e-01,-1.606708467006683350e-01,1.259237825870513916e-01,-1.087013352662324905e-02,8.184055238962173462e-02,9.183654934167861938e-02,3.818311914801597595e-02,-1.318415403366088867e-01,-1.468531973659992218e-02,-5.501621216535568237e-02,-1.114615239202976227e-02,1.629339307546615601e-01,5.248136445879936218e-02,-1.780069619417190552e-02,5.933265388011932373e-02,3.897351771593093872e-02,-2.168952375650405884e-01,-3.763606538996100426e-03,-1.026521250605583191e-01,1.518917679786682129e-01,-2.519858814775943756e-02,8.539529889822006226e-02,2.859760262072086334e-02,1.959935873746871948e-01,-9.758049994707107544e-02,4.526719916611909866e-03,1.053385529667139053e-02,-4.535553976893424988e-02,1.402459740638732910e-01,-2.184315957129001617e-02,6.904909759759902954e-02,6.480213999748229980e-02,8.080591261386871338e-02,1.144127827137708664e-02,3.573849797248840332e-02,-5.071727558970451355e-02,1.015290059149265289e-02,-6.496386229991912842e-02,3.193804249167442322e-02,1.136610135436058044e-01,-1.283625662326812744e-01,-9.541860967874526978e-02,1.172568090260028839e-02,6.455631554126739502e-02,-3.786095604300498962e-02,5.361988022923469543e-02,4.795316234230995178e-02,8.065685629844665527e-03,-2.036970257759094238e-01,-1.744776032865047455e-02,2.140212059020996094e-02,-2.843024767935276031e-02,-1.303476840257644653e-01,-3.132151812314987183e-02,-4.238544404506683350e-02,1.136364042758941650e-01,1.121184378862380981e-01,-8.250681310892105103e-02,-6.196581944823265076e-02,-1.245403364300727844e-01,1.341183185577392578e-01,1.341966688632965088e-01,1.367910485714673996e-02,-3.819683939218521118e-02,-1.625573076307773590e-02,-9.028956294059753418e-02,2.524458169937133789e-01,-2.823360078036785126e-02,7.307440787553787231e-02,3.864280506968498230e-02,8.855608850717544556e-02,6.838133931159973145e-02,-1.015175282955169678e-01,-1.815247833728790283e-01,6.848817467689514160e-01,-1.503430604934692383e-01,-8.696940541267395020e-02,7.224563509225845337e-02,-6.172141060233116150e-02,6.926622241735458374e-02,-2.100209519267082214e-02,1.019169837236404419e-01,5.445016920566558838e-02,-9.723299741744995117e-02,-1.157392263412475586e-01,-3.095811977982521057e-02,-3.050282970070838928e-02,-2.360434383153915405e-01,-2.831714227795600891e-02,-9.819377958774566650e-02,-2.489653378725051880e-01,1.387118846178054810e-01,-1.091459840536117554e-01,3.567970171570777893e-02,-3.521623462438583374e-02,1.093525439500808716e-01,-7.179413735866546631e-02,-2.644372545182704926e-02,-1.707561761140823364e-01,3.533514961600303650e-02,-5.144885182380676270e-02,8.664099872112274170e-02,1.797488518059253693e-02,4.150418937206268311e-01,1.479344666004180908e-01,-1.549202799797058105e-01,-1.433766633272171021e-01,1.131908595561981201e-01,-1.560031622648239136e-01,-9.212334454059600830e-02,-1.113244667649269104e-01,1.888458617031574249e-02,-7.478062063455581665e-03,-1.487575005739927292e-02,-1.404511481523513794e-01,-1.424911767244338989e-01,-5.721224844455718994e-02,-6.252319365739822388e-02,-6.784407049417495728e-02,-4.550372809171676636e-02,-4.404272139072418213e-02,6.048765406012535095e-02,-1.600257456302642822e-01,-5.928865820169448853e-02,-8.638773113489151001e-02,2.685257047414779663e-02,-7.137919217348098755e-02,8.610031753778457642e-02,8.728814870119094849e-02,-5.933516193181276321e-03,-4.495741799473762512e-02,4.909775778651237488e-02,-8.192999660968780518e-02,-1.733738780021667480e-01,5.534892529249191284e-02,-5.302126333117485046e-02,1.149022579193115234e-01,-1.175291985273361206e-01,-4.408944398164749146e-02,-5.833863094449043274e-02,-6.737843155860900879e-02,2.020650804042816162e-01,1.227657347917556763e-01,6.084050983190536499e-02,-1.109202802181243896e-01,4.932501539587974548e-02,-1.294498443603515625e-01,-2.567506209015846252e-02,-8.833786100149154663e-02,-2.297044992446899414e-01,-1.242410857230424881e-02,-7.522370666265487671e-02,-1.041521504521369934e-01,-7.045825570821762085e-02,1.047668904066085815e-01,1.103829964995384216e-01,1.509095579385757446e-01,-6.801489740610122681e-02,-3.886128216981887817e-02,6.788955535739660263e-03,9.820108860731124878e-02,3.751644492149353027e-01,9.344043210148811340e-03,-7.814253866672515869e-02,-4.651155695319175720e-02,-7.777740061283111572e-02,1.270027458667755127e-01,-2.130684256553649902e-01,1.082859816960990429e-03,-1.297905296087265015e-01,9.731952846050262451e-02,8.640029281377792358e-02,-3.074619546532630920e-02,-2.249231189489364624e-02,2.115095499902963638e-03
7.797064632177352905e-02,-1.448919177055358887e-01,-1.170499101281166077e-01,1.638992875814437866e-02,5.939905717968940735e-02,9.459745883941650391e-02,4.679324105381965637e-02,1.701573431491851807e-01,1.248162165284156799e-01,-3.113507032394409180e-01,9.204230271279811859e-03,-1.115134060382843018e-01,1.521419435739517212e-01,-7.370774447917938232e-02,2.468720823526382446e-01,-1.003348603844642639e-01,-7.198549062013626099e-02,-7.909487187862396240e-02,-7.395614683628082275e-02,-5.861085653305053711e-02,-1.336108446121215820e-01,-3.574636951088905334e-02,1.881855875253677368e-01,7.101298868656158447e-02,-6.171034276485443115e-02,-1.695675551891326904e-01,9.382006525993347168e-02,6.865108013153076172e-02,1.029930338263511658e-01,2.773791551589965820e-01,7.991668535396456718e-04,2.919901395216584206e-03,1.265740990638732910e-01,-1.165531575679779053e-01,1.250631958246231079e-01,5.528229847550392151e-02,2.393567375838756561e-02,1.239218041300773621e-01,2.059784950688481331e-03,-2.653455547988414764e-02,1.100175455212593079e-01,2.618514001369476318e-01,6.967405229806900024e-02,2.354301046580076218e-03,-2.543576760217547417e-03,-2.433391958475112915e-01,-4.308881238102912903e-02,1.669775992631912231e-01,4.589979723095893860e-02,1.475093960762023926e-01,8.324833214282989502e-02,1.306680291891098022e-01,-3.085471130907535553e-02,-5.176186934113502502e-02,1.116232872009277344e-01,8.273581042885780334e-03,2.659241296350955963e-02,1.675232499837875366e-01,-8.241428434848785400e-02,-1.463575810194015503e-01,5.418645590543746948e-02,-2.035690248012542725e-01,4.022059217095375061e-02,-5.203336849808692932e-02,-7.265967130661010742e-02,1.739860475063323975e-01,1.110058426856994629e-01,-2.475742846727371216e-01,-4.422053694725036621e-02,3.980052657425403595e-03,-2.084257267415523529e-02,-2.124343663454055786e-01,-2.947837673127651215e-02,-7.770712673664093018e-02,-8.697587251663208008e-02,6.214261800050735474e-02,-6.316582858562469482e-02,3.052225895226001740e-02,9.918633848428726196e-03,-2.822879888117313385e-02,2.129696309566497803e-02,-1.351931318640708923e-02,-1.220422163605690002e-01,-2.990430220961570740e-02,7.116729766130447388e-02,4.665165673941373825e-03,-9.912361949682235718e-02,6.593028455972671509e-02,7.698608934879302979e-02,1.185031235218048096e-01,1.224717572331428528e-01,1.166995689272880554e-01,1.601244658231735229e-01,8.036199212074279785e-02,-1.159231830388307571e-02,2.596542835235595703e-01,5.809180065989494324e-02,1.613767258822917938e-02,-1.444724500179290771e-01,2.486580908298492432e-01,5.619663000106811523e-02,-7.919087260961532593e-02,3.409778475761413574e-01,-2.367047034204006195e-02,6.031456217169761658e-02,4.463867843151092529e-02,1.328447274863719940e-02,1.589191146194934845e-02,-7.184149324893951416e-02,2.981227450072765350e-02,-9.419890493154525757e-02,3.282574936747550964e-02,7.624941319227218628e-02,-6.248407438397407532e-02,-2.175492793321609497e-02,-2.116712927818298340e-01,-6.261885911226272583e-02,-1.965383291244506836e-01,-2.528134174644947052e-02,2.792085334658622742e-02,-1.379166692495346069e-01,1.036484390497207642e-01,1.206367686390876770e-01,-2.118831574916839600e-01,1.911795698106288910e-02,1.192927658557891846e-01,3.070923499763011932e-02,6.044424325227737427e-02,-9.732910245656967163e-02,1.649531722068786621e-01,-3.385195881128311157e-02,-1.495793908834457397e-01,2.436966076493263245e-02,-6.307764351367950439e-02,8.394756913185119629e-02,-3.951747715473175049e-02,-4.345234856009483337e-02,1.924566030502319336e-01,1.079681664705276489e-01,5.521701648831367493e-02,6.273869425058364868e-02,3.780084848403930664e-02,1.082591433078050613e-02,1.238495111465454102e-01,3.464936837553977966e-02,7.557073980569839478e-02,3.776876255869865417e-02,-1.650197207927703857e-01,-1.385325342416763306e-01,1.114544793963432312e-01,1.159609779715538025e-01,-1.419956237077713013e-01,-2.114363014698028564e-02,1.653551310300827026e-02,-4.026446491479873657e-02,2.713190391659736633e-02,-7.455756422132253647e-03,-2.585795521736145020e-01,-7.688051462173461914e-02,-4.061764478683471680e-02,-9.208804368972778320e-02,4.197311773896217346e-02,-1.420333832502365112e-01,-6.697374582290649414e-02,-1.208796724677085876e-01,3.121019899845123291e-02,-3.761555254459381104e-02,6.499033421277999878e-02,-8.701455779373645782e-03,-5.148212239146232605e-02,-1.086782217025756836e-01,3.105030581355094910e-02,-9.464512765407562256e-02,9.116720408201217651e-02,8.700808882713317871e-02,5.721449479460716248e-02,-4.180768877267837524e-02,8.851097524166107178e-02,8.143521845340728760e-02,-3.971653431653976440e-02,-8.832344785332679749e-03,1.891165599226951599e-02,-6.181360222399234772e-03
2.060839720070362091e-02,-6.590718030929565430e-02,-1.224746033549308777e-01,-4.162918776273727417e-03,-1.552464962005615234e-01,-3.225221112370491028e-02,-1.046336255967617035e-02,1.722668297588825226e-02,6.005049124360084534e-02,9.158436954021453857e-02,1.294185370206832886e-01,-1.143587902188301086e-01,-1.438944227993488312e-02,-1.058688014745712280e-01,-6.450903415679931641e-02,9.103098511695861816e-02,4.104901850223541260e-02,7.457775529474020004e-03,1.603726148605346680e-01,1.333313137292861938e-01,-1.086059138178825378e-01,1.232215538620948792e-01,1.145673766732215881e-01,-1.977264136075973511e-02,1.985997855663299561e-01,1.054162979125976562e-01,8.172704279422760010e-02,-1.065473407506942749e-01,1.358776260167360306e-02,-1.425552219152450562e-01,-1.652433425188064575e-01,1.775613427162170410e-02,-4.140239581465721130e-02,-3.585191667079925537e-01,-5.956222116947174072e-02,3.682282054796814919e-03,1.501519978046417236e-01,-6.950864940881729126e-02,-9.301523864269256592e-02,-7.530045229941606522e-03,-3.388476744294166565e-02,-9.712418913841247559e-02,-1.112547963857650757e-01,-2.802070416510105133e-02,9.236560761928558350e-02,-2.792430296540260315e-02,1.893944442272186279e-01,1.481417864561080933e-01,6.391496956348419189e-02,-2.045927196741104126e-01,-2.122962288558483124e-02,6.940914690494537354e-02,-1.955504864454269409e-01,-9.242180734872817993e-02,7.196369022130966187e-02,-1.252571195363998413e-01,-5.235489457845687866e-02,-6.568313390016555786e-02,1.541875004768371582e-01,-1.806314662098884583e-02,-1.283189654350280762e-01,-1.557684242725372314e-01,1.354078948497772217e-01,-6.431714445352554321e-02,-8.249178528785705566e-02,1.316373944282531738e-01,1.129366829991340637e-01,6.116000562906265259e-02,-1.552055776119232178e-02,-1.288686394691467285e-01,3.631719201803207397e-02,-1.898249983787536621e-01,8.705419301986694336e-02,4.770793393254280090e-02,3.320459648966789246e-02,-5.756973102688789368e-02,-8.420384675264358521e-02,-8.658473193645477295e-02,-1.941568404436111450e-02,-3.783761262893676758e-01,-1.249103248119354248e-01,-4.231201484799385071e-03,7.393016219139099121e-01,-7.620917260646820068e-02,-7.589382678270339966e-02,-1.157544478774070740e-01,-1.039153710007667542e-01,-3.484399348963052034e-04,-9.012051671743392944e-02,-6.807195022702217102e-03,1.046002954244613647e-01,-4.835288971662521362e-02,8.692745119333267212e-02,2.611739933490753174e-01,-5.107975751161575317e-02,-1.478191744536161423e-02,1.256934646517038345e-02,-3.691013157367706299e-02,4.713900014758110046e-02,-1.173107624053955078e-01,1.692839562892913818e-01,-9.289662539958953857e-02,3.266891837120056152e-02,-1.469687521457672119e-01,-1.608754545450210571e-01,-2.251490205526351929e-02,6.108748540282249451e-02,-1.341427769511938095e-02,-1.799311302602291107e-02,-1.357093546539545059e-02,-1.142155602574348450e-01,2.471593618392944336e-01,-2.278967946767807007e-01,-9.751719981431961060e-02,-1.277539879083633423e-01,8.753364533185958862e-02,-6.159102916717529297e-02,-7.784616202116012573e-02,1.078956350684165955e-01,1.369526088237762451e-01,-2.165979743003845215e-01,8.306709676980972290e-02,-6.686645746231079102e-02,1.474814563989639282e-01,-1.590415835380554199e-01,-1.582290232181549072e-02,7.883612066507339478e-02,-1.466873884201049805e-01,8.498249575495719910e-03,-2.059863954782485962e-01,-1.437729876488447189e-02,2.892283797264099121e-01,5.207395553588867188e-02,-1.409549117088317871e-01,-1.931784152984619141e-01,-3.365737572312355042e-02,4.500208422541618347e-02,-8.426323533058166504e-02,-6.492228712886571884e-03,-2.048955708742141724e-01,1.813982278108596802e-01,2.135626375675201416e-01,2.276200056076049805e-01,-9.256491065025329590e-02,-1.717903763055801392e-01,9.842899441719055176e-02,-4.346621409058570862e-02,-4.993333294987678528e-02,-2.793415263295173645e-02,2.326995367184281349e-03,2.376989461481571198e-03,7.441109418869018555e-02,3.043003939092159271e-02,1.889938265085220337e-01,-1.897147670388221741e-02,1.240526558831334114e-03,-2.657889015972614288e-02,6.663300842046737671e-02,-1.167697645723819733e-02,1.170049011707305908e-01,4.112157970666885376e-02,8.508250862360000610e-02,2.335914596915245056e-02,1.495214365422725677e-02,9.877793490886688232e-02,3.424226492643356323e-02,-9.451548010110855103e-02,-9.775814600288867950e-03,-2.745840251445770264e-01,3.912350833415985107e-01,-5.284084938466548920e-03,4.135065674781799316e-01,-6.460299342870712280e-02,-8.834814280271530151e-02,-5.131718516349792480e-02,-1.169249042868614197e-01,-1.013422943651676178e-02,4.340239614248275757e-02,1.402948647737503052e-01,-1.534717828035354614e-01,2.026639431715011597e-01,6.843928247690200806e-02,3.584608202800154686e-04
2.426510304212570190e-01,-2.427461557090282440e-02,-3.362362086772918701e-02,-1.038651913404464722e-02,-1.243359874933958054e-02,7.620558142662048340e-02,-1.575403213500976562e-01,-1.314114779233932495e-01,-5.174685642123222351e-02,-3.608604073524475098e-01,-4.033830016851425171e-02,4.740472882986068726e-02,-1.330387443304061890e-01,-3.090080432593822479e-02,-1.004082635045051575e-01,-3.678112477064132690e-02,3.860568627715110779e-02,-1.676491051912307739e-01,-1.591079384088516235e-01,6.156040355563163757e-02,-1.189545467495918274e-01,-1.807716488838195801e-01,-9.422396868467330933e-02,-2.387798577547073364e-02,4.374543204903602600e-02,1.045268550515174866e-01,4.357282444834709167e-02,2.612498030066490173e-02,3.222195804119110107e-02,5.467297509312629700e-02,1.908598653972148895e-02,-2.584528923034667969e-02,2.872983179986476898e-02,4.323683306574821472e-02,8.456022292375564575e-02,9.517380595207214355e-02,1.314003020524978638e-01,1.517886817455291748e-01,1.092589087784290314e-02,2.158806473016738892e-01,-2.430755645036697388e-02,-6.153987720608711243e-02,-1.226826533675193787e-01,1.047750562429428101e-01,1.742935553193092346e-02,4.898437485098838806e-02,1.785036623477935791e-01,-4.567793011665344238e-02,-4.445022344589233398e-02,-2.177067101001739502e-02,6.062173843383789062e-02,-5.154174566268920898e-02,-1.806673221290111542e-02,-2.450445666909217834e-03,-1.141445711255073547e-02,-1.968383789062500000e-02,7.763804495334625244e-02,-1.628886759281158447e-01,-1.374152600765228271e-01,-2.635509073734283447e-01,-7.440910488367080688e-02,-1.191250234842300415e-01,-2.652127109467983246e-02,1.217574998736381531e-01,-3.390733897686004639e-02,7.675198465585708618e-02,-9.201581776142120361e-02,-9.326499700546264648e-02,2.484756708145141602e-02,6.894082576036453247e-02,-9.267990291118621826e-02,-3.248920291662216187e-02,-1.542096883058547974e-01,-1.206049844622612000e-01,-1.352196745574474335e-02,8.532796055078506470e-02,1.928105205297470093e-01,9.528100490570068359e-02,-6.105950847268104553e-02,-3.010628558695316315e-02,1.118160188198089600e-01,2.214453648775815964e-03,4.107379317283630371e-01,9.864602237939834595e-03,-7.363293319940567017e-02,1.891229115426540375e-02,-4.701493680477142334e-02,1.434100046753883362e-02,5.051540210843086243e-03,-5.023740977048873901e-02,-5.552612617611885071e-02,-6.530451774597167969e-02,-3.630269318819046021e-02,-8.510762453079223633e-02,1.378580182790756226e-02,-4.645726829767227173e-02,-1.167130172252655029e-01,-2.138758897781372070e-01,9.992399066686630249e-02,6.798318773508071899e-02,4.992457479238510132e-02,-5.024968460202217102e-02,-5.947068333625793457e-02,7.734909653663635254e-03,-5.074567347764968872e-02,1.418718397617340088e-01,3.391530364751815796e-02,1.738611422479152679e-02,1.579453982412815094e-02,1.317111123353242874e-02,1.313951332122087479e-02,4.069374501705169678e-01,4.400709643959999084e-02,4.868861287832260132e-02,-5.479004606604576111e-02,1.565650254487991333e-01,-1.567012220621109009e-01,1.116745546460151672e-01,5.689369142055511475e-02,1.539431512355804443e-01,-2.975126206874847412e-01,-1.564829796552658081e-01,-1.404389590024948120e-01,3.481616824865341187e-02,1.027536466717720032e-01,1.021973267197608948e-01,-1.569982767105102539e-01,2.435096912086009979e-02,-7.569945603609085083e-02,-1.423430144786834717e-01,-7.574798166751861572e-02,1.127545759081840515e-01,1.470081210136413574e-01,7.264806190505623817e-04,4.239531978964805603e-02,-1.057881712913513184e-01,-7.697792351245880127e-02,1.547059416770935059e-01,9.613931924104690552e-02,2.706806547939777374e-02,4.447589814662933350e-02,-1.803852766752243042e-01,-4.011331871151924133e-02,-2.790926098823547363e-01,-2.676282543689012527e-03,-2.551409006118774414e-01,2.342175133526325226e-02,-3.234146237373352051e-01,-1.158727556467056274e-01,1.811701357364654541e-01,-1.107345744967460632e-01,5.442669615149497986e-02,3.805470839142799377e-02,5.458839703351259232e-03,5.719532445073127747e-02,-5.779659375548362732e-02,3.769923001527786255e-02,-1.475963741540908813e-03,-1.554776728153228760e-01,-1.108036637306213379e-01,-4.032327234745025635e-02,3.121269866824150085e-02,-3.778782486915588379e-02,-6.082968413829803467e-02,1.183993890881538391e-01,-7.595777511596679688e-02,1.119747087359428406e-01,8.874516189098358154e-02,-8.118265122175216675e-02,4.860722720623016357e-01,2.080543190240859985e-01,-1.187942251563072205e-01,-9.822178632020950317e-02,-5.574237555265426636e-02,1.211892906576395035e-02,1.384009048342704773e-02,1.417398303747177124e-01,9.321898967027664185e-02,-5.064333230257034302e-02,7.042039930820465088e-02,-9.722444415092468262e-02,-1.049966886639595032e-01,-1.069895401597023010e-01
-1.064734160900115967e-02,1.325989812612533569e-01,-1.054924577474594116e-01,-5.115438252687454224e-02,9.794285148382186890e-02,1.787507086992263794e-01,-2.898502908647060394e-02,1.444215327501296997e-01,-8.629005402326583862e-02,7.003392279148101807e-02,-5.182166397571563721e-02,3.947867080569267273e-03,1.808749884366989136e-01,6.181362643837928772e-02,1.649463623762130737e-01,2.248665839433670044e-01,-1.159945577383041382e-01,1.681349799036979675e-02,4.166107624769210815e-02,-8.989594131708145142e-02,-1.620046980679035187e-02,-2.211460471153259277e-01,5.770963802933692932e-02,-9.120326489210128784e-02,-7.878230512142181396e-02,-9.442599862813949585e-02,-9.641885757446289062e-02,-1.060340851545333862e-01,6.871332228183746338e-02,7.571478188037872314e-02,1.182997897267341614e-01,6.268551945686340332e-02,-5.416908115148544312e-02,-2.106601744890213013e-02,1.584545224905014038e-01,-1.248253062367439270e-01,-8.392058312892913818e-02,-1.152198165655136108e-01,1.678939163684844971e-01,1.627580374479293823e-01,-1.773142963647842407e-01,5.963495466858148575e-03,1.557522714138031006e-01,1.328627467155456543e-01,5.573693662881851196e-02,1.421686559915542603e-01,-2.095581144094467163e-01,2.824845723807811737e-03,-5.792517960071563721e-02,-3.018006086349487305e-01,1.620431989431381226e-02,-5.764972791075706482e-02,-5.865313857793807983e-02,-1.062016710638999939e-01,7.437293976545333862e-02,-5.556778982281684875e-02,3.176361694931983948e-02,3.135318681597709656e-02,9.295665472745895386e-02,3.490300104022026062e-02,-4.245066270232200623e-02,6.533353589475154877e-04,1.131131201982498169e-01,1.972935162484645844e-02,2.470836639404296875e-01,-3.596425056457519531e-02,7.883132994174957275e-02,-1.777871102094650269e-01,5.249726586043834686e-03,4.250879585742950439e-02,-1.072996929287910461e-01,-5.571422725915908813e-02,-2.240111082792282104e-01,-1.178270876407623291e-01,-5.748384073376655579e-02,-6.057226099073886871e-03,1.375409867614507675e-02,-1.029374897480010986e-01,1.408771574497222900e-01,4.924488812685012817e-02,3.504483029246330261e-02,-6.346954405307769775e-02,-3.961231186985969543e-02,-2.006125748157501221e-01,-1.836339943110942841e-02,3.945042565464973450e-02,-2.526391148567199707e-01,1.545863896608352661e-01,2.741337381303310394e-02,-2.118515223264694214e-01,8.911869674921035767e-02,-7.065237313508987427e-02,-3.964600339531898499e-02,-4.536314681172370911e-02,-5.157332122325897217e-02,-4.913406446576118469e-03,-7.845885120332241058e-03,-3.261986374855041504e-02,-4.119982942938804626e-02,-8.381301164627075195e-02,9.039428830146789551e-02,5.804081447422504425e-03,-1.985102593898773193e-01,2.601696550846099854e-02,1.190107837319374084e-01,-4.181256983429193497e-03,1.263841390609741211e-01,9.252964705228805542e-02,4.947508219629526138e-03,5.315636284649372101e-03,-9.709431231021881104e-02,6.381320208311080933e-02,4.051053151488304138e-02,1.927633881568908691e-01,-1.004280447959899902e-01,6.747150421142578125e-02,4.873607307672500610e-03,1.568735241889953613e-01,8.568260818719863892e-02,1.623048484325408936e-01,1.442986130714416504e-01,6.546036899089813232e-02,2.586317807435989380e-02,4.590430110692977905e-02,1.075661852955818176e-01,1.306769400835037231e-01,3.942095115780830383e-02,-2.785258181393146515e-02,5.332726240158081055e-02,-9.218389540910720825e-02,-4.670771211385726929e-02,-8.943397551774978638e-02,2.917292341589927673e-02,8.377984166145324707e-02,-2.343885600566864014e-02,3.117982484400272369e-02,-7.095059379935264587e-03,-2.285260334610939026e-02,-6.380300223827362061e-02,-3.910494968295097351e-02,1.122027114033699036e-01,6.235063821077346802e-02,8.078126609325408936e-02,1.552129723131656647e-02,-2.469741366803646088e-02,-3.717746958136558533e-02,-2.520525641739368439e-02,-5.275629833340644836e-02,-1.658869832754135132e-01,1.415320634841918945e-01,-1.074042841792106628e-01,-4.397446662187576294e-02,-9.462470188736915588e-03,-1.073705628514289856e-01,6.355943530797958374e-02,1.999541670083999634e-01,1.963516175746917725e-01,-2.134255021810531616e-01,1.328283548355102539e-01,-6.850366294384002686e-02,9.276222437620162964e-02,1.841545253992080688e-01,7.912388443946838379e-02,1.043331474065780640e-01,-1.829943060874938965e-02,3.219964504241943359e-01,-6.406132131814956665e-02,3.479405120015144348e-02,3.499244898557662964e-02,5.813851952552795410e-02,8.758044242858886719e-02,6.521237641572952271e-02,5.471216142177581787e-02,-5.934183672070503235e-02,7.257640361785888672e-02,-1.074794754385948181e-01,5.335070565342903137e-02,-1.065413951873779297e-01,-2.781692333519458771e-02,3.202585130929946899e-02,-1.494648456573486328e-01,-1.260953247547149658e-01,2.600532583892345428e-02
-1.216520220041275024e-01,9.446877054870128632e-03,-4.942317679524421692e-02,4.505661875009536743e-02,-6.406874954700469971e-02,-5.157250165939331055e-02,-1.516175568103790283e-01,2.555332519114017487e-02,1.199798360466957092e-01,1.963743269443511963e-01,6.272980570793151855e-02,-1.310594230890274048e-01,-7.281503826379776001e-02,-7.414517551660537720e-02,1.435609012842178345e-01,1.493734635005239397e-05,9.303214401006698608e-02,-1.047913655638694763e-01,-2.504446730017662048e-02,8.290682733058929443e-02,-2.520954906940460205e-01,3.226405382156372070e-02,-1.139799803495407104e-01,1.154903098940849304e-01,-1.111611425876617432e-01,-3.770428709685802460e-03,-5.368376895785331726e-02,-1.400633305311203003e-01,-1.232463568449020386e-01,-1.651888526976108551e-02,-8.331371098756790161e-02,2.837199158966541290e-02,1.470943689346313477e-01,-2.355278655886650085e-02,6.966788321733474731e-02,-4.460745491087436676e-03,5.309108644723892212e-02,-1.061296015977859497e-01,5.996647104620933533e-02,1.023401618003845215e-01,1.262968927621841431e-01,-9.297112375497817993e-02,-1.833039224147796631e-01,-3.554559871554374695e-02,1.470730751752853394e-01,1.034494712948799133e-01,-1.368285864591598511e-01,1.381838228553533554e-02,-3.897380083799362183e-02,-1.542632281780242920e-01,-1.901575922966003418e-01,-3.379484266042709351e-02,1.149380281567573547e-01,1.016243547201156616e-01,6.491093337535858154e-02,-2.146017551422119141e-02,-4.899367317557334900e-02,2.838116511702537537e-02,-4.363193362951278687e-02,-1.252112239599227905e-01,7.225073873996734619e-02,9.332375973463058472e-02,1.849821768701076508e-02,-4.450247436761856079e-02,-5.811900272965431213e-02,-3.591636940836906433e-02,-9.276714175939559937e-02,6.101394072175025940e-02,7.926291227340698242e-02,1.941679269075393677e-01,-2.357069775462150574e-02,-1.822039112448692322e-02,-1.286412775516510010e-01,-1.091611087322235107e-01,9.780443459749221802e-02,-9.479687362909317017e-02,7.349108904600143433e-02,-1.365336179733276367e-01,2.033594250679016113e-02,5.083192884922027588e-02,-1.519307047128677368e-01,1.001770645380020142e-01,8.566635847091674805e-02,4.101882874965667725e-02,-1.328493207693099976e-01,-4.320645704865455627e-02,-2.376851588487625122e-01,2.456891685724258423e-01,-5.637934058904647827e-02,1.138005554676055908e-01,4.244790412485599518e-03,1.335525810718536377e-01,1.324483901262283325e-01,-1.829974167048931122e-02,1.886050589382648468e-02,3.206952288746833801e-02,1.751565141603350639e-04,-1.116291880607604980e-01,6.373201310634613037e-02,-1.650840789079666138e-02,-2.693569660186767578e-01,-1.240485310554504395e-01,-5.719406902790069580e-02,-1.943234354257583618e-02,1.175580248236656189e-01,-4.531455039978027344e-02,1.337977796792984009e-01,1.301253736019134521e-01,-1.504863351583480835e-01,-6.696495413780212402e-02,-8.172219246625900269e-02,8.190378546714782715e-02,1.083452552556991577e-01,6.678996235132217407e-02,7.861648499965667725e-02,4.961180686950683594e-02,-1.780413324013352394e-03,7.878299802541732788e-02,-8.738268166780471802e-02,-1.882510781288146973e-01,4.700263589620590210e-02,8.361219614744186401e-02,-3.155667334794998169e-02,-7.973254472017288208e-02,-1.316644996404647827e-01,-7.077939808368682861e-02,1.601589769124984741e-01,-1.713508516550064087e-01,-6.814247462898492813e-03,-6.896754354238510132e-02,3.725530207157135010e-02,7.108976691961288452e-02,-1.308536529541015625e-01,-3.629980981349945068e-02,5.269975215196609497e-02,-1.574435383081436157e-01,6.019973754882812500e-02,-1.272641122341156006e-01,1.606140658259391785e-02,-3.135384991765022278e-02,-7.454606890678405762e-02,9.292068332433700562e-02,5.169753730297088623e-02,-8.703621476888656616e-02,4.266577959060668945e-02,8.121807873249053955e-02,1.019108593463897705e-01,1.148269623517990112e-01,4.830346629023551941e-02,2.081520855426788330e-01,3.200579434633255005e-02,1.843706704676151276e-02,6.248464435338973999e-02,8.347007632255554199e-02,-5.757139250636100769e-02,-2.186260372400283813e-01,-2.005836814641952515e-01,-1.386040747165679932e-01,-2.340667322278022766e-02,-2.759383525699377060e-03,-1.218934133648872375e-01,-5.984451249241828918e-02,-2.016108781099319458e-01,-2.575422525405883789e-01,1.153036281466484070e-01,-5.703209713101387024e-02,-7.794141769409179688e-02,-1.652539670467376709e-01,9.862868487834930420e-02,-1.105719059705734253e-02,-8.808493614196777344e-02,-1.444882247596979141e-02,1.818819530308246613e-02,-3.236643970012664795e-02,-1.396924257278442383e-01,6.125407293438911438e-02,-1.778439432382583618e-02,3.195165889337658882e-03,-7.548949867486953735e-02,-2.902745082974433899e-02,1.782507635653018951e-02,-1.227217391133308411e-01,-2.842963933944702148e-01
8.885781466960906982e-02,-7.473798468708992004e-03,5.320785567164421082e-02,-8.628611266613006592e-02,-1.744748204946517944e-01,3.681064397096633911e-02,7.293666899204254150e-02,-1.030002832412719727e-01,-5.357825756072998047e-02,-2.967486530542373657e-02,6.509540975093841553e-02,8.950040489435195923e-02,3.430052427574992180e-03,-8.064349181950092316e-03,1.227871254086494446e-01,-6.219283863902091980e-02,-1.631444133818149567e-02,-1.089438647031784058e-01,3.723081573843955994e-02,9.406397491693496704e-02,2.445300854742527008e-02,-4.680015146732330322e-02,-4.081596061587333679e-02,-3.054112894460558891e-03,-7.579826563596725464e-02,-8.287374675273895264e-02,-7.744466513395309448e-02,-7.401470839977264404e-02,-2.229351922869682312e-02,-1.591156423091888428e-02,-2.812013961374759674e-03,2.040689252316951752e-02,-1.180918291211128235e-01,1.194659173488616943e-01,-4.731401056051254272e-02,2.050526887178421021e-01,-2.604973018169403076e-01,3.489070013165473938e-02,-3.620700538158416748e-02,-5.929638072848320007e-02,2.465494908392429352e-03,3.983367234468460083e-03,-1.337792277336120605e-01,4.216670989990234375e-02,-2.148417979478836060e-01,-1.160571165382862091e-02,-2.741658687591552734e-01,2.605528235435485840e-01,-4.007036238908767700e-02,4.150355979800224304e-02,5.938578397035598755e-02,4.103030264377593994e-02,-1.405586767941713333e-02,-1.860805973410606384e-02,1.404758244752883911e-01,6.697092950344085693e-02,2.349229604005813599e-01,-2.260288298130035400e-01,4.846725240349769592e-02,6.169394776225090027e-02,-2.025727368891239166e-02,8.866874873638153076e-02,-1.251385509967803955e-01,-8.193620480597019196e-03,6.208499148488044739e-02,3.161894902586936951e-02,7.696021348237991333e-02,-1.950597949326038361e-02,1.613644510507583618e-01,9.048226475715637207e-02,6.022620573639869690e-02,5.912530794739723206e-02,-1.834282465279102325e-02,-7.109390944242477417e-02,-3.100284002721309662e-02,-9.570197202265262604e-03,2.029595971107482910e-01,-7.004332542419433594e-02,-3.630261495709419250e-02,2.201384156942367554e-01,2.423627488315105438e-02,-2.188420891761779785e-01,3.094431944191455841e-02,1.328396201133728027e-01,-4.616339504718780518e-02,-4.984188452363014221e-02,-8.163354545831680298e-02,1.278770621865987778e-02,-1.427645329385995865e-02,-9.230596944689750671e-03,2.564653940498828888e-02,-9.668365120887756348e-02,-2.279990538954734802e-02,-3.685334324836730957e-02,7.874917984008789062e-02,2.782140374183654785e-01,-1.650306582450866699e-01,-5.570296570658683777e-02,1.912494152784347534e-01,-1.714595034718513489e-02,-7.491844892501831055e-02,-1.111807748675346375e-01,-1.514563262462615967e-01,-1.871190965175628662e-01,-2.982052564620971680e-01,-7.665017247200012207e-02,-1.253052502870559692e-01,-9.675180772319436073e-04,-1.045846566557884216e-01,-1.137585565447807312e-02,-3.878111392259597778e-02,-5.267796292901039124e-02,-7.522021979093551636e-02,-1.095953732728958130e-01,-9.808116406202316284e-02,-1.635221391916275024e-01,-3.005510196089744568e-03,4.544699937105178833e-02,1.396699342876672745e-02,5.243632569909095764e-02,8.142620325088500977e-02,8.600727654993534088e-03,-1.333100944757461548e-01,9.459894895553588867e-02,5.563924834132194519e-02,6.146083772182464600e-02,6.122350692749023438e-02,5.346025526523590088e-02,1.038017049431800842e-01,-1.683256626129150391e-01,-1.174983382225036621e-02,-8.156396448612213135e-02,-2.428052201867103577e-02,9.066652506589889526e-02,-9.326787292957305908e-02,1.204290986061096191e-01,-1.892633922398090363e-02,4.947208613157272339e-02,7.513507455587387085e-02,-1.333777904510498047e-01,-7.671048492193222046e-02,4.191635176539421082e-03,8.078533411026000977e-02,1.936653070151805878e-02,-9.864424355328083038e-03,-5.805349908769130707e-03,3.287983685731887817e-02,7.870158553123474121e-02,-2.384896576404571533e-01,-1.654500956647098064e-03,2.567328885197639465e-02,-4.606059193611145020e-02,4.213561490178108215e-02,7.827086746692657471e-02,3.076456114649772644e-02,-1.148317232728004456e-01,1.014505699276924133e-01,-2.451144531369209290e-02,-4.708750545978546143e-02,-4.803694412112236023e-02,5.116427317261695862e-02,1.455454230308532715e-01,-1.115755438804626465e-01,-1.069177091121673584e-01,-1.014868468046188354e-01,2.278791069984436035e-01,-5.652156472206115723e-02,-2.636281847953796387e-01,-7.662465423345565796e-02,2.029251009225845337e-01,-7.624619454145431519e-02,4.072797670960426331e-02,-1.404444035142660141e-02,6.002094596624374390e-02,-7.517536170780658722e-03,8.256257325410842896e-02,3.882450982928276062e-02,-1.072699576616287231e-01,9.149780124425888062e-02,1.977919042110443115e-01,-1.099417656660079956e-01,1.176610589027404785e-01,-8.143981546163558960e-02
1.392022073268890381e-01,-1.616935729980468750e-01,2.828299999237060547e-02,1.048532966524362564e-02,5.389643833041191101e-02,-1.106994003057479858e-01,-5.707944929599761963e-02,6.166159361600875854e-02,-2.141007333993911743e-01,-2.295560389757156372e-01,-2.132818251848220825e-01,3.539811819791793823e-02,-1.576891690492630005e-01,8.402452617883682251e-02,-2.088749110698699951e-01,-1.097052693367004395e-01,1.092688515782356262e-01,1.252384483814239502e-02,1.525019761174917221e-02,-5.544419586658477783e-02,5.351315438747406006e-02,1.304242163896560669e-01,1.705332547426223755e-01,3.720827400684356689e-02,-3.657455742359161377e-02,-1.686570793390274048e-02,9.556974470615386963e-02,3.611125797033309937e-02,1.111601591110229492e-01,-2.216824442148208618e-01,-1.073731668293476105e-02,6.908474117517471313e-02,4.202528670430183411e-02,6.948944181203842163e-02,7.320436090230941772e-02,1.934793442487716675e-01,7.956095039844512939e-02,-9.626642614603042603e-02,-2.209800332784652710e-01,9.209849685430526733e-02,1.199054196476936340e-01,4.386900365352630615e-02,-1.333346664905548096e-01,-4.015052318572998047e-02,8.821081370115280151e-02,5.409746244549751282e-02,3.137252933811396360e-04,-1.076206658035516739e-02,-1.425780542194843292e-02,-2.985513024032115936e-02,1.163140013813972473e-01,3.897538781166076660e-02,-3.012274019420146942e-02,8.821519464254379272e-02,-2.818876318633556366e-02,-7.095728069543838501e-02,-4.588633030652999878e-02,-9.766807407140731812e-02,1.272383779287338257e-01,-1.796603351831436157e-01,-2.616154961287975311e-02,-5.017609149217605591e-02,-1.376292109489440918e-01,1.357742249965667725e-01,-1.160097643733024597e-01,-1.493884623050689697e-01,7.307263463735580444e-02,-1.247341260313987732e-01,3.108395030722022057e-03,1.846955157816410065e-02,-1.106574311852455139e-01,4.512257128953933716e-02,3.668545931577682495e-02,-1.076367348432540894e-01,6.372054666280746460e-02,-1.365705281496047974e-01,9.554435964673757553e-04,7.892555743455886841e-02,-1.179362088441848755e-01,-3.200263902544975281e-02,8.160910010337829590e-02,-4.292564839124679565e-02,5.516769886016845703e-01,1.825772523880004883e-01,-7.094444334506988525e-02,-2.691778540611267090e-02,-1.094425320625305176e-01,-3.425661027431488037e-01,2.838435582816600800e-02,5.473402887582778931e-02,7.020960003137588501e-02,1.274371636100113392e-03,-4.152867943048477173e-02,9.096541255712509155e-02,1.844502054154872894e-02,-2.503056824207305908e-01,1.119231283664703369e-01,5.738893896341323853e-02,2.121308743953704834e-01,9.330777078866958618e-02,5.293266847729682922e-02,-7.408934831619262695e-02,-1.123984232544898987e-01,2.809962071478366852e-02,-7.122434675693511963e-02,3.859817609190940857e-02,2.260717600584030151e-01,-6.018089503049850464e-02,-3.009362518787384033e-02,2.279312312602996826e-01,1.813472062349319458e-02,3.179546892642974854e-01,-6.053646560758352280e-03,-2.511815726757049561e-01,-2.474499866366386414e-02,9.326861239969730377e-03,-1.606533117592334747e-02,-5.416551604866981506e-02,-2.512292861938476562e-01,2.531569004058837891e-01,-1.058211848139762878e-01,3.343662992119789124e-02,2.987292408943176270e-02,1.013685837388038635e-01,6.509870756417512894e-03,3.582929074764251709e-02,1.012435257434844971e-01,-8.410682529211044312e-02,-4.810543730854988098e-02,-8.021792024374008179e-02,-1.530142500996589661e-02,6.224546581506729126e-02,1.714424788951873779e-01,1.093174796551465988e-03,5.572169175138697028e-05,1.050501391291618347e-01,5.456660315394401550e-02,-2.907932735979557037e-03,-2.849747799336910248e-02,-8.794939517974853516e-02,-1.238400191068649292e-01,8.798410743474960327e-02,-1.918811909854412079e-02,7.829705625772476196e-02,1.452243328094482422e-02,3.703430294990539551e-03,-8.473465591669082642e-02,1.195165291428565979e-01,1.345532536506652832e-01,-1.285479068756103516e-01,-1.054054573178291321e-01,-2.912840805947780609e-03,9.414816647768020630e-02,6.314653158187866211e-02,3.375582396984100342e-02,-1.469895057380199432e-02,-1.019275337457656860e-01,7.015330344438552856e-02,2.072679847478866577e-01,-1.164708882570266724e-01,-6.816785782575607300e-02,5.315732210874557495e-02,4.218263551592826843e-02,-1.739435344934463501e-01,1.633442752063274384e-02,-1.670863777399063110e-01,-1.399325281381607056e-01,7.633295655250549316e-02,-1.157964617013931274e-01,4.002628922462463379e-01,-1.384800765663385391e-02,-5.169302970170974731e-02,-5.698923021554946899e-02,-7.491416484117507935e-02,-2.316401526331901550e-02,-9.064386039972305298e-02,6.004174705594778061e-03,-3.647462651133537292e-02,-1.200127229094505310e-01,9.659792482852935791e-02,-2.387837320566177368e-02,4.443629086017608643e-02,-1.642218530178070068e-01
-1.656492799520492554e-01,-2.413100898265838623e-01,-1.931948773562908173e-02,1.916382112540304661e-03,2.466084808111190796e-02,-7.228799909353256226e-02,8.741874247789382935e-02,-1.914928257465362549e-01,2.644425332546234131e-01,-8.273758739233016968e-02,3.419218584895133972e-02,-3.019543364644050598e-02,-1.241998467594385147e-02,7.853616774082183838e-02,6.243697181344032288e-02,9.867000393569469452e-03,-1.349139213562011719e-01,-1.324161440134048462e-01,5.744868516921997070e-02,-6.797997653484344482e-02,-1.020329818129539490e-02,6.916662823641672730e-05,-7.438368350267410278e-02,-7.760306447744369507e-02,-6.610912829637527466e-02,-5.346589535474777222e-02,-5.504418909549713135e-02,5.231821537017822266e-02,-9.403788298368453979e-02,-4.011215642094612122e-02,-9.744527749717235565e-03,1.821034960448741913e-02,3.791730268858373165e-04,-5.683619529008865356e-03,-2.959480881690979004e-02,9.521418064832687378e-02,-8.047042042016983032e-02,-7.104492280632257462e-03,1.761687546968460083e-01,7.052562385797500610e-02,-3.817588835954666138e-02,-3.616049587726593018e-01,-2.266268059611320496e-02,1.884807716123759747e-03,4.147660359740257263e-02,-1.509620994329452515e-01,9.312173724174499512e-02,2.914171479642391205e-02,-1.482630968093872070e-01,1.112726852297782898e-01,-1.034737750887870789e-01,6.438136100769042969e-02,-2.301153540611267090e-02,-1.275272071361541748e-01,4.191426560282707214e-02,1.384182274341583252e-01,-3.706421703100204468e-02,-1.359204994514584541e-03,-2.491966933012008667e-01,-9.828566014766693115e-02,5.326717719435691833e-02,3.355487016960978508e-03,8.972411602735519409e-02,5.541746318340301514e-02,8.693596720695495605e-02,-1.045784130692481995e-01,-9.638053178787231445e-02,-1.034645945765078068e-03,1.236623227596282959e-01,-1.826346479356288910e-02,-6.913281977176666260e-02,1.928091496229171753e-01,4.192815721035003662e-02,-1.035667508840560913e-01,-8.290276676416397095e-02,1.183642521500587463e-01,1.514753252267837524e-01,1.652038693428039551e-01,1.873077899217605591e-01,-4.641097784042358398e-02,-5.929644778370857239e-02,1.238516792654991150e-01,-1.957990974187850952e-02,-7.758530229330062866e-02,3.825185820460319519e-02,4.312461987137794495e-02,1.991941779851913452e-02,-4.001227766275405884e-02,-7.343170791864395142e-02,-3.850469738245010376e-02,1.103841792792081833e-02,2.028806507587432861e-01,1.268164254724979401e-02,2.268056198954582214e-02,-9.785378724336624146e-02,-6.379808764904737473e-03,-4.786635283380746841e-03,-1.049155369400978088e-01,8.335733413696289062e-02,8.211972564458847046e-02,-1.123745292425155640e-01,8.799355477094650269e-02,4.808693379163742065e-02,2.048355937004089355e-01,7.498037070035934448e-02,-7.886916282586753368e-04,1.533318758010864258e-01,-1.301468759775161743e-01,-2.453878894448280334e-02,8.425100892782211304e-02,-6.871408969163894653e-02,-1.019650697708129883e-02,6.832486391067504883e-02,-1.499307453632354736e-01,-1.412222534418106079e-01,-1.181118115782737732e-01,1.374863833189010620e-01,-1.075548306107521057e-01,-1.479416191577911377e-01,-1.158803999423980713e-01,-8.896120637655258179e-02,-1.774218082427978516e-01,7.982330024242401123e-02,-2.002354562282562256e-01,-6.050772964954376221e-02,3.120237775146961212e-02,7.690317928791046143e-02,-1.083322763442993164e-01,2.277056500315666199e-02,8.167505264282226562e-02,2.212288826704025269e-01,1.268697381019592285e-01,-1.318127512931823730e-01,2.143248356878757477e-02,9.337329864501953125e-02,-2.806742489337921143e-01,6.591206043958663940e-02,4.003756330348551273e-04,1.047703716903924942e-02,4.936590045690536499e-02,-6.687145214527845383e-03,-1.756956279277801514e-01,8.842062950134277344e-02,1.399370878934860229e-01,-1.607178896665573120e-01,-1.836614012718200684e-01,1.445181369781494141e-01,-1.174803823232650757e-01,-1.618274487555027008e-02,8.434788137674331665e-02,3.731907904148101807e-02,1.948316544294357300e-01,-1.479319930076599121e-01,6.390587985515594482e-02,3.601563721895217896e-02,-1.391099840402603149e-01,-1.215452626347541809e-01,2.431572526693344116e-01,-3.618032857775688171e-02,1.704832613468170166e-01,-1.000929549336433411e-01,6.518429517745971680e-02,3.432294353842735291e-02,-2.096530608832836151e-02,3.619965538382530212e-02,4.579040035605430603e-02,-2.403544075787067413e-02,-1.487849056720733643e-01,-5.134956445544958115e-03,-8.973470330238342285e-02,-2.577601075172424316e-01,-7.697701454162597656e-02,-8.602334558963775635e-02,8.213655091822147369e-03,5.997235421091318130e-03,9.951982647180557251e-02,-2.840290367603302002e-01,-8.408618718385696411e-02,1.612481921911239624e-01,-1.362227797508239746e-01,-4.984669014811515808e-02,-8.746454119682312012e-02,-8.094330132007598877e-02
-3.970791772007942200e-02,-4.172422364354133606e-02,-1.370418909937143326e-02,6.981071084737777710e-02,2.686014771461486816e-02,1.179412007331848145e-01,-1.011947616934776306e-01,1.600105613470077515e-01,-4.691189620643854141e-03,-1.651993244886398315e-01,-9.354677051305770874e-02,4.946852475404739380e-02,-8.216927200555801392e-02,7.316085975617170334e-03,-1.332436054944992065e-01,-1.006835699081420898e-01,1.239343360066413879e-02,-4.855956882238388062e-03,3.922124858945608139e-03,-2.741895616054534912e-01,-8.995618671178817749e-03,2.704008668661117554e-02,-1.206502765417098999e-01,1.499634515494108200e-02,-4.244923964142799377e-02,-1.117649450898170471e-01,-8.726537227630615234e-02,-9.532699733972549438e-02,1.353841833770275116e-02,1.068320125341415405e-01,1.126730889081954956e-01,8.179549872875213623e-02,-9.290995448827743530e-02,3.254805877804756165e-02,7.796366512775421143e-02,3.733221814036369324e-02,5.326351523399353027e-02,-1.423684209585189819e-01,4.294940084218978882e-02,-5.416947603225708008e-02,1.354029774665832520e-01,1.013846173882484436e-01,-7.494699209928512573e-02,-1.319157630205154419e-01,-3.063868731260299683e-02,4.463090002536773682e-02,5.060166120529174805e-02,1.772773116827011108e-01,-2.199663519859313965e-01,1.406376212835311890e-01,-5.792320147156715393e-02,-2.038362622261047363e-02,-1.041613221168518066e-01,7.668020203709602356e-03,-1.676265522837638855e-02,-7.414913177490234375e-02,4.127917438745498657e-02,-2.178519405424594879e-02,1.428530178964138031e-02,5.611145496368408203e-02,1.025163084268569946e-01,1.264081150293350220e-01,-6.698662042617797852e-02,-3.319171071052551270e-02,-7.952902466058731079e-02,4.197639599442481995e-02,-1.366870570927858353e-02,2.441232936689630151e-04,-3.878728300333023071e-02,1.838071458041667938e-02,-8.224075287580490112e-02,-1.258140802383422852e-01,1.153323575854301453e-01,2.836955785751342773e-01,-6.597690284252166748e-02,-1.205788180232048035e-01,6.936513632535934448e-02,-4.095423966646194458e-02,-2.456551231443881989e-02,5.012358352541923523e-02,-2.188799232244491577e-01,-1.915973722934722900e-01,5.863108038902282715e-01,-6.622583139687776566e-03,-4.232423007488250732e-02,-7.191995158791542053e-03,-2.014994323253631592e-01,1.904533989727497101e-02,-8.284743130207061768e-02,1.349100098013877869e-02,4.480898380279541016e-03,-9.560313820838928223e-02,1.701343804597854614e-02,9.460511803627014160e-02,2.941183373332023621e-02,-1.801592558622360229e-01,1.590969562530517578e-01,-4.894538596272468567e-02,5.406125634908676147e-02,-8.388775587081909180e-02,4.474321845918893814e-03,6.529311090707778931e-02,-3.974238038063049316e-02,-2.485400140285491943e-01,4.633479565382003784e-02,1.645635254681110382e-02,1.656128317117691040e-01,8.937098085880279541e-02,-1.278191506862640381e-01,2.334357649087905884e-01,-1.173544079065322876e-01,4.017710089683532715e-01,-6.058767065405845642e-02,1.083891615271568298e-01,3.805327042937278748e-02,5.321776866912841797e-02,1.874657534062862396e-02,-1.525184959173202515e-01,-1.265932470560073853e-01,3.123597204685211182e-01,1.290630362927913666e-02,7.103977352380752563e-02,-1.236426755785942078e-01,-1.819444447755813599e-01,-3.678302839398384094e-02,-5.168556794524192810e-02,9.220749884843826294e-02,4.504451900720596313e-02,1.252288836985826492e-02,-1.234673336148262024e-01,-1.145688146352767944e-01,2.472670525312423706e-01,-1.048896610736846924e-01,3.893197700381278992e-02,-3.448170423507690430e-02,4.834135249257087708e-02,-2.031712234020233154e-01,-1.220632046461105347e-01,1.071188598871231079e-02,-1.076161488890647888e-01,1.680597662925720215e-01,1.489728987216949463e-01,-1.641722321510314941e-01,4.002938419580459595e-02,8.817282319068908691e-02,-5.013695731759071350e-02,-4.150861874222755432e-02,5.256395414471626282e-02,2.630200050771236420e-02,-4.727866128087043762e-02,2.742294035851955414e-02,-6.281307339668273926e-02,6.334998458623886108e-02,-8.849368244409561157e-02,4.543044604361057281e-03,7.476536184549331665e-02,-1.656493395566940308e-01,4.521924257278442383e-02,-7.954169064760208130e-02,4.244137555360794067e-02,8.544851094484329224e-02,-1.001996081322431564e-02,2.440179325640201569e-02,4.739496856927871704e-02,2.066697478294372559e-01,-1.344290226697921753e-01,-1.327819228172302246e-01,2.014113813638687134e-01,-1.282953619956970215e-01,4.053444564342498779e-01,1.078072469681501389e-02,-8.260144293308258057e-02,1.385442912578582764e-01,-6.811047345399856567e-02,1.171243935823440552e-01,-7.220789790153503418e-02,8.143069595098495483e-02,5.180415511131286621e-02,1.234541684389114380e-01,-2.423748187720775604e-02,1.128378957509994507e-01,8.159943670034408569e-02,4.971045255661010742e-02
1.884045079350471497e-02,-1.515579409897327423e-02,-1.701618432998657227e-01,9.213877469301223755e-02,8.719649910926818848e-02,-1.993352472782135010e-01,2.453555464744567871e-01,-1.435988117009401321e-02,-9.128242731094360352e-02,6.625508517026901245e-02,-2.278457209467887878e-02,4.413235932588577271e-02,-4.303077608346939087e-02,-9.078825265169143677e-02,9.922155737876892090e-02,9.696716070175170898e-02,-1.364220231771469116e-01,-6.986854970455169678e-02,1.035259515047073364e-01,3.116121143102645874e-02,-1.445325911045074463e-01,3.842538967728614807e-02,-2.877511084079742432e-01,-7.538402080535888672e-02,2.084659412503242493e-03,-2.282247878611087799e-02,-1.370440423488616943e-01,-4.004516080021858215e-02,-5.634430795907974243e-02,-5.348119512200355530e-02,9.652762860059738159e-02,-2.409392297267913818e-01,-1.986698210239410400e-01,5.814111232757568359e-02,-3.335476294159889221e-02,8.313209563493728638e-02,-9.798449277877807617e-02,1.157977655529975891e-01,-4.809441789984703064e-02,2.115657329559326172e-01,5.304520204663276672e-02,-1.228791400790214539e-01,1.950359903275966644e-02,-3.649992635473608971e-03,-1.335058081895112991e-02,-2.482539042830467224e-02,-2.911257147789001465e-01,-5.033602938055992126e-02,2.738167159259319305e-02,1.126973479986190796e-01,-1.729107089340686798e-02,-5.666426941752433777e-02,8.717644214630126953e-02,1.042239591479301453e-01,1.439471989870071411e-01,2.212179005146026611e-01,-2.543249428272247314e-01,-1.346217244863510132e-01,3.772528469562530518e-02,9.833732992410659790e-02,-3.846420720219612122e-02,-9.314510226249694824e-02,5.969312787055969238e-02,2.018135637044906616e-01,-1.246901229023933411e-02,-2.366130352020263672e-01,1.759696602821350098e-01,1.441424190998077393e-01,-6.162342056632041931e-02,-3.490382805466651917e-02,5.192399956285953522e-03,-5.667478963732719421e-02,-5.315925180912017822e-02,-5.116133019328117371e-03,1.700662821531295776e-01,6.354434788227081299e-02,1.851084642112255096e-02,-9.667661041021347046e-02,-9.385091066360473633e-02,9.822825342416763306e-02,-1.008263751864433289e-01,-7.495404034852981567e-02,-5.447381734848022461e-02,1.648711413145065308e-02,1.124423518776893616e-01,3.812636435031890869e-02,2.881637960672378540e-02,2.573539316654205322e-02,2.116656675934791565e-02,1.950272768735885620e-01,-1.325261741876602173e-01,1.060075238347053528e-01,2.405007630586624146e-01,1.224817857146263123e-01,-1.177717074751853943e-01,-2.647265791893005371e-02,1.756110489368438721e-01,-2.238572016358375549e-02,9.928964078426361084e-02,1.198025234043598175e-02,1.690470427274703979e-01,-6.621373817324638367e-03,1.091086491942405701e-01,-7.757689058780670166e-02,-3.244630759581923485e-03,-1.969477981328964233e-01,-4.905383661389350891e-02,2.884157188236713409e-02,1.037131026387214661e-01,-2.494541183114051819e-02,-1.090986281633377075e-01,-3.704857081174850464e-02,-8.862945437431335449e-02,-3.681155666708946228e-02,-3.124713711440563202e-02,7.844174280762672424e-03,-1.476397067308425903e-01,2.181588672101497650e-02,2.572928667068481445e-01,2.054875940084457397e-01,-4.746739193797111511e-02,1.101202797144651413e-02,1.789164841175079346e-01,9.266606718301773071e-02,-8.472308516502380371e-02,-5.119257047772407532e-02,7.691746205091476440e-02,2.690347284078598022e-02,1.951677165925502777e-02,3.530783578753471375e-02,2.964425832033157349e-02,-4.033202771097421646e-03,9.732648730278015137e-02,2.594210207462310791e-01,1.011550705879926682e-02,-1.598611027002334595e-01,7.633451372385025024e-02,-1.560774296522140503e-01,-1.554957032203674316e-01,2.058112174272537231e-01,-2.809744328260421753e-04,-1.606150120496749878e-01,1.289912611246109009e-01,-7.427539676427841187e-02,8.858424425125122070e-02,3.079972863197326660e-01,-2.089775502681732178e-01,6.201040372252464294e-02,2.144921571016311646e-02,-7.735308259725570679e-02,-1.599473655223846436e-01,1.192174553871154785e-01,6.490993499755859375e-02,3.541882336139678955e-02,-6.619002670049667358e-02,-2.602088451385498047e-01,1.258606314659118652e-01,-7.096442580223083496e-02,-8.202647790312767029e-03,-1.140975728631019592e-01,1.256458163261413574e-01,-2.423963844776153564e-01,1.055412292480468750e-01,2.955343201756477356e-02,5.773961544036865234e-02,-2.582902312278747559e-01,-2.849990129470825195e-02,1.245744004845619202e-01,-1.284714639186859131e-01,9.411671012639999390e-02,1.705026440322399139e-02,-1.140611059963703156e-02,-3.936178237199783325e-02,1.819295808672904968e-02,9.008119255304336548e-02,-1.014567762613296509e-01,-7.641880214214324951e-02,5.585419014096260071e-02,1.377096623182296753e-01,-9.531274437904357910e-02,4.298807308077812195e-02,-8.195914328098297119e-02,-7.027362287044525146e-02
5.467555671930313110e-02,3.557874634861946106e-02,5.366293340921401978e-02,-1.124859452247619629e-01,6.545401364564895630e-02,1.164286211133003235e-02,-7.676799595355987549e-02,8.650518208742141724e-02,-2.293829992413520813e-02,-1.056162044405937195e-01,8.029592037200927734e-02,-2.113771140575408936e-01,-1.605655103921890259e-01,3.129995614290237427e-02,1.640352420508861542e-02,-1.178573966026306152e-01,1.042000576853752136e-01,2.054383046925067902e-02,-3.400338813662528992e-02,-4.517899081110954285e-02,-3.208398818969726562e-03,-5.493696779012680054e-02,-7.733021676540374756e-02,-3.341102227568626404e-02,-1.667918823659420013e-02,-2.626669127494096756e-03,7.059519737958908081e-02,-4.248183593153953552e-02,-5.152351036667823792e-02,7.322190701961517334e-02,1.867725253105163574e-01,-1.495796144008636475e-01,-4.264793545007705688e-02,-1.119135990738868713e-01,2.963031828403472900e-02,8.481209725141525269e-02,1.511231623589992523e-02,-4.542529210448265076e-02,4.530917853116989136e-02,-1.965557597577571869e-02,1.770596355199813843e-01,1.292845159769058228e-01,4.390664026141166687e-02,3.597330302000045776e-02,4.111262783408164978e-02,-4.247720167040824890e-02,-5.904026329517364502e-02,1.176854744553565979e-01,-1.876996643841266632e-02,3.639136999845504761e-02,-1.578639894723892212e-01,-2.903715074062347412e-01,5.304326117038726807e-02,-5.112525820732116699e-02,-3.664296120405197144e-02,5.273360013961791992e-02,1.412579715251922607e-01,1.435960978269577026e-01,7.653892040252685547e-02,5.311631038784980774e-02,1.328774392604827881e-01,-5.788490921258926392e-02,1.021557822823524475e-01,-1.391825675964355469e-01,-1.081741228699684143e-01,9.788697585463523865e-03,6.728693842887878418e-02,-6.717455387115478516e-02,6.511946767568588257e-02,1.044667512178421021e-01,-1.865189671516418457e-01,-8.648589253425598145e-02,-1.131389439105987549e-01,1.848167367279529572e-02,3.611225634813308716e-02,-2.937385439872741699e-02,-7.023571431636810303e-02,1.387500762939453125e-01,5.140943080186843872e-02,-4.046330600976943970e-02,-2.533767744898796082e-02,8.947388082742691040e-02,4.184712171554565430e-01,-7.425836473703384399e-02,1.085645705461502075e-01,-1.986696198582649231e-02,8.062860928475856781e-03,-8.990509808063507080e-02,1.290957480669021606e-01,1.306264400482177734e-01,-1.296860724687576294e-01,8.228339254856109619e-02,-4.532621428370475769e-02,-1.362488325685262680e-02,2.361250072717666626e-01,7.861295342445373535e-02,-1.472661923617124557e-02,-5.867885798215866089e-02,-1.706869923509657383e-03,5.673186480998992920e-02,-7.427211105823516846e-02,3.774184361100196838e-02,-1.482550948858261108e-01,1.060769706964492798e-01,4.834880307316780090e-02,-1.562782824039459229e-01,-3.057710826396942139e-02,5.751500139012932777e-04,6.346927490085363388e-03,7.101058959960937500e-03,-2.460160851478576660e-02,2.579263225197792053e-02,-7.197782397270202637e-02,1.170891076326370239e-01,3.686472773551940918e-02,4.634347185492515564e-02,5.089907720685005188e-02,-7.411700487136840820e-02,3.498096391558647156e-02,6.746641546487808228e-02,5.980642978101968765e-03,-8.173920214176177979e-02,-1.161737218499183655e-01,1.738840192556381226e-01,-1.723957061767578125e-01,3.818101808428764343e-02,-2.855196297168731689e-01,-9.510198235511779785e-02,-1.554743945598602295e-01,-1.254671663045883179e-01,-6.008495762944221497e-02,-9.609281271696090698e-02,-6.165370345115661621e-02,-7.108114659786224365e-02,5.252423137426376343e-02,-8.804429322481155396e-02,-8.350319415330886841e-02,2.417499944567680359e-02,-1.222239360213279724e-01,-2.818975783884525299e-02,1.350773274898529053e-01,1.342345476150512695e-01,5.724032875150442123e-03,-1.098338589072227478e-01,1.930819600820541382e-01,1.493000239133834839e-01,-7.950688712298870087e-03,-8.556815236806869507e-02,5.843324959278106689e-02,-6.414473056793212891e-02,8.918353170156478882e-02,9.387741796672344208e-03,1.642331928014755249e-01,-4.444188252091407776e-02,7.081396132707595825e-02,4.448077082633972168e-02,-7.882052659988403320e-02,-1.983682811260223389e-02,9.474135935306549072e-02,7.295073568820953369e-02,-4.526494815945625305e-02,-2.440455555915832520e-02,1.229917109012603760e-01,1.310328543186187744e-01,-7.372961193323135376e-02,-7.398135960102081299e-02,-1.116231009364128113e-01,-2.624714933335781097e-02,-9.464847296476364136e-02,3.173547685146331787e-01,-7.308151572942733765e-02,5.304590798914432526e-03,1.767876930534839630e-02,-1.414727270603179932e-01,2.326645553112030029e-01,-3.308037295937538147e-02,-1.265960782766342163e-01,-5.744436010718345642e-02,2.049268782138824463e-02,-2.276025246828794479e-03,4.075137525796890259e-02,-1.586048677563667297e-02,-6.821224093437194824e-02
-1.602662801742553711e-01,2.410965971648693085e-02,-7.248353213071823120e-02,-1.277785450220108032e-01,3.757915273308753967e-02,-1.436110399663448334e-02,-3.588363155722618103e-02,-5.363250616937875748e-03,-8.112464100122451782e-02,-7.399872690439224243e-02,-3.795159235596656799e-02,2.794913889374583960e-04,-1.733384728431701660e-01,-7.612877525389194489e-03,6.453368067741394043e-02,-2.250236086547374725e-02,-4.686912521719932556e-02,1.406594961881637573e-01,1.401812285184860229e-01,-2.692034654319286346e-02,-4.226078093051910400e-02,-1.058396771550178528e-01,-1.388016529381275177e-02,-2.687658648937940598e-03,-1.819449663162231445e-01,1.018683332949876785e-02,-1.663918979465961456e-02,3.343938663601875305e-02,4.221756011247634888e-02,-7.523483037948608398e-02,-2.854583263397216797e-01,-8.333452790975570679e-02,-4.892351850867271423e-02,3.032710850238800049e-01,-6.775650382041931152e-02,1.139624193310737610e-01,-1.006701141595840454e-01,3.133544325828552246e-02,-1.191420014947652817e-02,1.434598565101623535e-01,-8.105637878179550171e-02,-4.212281107902526855e-02,-3.239394351840019226e-02,3.814959898591041565e-02,-2.095082104206085205e-01,-1.129156630486249924e-02,1.602723002433776855e-01,-1.481074243783950806e-01,1.018929928541183472e-01,9.928097017109394073e-03,-1.035030409693717957e-01,1.406877068802714348e-03,-9.184333682060241699e-02,1.235349755734205246e-02,1.242704764008522034e-01,-1.865614056587219238e-01,-2.372952550649642944e-02,2.788649201393127441e-01,5.067302379757165909e-03,2.648420818150043488e-02,-1.153929159045219421e-01,-2.330491989850997925e-01,6.962248682975769043e-02,-1.753454282879829407e-02,3.811431303620338440e-02,3.735590353608131409e-02,-1.751644909381866455e-01,8.654237538576126099e-02,-2.902637049555778503e-02,-9.118123352527618408e-02,-1.352598518133163452e-01,-6.927328556776046753e-02,-1.543111652135848999e-01,4.290156811475753784e-02,-2.108777686953544617e-02,3.512010723352432251e-02,2.756083905696868896e-01,1.489424854516983032e-01,-3.712198510766029358e-02,1.067587509751319885e-01,-1.278357952833175659e-01,2.525346912443637848e-02,-3.858299925923347473e-02,-1.916987150907516479e-01,8.574914932250976562e-02,-7.768187671899795532e-02,-1.235674023628234863e-01,3.837509453296661377e-02,6.627324968576431274e-02,-1.418820470571517944e-01,-1.927717477083206177e-01,7.916525006294250488e-03,1.615848690271377563e-01,-1.625343561172485352e-01,1.587426662445068359e-01,-1.094793379306793213e-01,8.261523395776748657e-02,1.707628518342971802e-01,-1.939986199140548706e-01,5.564360879361629486e-03,1.801531761884689331e-01,2.215224504470825195e-02,-2.021046876907348633e-01,3.638929873704910278e-02,-5.883637070655822754e-02,4.582149535417556763e-02,1.159208640456199646e-01,1.097819879651069641e-01,-2.825767360627651215e-02,9.231455624103546143e-02,2.226105332374572754e-02,-4.868241772055625916e-02,-1.663104891777038574e-01,3.516646847128868103e-02,1.234553158283233643e-01,-1.942184008657932281e-02,-1.376740783452987671e-01,-9.893932193517684937e-02,-4.812707658857107162e-03,3.211658075451850891e-02,5.522203072905540466e-02,3.870304499287158251e-04,1.037480607628822327e-01,-1.133099850267171860e-02,1.017243601381778717e-03,1.297557633370161057e-02,1.876588463783264160e-01,6.910755485296249390e-02,1.093592494726181030e-01,-7.533476501703262329e-02,3.233253583312034607e-02,-5.424793064594268799e-02,2.109979838132858276e-01,-1.348228305578231812e-01,5.130227282643318176e-02,-1.508067250251770020e-01,-1.363669186830520630e-01,-7.069633156061172485e-02,4.824906215071678162e-02,1.507124397903680801e-02,1.457216292619705200e-01,-2.135232985019683838e-01,7.038122415542602539e-02,-3.763908753171563148e-03,1.270947754383087158e-01,5.881825834512710571e-02,3.384907322470098734e-04,4.614120349287986755e-02,2.940686419606208801e-02,-1.350079327821731567e-01,8.181194774806499481e-03,5.964947119355201721e-02,3.591037541627883911e-02,2.996320463716983795e-02,-1.574748903512954712e-01,1.745327711105346680e-01,-1.711845695972442627e-01,3.452721610665321350e-02,8.357920497655868530e-02,-6.036676466464996338e-02,2.498290836811065674e-01,2.627567015588283539e-02,-1.057043820619583130e-01,7.707319408655166626e-02,-1.268545747734606266e-03,3.211967647075653076e-02,-6.515038758516311646e-02,1.815552115440368652e-01,-9.532920271158218384e-02,-5.650131060974672437e-05,-1.181507334113121033e-01,-4.559267312288284302e-02,-3.838794305920600891e-02,4.129976779222488403e-02,7.831042632460594177e-03,-6.477061659097671509e-02,-4.917399212718009949e-02,-1.258667260408401489e-01,1.353082060813903809e-01,9.656855463981628418e-02,-1.645953953266143799e-02,-1.027496382594108582e-01,3.987386077642440796e-02
-2.301109256222844124e-03,1.765317618846893311e-01,-2.184979058802127838e-02,5.535267293453216553e-02,-4.704953357577323914e-02,-5.395610257983207703e-02,-1.552304178476333618e-01,-2.792512774467468262e-01,-8.067333698272705078e-02,-3.762714192271232605e-02,6.370154023170471191e-02,1.433059424161911011e-01,8.899373933672904968e-03,5.377607792615890503e-02,1.138192489743232727e-01,1.812763512134552002e-01,6.373827159404754639e-02,5.227364227175712585e-02,4.854374006390571594e-02,-8.660577237606048584e-02,1.651650071144104004e-01,-2.201098576188087463e-02,-9.195817634463310242e-03,2.346932590007781982e-01,-6.492825341410934925e-04,3.652571514248847961e-02,3.235702961683273315e-02,-1.213499233126640320e-01,3.348065540194511414e-03,-5.606150627136230469e-02,-1.223020777106285095e-01,-2.024654150009155273e-01,-6.574460864067077637e-02,-1.120145991444587708e-01,7.104483991861343384e-02,-6.963333580642938614e-04,-1.034655421972274780e-01,-7.125271856784820557e-02,1.008658949285745621e-02,-4.965052939951419830e-03,1.934242993593215942e-02,-1.958345174789428711e-01,-9.649296849966049194e-02,-1.200371980667114258e-01,-7.991778850555419922e-02,-1.004583686590194702e-01,-8.847632259130477905e-02,4.458154365420341492e-02,-1.269158124923706055e-01,1.384728699922561646e-01,-1.520335972309112549e-01,3.535336256027221680e-02,1.936413720250129700e-02,-6.665294617414474487e-02,6.158955022692680359e-02,-1.932612061500549316e-01,-3.504269942641258240e-02,-5.190622061491012573e-02,9.065381437540054321e-02,-7.190810143947601318e-02,1.253049671649932861e-01,-1.414903555996716022e-03,-1.194331720471382141e-01,-1.124642137438058853e-02,6.537043303251266479e-02,4.369635507464408875e-02,-2.315317690372467041e-01,-2.683679759502410889e-01,1.854264587163925171e-01,-8.150929957628250122e-02,1.619049347937107086e-02,1.998615451157093048e-02,-8.502887189388275146e-02,-1.059329695999622345e-02,1.155076734721660614e-02,1.122400350868701935e-02,5.052828043699264526e-02,6.704113632440567017e-02,-6.897936761379241943e-02,-5.337854474782943726e-02,1.364639494568109512e-02,2.146870642900466919e-02,-1.098612556234002113e-03,-1.516269892454147339e-01,-7.418510317802429199e-02,-1.657759845256805420e-01,1.088347807526588440e-01,5.215143784880638123e-02,1.021547913551330566e-01,2.952594496309757233e-02,-7.439675927162170410e-02,1.301608383655548096e-01,-1.625159829854965210e-01,-1.009453386068344116e-01,-1.935674622654914856e-02,1.724960505962371826e-01,-4.525932669639587402e-02,-2.809774130582809448e-03,4.234445467591285706e-02,-5.188737064599990845e-02,-1.424807757139205933e-01,1.249309908598661423e-02,4.583264514803886414e-02,-9.246696531772613525e-02,-1.479323357343673706e-01,-4.573768749833106995e-02,9.644894301891326904e-02,-1.404027193784713745e-01,-1.343003846704959869e-02,1.354091316461563110e-01,-1.804447472095489502e-01,2.514754654839634895e-03,1.146557368338108063e-02,6.859065499156713486e-03,9.042605012655258179e-02,-2.152283042669296265e-01,1.896864920854568481e-02,-2.984152734279632568e-01,-6.008871644735336304e-02,-8.538185618817806244e-03,7.056754827499389648e-02,-3.947368264198303223e-02,1.059109345078468323e-01,-1.487484723329544067e-01,-1.422385722398757935e-01,1.175536736845970154e-01,1.077205017209053040e-01,-8.780394494533538818e-02,-1.037123501300811768e-01,-2.604536898434162140e-02,-1.136922761797904968e-01,-1.936097890138626099e-01,-1.121892780065536499e-01,-1.401855796575546265e-01,-1.200415566563606262e-01,-5.310750007629394531e-02,-7.143747061491012573e-02,-1.478409022092819214e-01,-1.443125307559967041e-01,-6.475739181041717529e-03,2.617294192314147949e-01,-3.177155926823616028e-02,-8.497528731822967529e-02,-1.314138062298297882e-02,-6.488206237554550171e-02,1.332786679267883301e-01,1.300958544015884399e-01,-1.380352824926376343e-01,9.185107052326202393e-02,-8.266217261552810669e-02,6.569474935531616211e-02,1.847711801528930664e-01,3.984880074858665466e-02,-1.542686112225055695e-02,2.010840028524398804e-01,-1.162686422467231750e-01,-9.155465662479400635e-02,8.779653161764144897e-02,3.281641751527786255e-02,-5.882308632135391235e-02,-5.193900316953659058e-02,3.302899748086929321e-02,7.550080120563507080e-02,1.547131687402725220e-01,-8.551143109798431396e-02,-3.800785541534423828e-02,6.392903160303831100e-03,-9.735106490552425385e-03,6.364867091178894043e-02,-1.328317224979400635e-01,-2.902614511549472809e-02,-2.157613821327686310e-02,-1.171255558729171753e-01,1.148558184504508972e-01,-1.854942180216312408e-02,1.293485704809427261e-02,5.522698536515235901e-02,-5.399784073233604431e-02,7.379264384508132935e-02,-7.680300157517194748e-03,-5.189418792724609375e-02,-2.205813489854335785e-02,1.194046810269355774e-01
-5.489523708820343018e-02,1.628508120775222778e-01,-2.325178235769271851e-01,-3.713448718190193176e-02,-1.459103673696517944e-01,6.220521032810211182e-02,2.626332826912403107e-02,8.860669285058975220e-02,5.573672056198120117e-02,-8.523887954652309418e-03,-6.224891915917396545e-02,-1.891113966703414917e-01,1.752950102090835571e-01,5.585093796253204346e-02,-1.217248812317848206e-01,2.513720840215682983e-02,-9.879869967699050903e-02,-1.529735326766967773e-01,4.965770617127418518e-02,8.854158222675323486e-02,-2.614361234009265900e-02,1.724740713834762573e-01,-4.248858988285064697e-02,7.398331072181463242e-03,-2.126193642616271973e-01,1.708851754665374756e-01,-1.204153075814247131e-01,-1.484806369990110397e-02,9.691280126571655273e-02,5.044818669557571411e-02,-6.986716389656066895e-02,-1.078685596585273743e-01,-6.418943405151367188e-02,1.739037036895751953e-01,1.964590139687061310e-02,-1.048362478613853455e-01,-3.858407214283943176e-02,-4.778112098574638367e-02,1.227468475699424744e-01,-6.630209088325500488e-02,4.354663193225860596e-02,1.307774931192398071e-01,-5.077103897929191589e-02,-7.499425858259201050e-02,8.172389864921569824e-02,7.513373345136642456e-02,1.184771955013275146e-01,8.178088068962097168e-02,-1.868341863155364990e-02,1.036211401224136353e-01,4.953824356198310852e-02,-1.002290844917297363e-02,-1.180179864168167114e-01,-1.368970572948455811e-01,1.521802507340908051e-02,-1.050326749682426453e-01,-1.337546855211257935e-02,1.167218014597892761e-01,-8.421860635280609131e-02,1.242845952510833740e-01,-3.499082755297422409e-03,3.416298329830169678e-02,6.843575835227966309e-02,3.108088159933686256e-03,-2.027535140514373779e-01,1.749676279723644257e-02,2.443659305572509766e-02,1.161591932177543640e-01,-8.022648841142654419e-02,4.611552879214286804e-02,-2.202893793582916260e-02,-1.369089037179946899e-01,-1.108650639653205872e-01,-5.412765219807624817e-02,6.632206588983535767e-02,-1.264394223690032959e-01,7.467282563447952271e-02,-1.979776620864868164e-01,6.441378500312566757e-03,5.947873741388320923e-02,-1.823415793478488922e-02,-4.101462960243225098e-01,4.537845030426979065e-02,7.225252687931060791e-02,1.176251992583274841e-01,1.280488539487123489e-02,-9.467460215091705322e-02,2.822109125554561615e-02,-3.105951845645904541e-02,-9.676826000213623047e-02,4.803611710667610168e-02,2.293162047863006592e-02,-6.756950914859771729e-02,-1.322445124387741089e-01,1.853130012750625610e-01,-2.185148894786834717e-01,-2.429479360580444336e-01,-1.170177310705184937e-01,9.874334931373596191e-02,6.431930512189865112e-02,1.133202314376831055e-01,-4.541606828570365906e-02,4.795743897557258606e-02,-2.077682465314865112e-01,-1.174487322568893433e-01,-9.935811161994934082e-02,-9.319253265857696533e-03,1.280861049890518188e-01,8.098491281270980835e-02,-1.707130111753940582e-03,4.722828418016433716e-02,-1.372457593679428101e-01,-5.705277249217033386e-02,-5.972635000944137573e-03,-4.164038598537445068e-02,-6.503193825483322144e-02,-5.622030794620513916e-02,-1.955705136060714722e-02,-7.002838701009750366e-02,-7.074300199747085571e-03,-1.949425786733627319e-01,9.747716039419174194e-02,3.578829020261764526e-02,1.722982078790664673e-01,7.716531306505203247e-02,1.187238935381174088e-02,-4.705908522009849548e-02,7.648692280054092407e-02,1.091366112232208252e-01,4.938022792339324951e-02,-1.155125573277473450e-01,7.908404618501663208e-02,6.164603680372238159e-02,-8.069055527448654175e-02,-2.539585717022418976e-02,4.686263576149940491e-02,1.409559249877929688e-01,-7.195916771888732910e-02,5.581885576248168945e-03,3.846126794815063477e-02,8.504177629947662354e-02,-6.552881002426147461e-02,5.268434062600135803e-03,3.521138429641723633e-02,2.154438048601150513e-01,-5.071589723229408264e-02,-7.195831835269927979e-02,-3.759970888495445251e-03,5.586688965559005737e-02,1.414882242679595947e-01,-1.609108448028564453e-01,5.450378358364105225e-02,5.487922951579093933e-02,2.182134389877319336e-01,1.037239748984575272e-02,-7.071561366319656372e-02,-6.945627182722091675e-02,-5.890058353543281555e-02,1.073172986507415771e-01,2.117282599210739136e-01,-2.290118187665939331e-01,-1.971488259732723236e-02,-9.911315888166427612e-02,-1.874967105686664581e-02,-4.560304805636405945e-02,5.201458930969238281e-02,-8.358740806579589844e-02,-1.045861374586820602e-02,-8.151493966579437256e-02,1.816036552190780640e-02,9.376585483551025391e-02,2.531703747808933258e-02,1.071228981018066406e-01,-8.616984821856021881e-03,9.602129459381103516e-02,8.645093441009521484e-02,1.411892324686050415e-01,-4.755080863833427429e-02,4.490401223301887512e-02,-1.904054135084152222e-01,3.966127336025238037e-02,1.915652900934219360e-01,1.318529248237609863e-01
9.865732491016387939e-02,5.587559565901756287e-02,4.807146638631820679e-02,-2.824809849262237549e-01,1.213905289769172668e-01,-1.331780254840850830e-01,1.567589789628982544e-01,-4.623633623123168945e-02,5.665108934044837952e-02,1.735492944717407227e-01,-1.051691249012947083e-01,3.271418809890747070e-02,-1.598181203007698059e-02,-2.436340413987636566e-02,-9.592162817716598511e-02,3.099013678729534149e-02,3.078041598200798035e-02,1.416143588721752167e-02,1.905823200941085815e-01,2.084518969058990479e-02,-9.220031648874282837e-02,-1.403262764215469360e-01,-1.448611961677670479e-03,-1.301274355500936508e-02,7.684194296598434448e-02,1.384651660919189453e-01,-8.815716952085494995e-02,6.299705058336257935e-02,9.562672674655914307e-02,2.998966164886951447e-02,2.740876981988549232e-03,3.932107612490653992e-02,1.235734112560749054e-02,-6.609462201595306396e-02,1.866134405136108398e-01,-9.774097055196762085e-02,-6.184565275907516479e-02,6.789200007915496826e-02,-4.315070062875747681e-02,8.721834421157836914e-02,1.442033052444458008e-01,5.156213417649269104e-02,-6.522422283887863159e-02,2.264240465592592955e-04,-6.868261843919754028e-02,-3.836406394839286804e-02,-2.730921208858489990e-01,1.556977182626724243e-01,3.087508305907249451e-02,-4.042846336960792542e-02,-1.814663857221603394e-01,-4.372212663292884827e-02,8.826611191034317017e-02,5.427323654294013977e-02,-5.925831943750381470e-02,9.047979861497879028e-02,1.881735026836395264e-01,-4.860507324337959290e-02,9.248633682727813721e-02,-9.683145582675933838e-02,2.173439115285873413e-01,-3.824274614453315735e-02,1.308958232402801514e-01,-1.071286350488662720e-01,-7.573736459016799927e-02,-9.338996559381484985e-02,-1.210156641900539398e-02,-5.434082448482513428e-02,-1.927551180124282837e-01,1.763279587030410767e-01,-2.759574726223945618e-02,-3.984841704368591309e-02,5.612171068787574768e-02,-2.000868506729602814e-02,-1.268867701292037964e-01,-2.170507796108722687e-02,-4.033565148711204529e-02,-1.279177963733673096e-01,-1.387001127004623413e-01,-2.585238032042980194e-02,-7.412291318178176880e-02,1.294538285583257675e-02,-1.478480547666549683e-01,-2.079540304839611053e-02,2.225481271743774414e-01,-5.214410275220870972e-02,1.913373917341232300e-01,-6.464779376983642578e-02,-7.653290778398513794e-02,-2.501053549349308014e-02,-1.083729565143585205e-01,-5.745396763086318970e-02,2.645131759345531464e-02,-5.486541986465454102e-02,1.146495267748832703e-01,3.008706271648406982e-01,-1.100034564733505249e-01,3.529901430010795593e-02,1.896856278181076050e-01,-1.525380611419677734e-01,-4.840473458170890808e-02,-1.899056285619735718e-01,1.411053538322448730e-01,9.160858578979969025e-03,1.152883470058441162e-02,-1.386235952377319336e-01,1.504459828138351440e-01,2.059417404234409332e-02,-1.376495361328125000e-01,9.769655019044876099e-02,-2.068325877189636230e-02,-8.221708983182907104e-02,9.494335204362869263e-02,6.420899182558059692e-02,1.675113439559936523e-01,-1.617557108402252197e-01,1.267810612916946411e-01,1.586749404668807983e-01,9.660715609788894653e-02,1.764238029718399048e-01,-2.404670864343643188e-01,-7.374089211225509644e-02,-5.404322966933250427e-02,1.055560335516929626e-01,6.032093428075313568e-03,4.718387126922607422e-02,1.287408173084259033e-01,-3.709821961820125580e-03,-4.868864640593528748e-02,9.133277833461761475e-02,1.343048661947250366e-01,-3.589207306504249573e-02,-4.417815245687961578e-03,9.687840938568115234e-02,-6.714341789484024048e-02,1.042227298021316528e-01,-1.960357185453176498e-03,1.034763529896736145e-01,-1.648921221494674683e-01,-1.040318086743354797e-01,-1.028077304363250732e-02,1.640081405639648438e-02,-3.601973876357078552e-02,-2.425806820392608643e-01,8.310850709676742554e-02,2.647374570369720459e-02,-7.643195334821939468e-03,5.055277422070503235e-02,-1.215585991740226746e-01,-2.277267910540103912e-02,-1.183609366416931152e-01,5.366243794560432434e-02,9.578093886375427246e-03,6.116984039545059204e-02,7.800754904747009277e-02,-1.613126099109649658e-01,6.115942820906639099e-02,-2.117114840075373650e-03,4.454362019896507263e-02,-6.624747067689895630e-03,4.992309585213661194e-02,8.071561902761459351e-02,2.288316488265991211e-01,-2.500509656965732574e-02,-1.460468024015426636e-01,-1.135851666331291199e-01,-5.328599363565444946e-02,-1.015049219131469727e-02,-3.656993061304092407e-02,3.488983213901519775e-02,8.844449371099472046e-02,-1.081523597240447998e-01,1.228464469313621521e-01,1.377178281545639038e-01,-1.505044288933277130e-02,-5.462186411023139954e-02,9.274125099182128906e-02,3.440233319997787476e-02,7.580913137644529343e-03,-4.924327135086059570e-02,1.100588291883468628e-01,-2.341592758893966675e-01,8.815202862024307251e-03
6.855504959821701050e-02,-1.471304744482040405e-01,-4.921557847410440445e-03,-1.269015222787857056e-01,1.504250466823577881e-01,-1.329035460948944092e-01,-1.434610337018966675e-01,-1.171080097556114197e-01,3.180616348981857300e-02,-2.975984811782836914e-01,7.897680997848510742e-02,-8.334328979253768921e-02,2.396808750927448273e-02,-6.708197295665740967e-02,-2.083115726709365845e-01,-1.564195156097412109e-01,-6.020672991871833801e-02,8.634008467197418213e-02,1.566223055124282837e-01,2.066920548677444458e-01,-1.182352304458618164e-01,1.180438697338104248e-01,4.298767820000648499e-02,1.180806532502174377e-01,-8.478620648384094238e-02,1.360649019479751587e-01,-1.023652330040931702e-01,1.313935965299606323e-01,-1.584948301315307617e-01,-2.426571398973464966e-02,-3.006737865507602692e-02,7.186722010374069214e-02,-1.771817356348037720e-01,8.314601331949234009e-02,-1.356283202767372131e-02,-9.310939908027648926e-02,1.630143076181411743e-02,-2.169477008283138275e-02,5.383870005607604980e-02,8.698127418756484985e-02,-3.161684051156044006e-02,2.142911702394485474e-01,-2.340551465749740601e-02,-5.281028803437948227e-03,-1.544923484325408936e-01,5.019516125321388245e-02,-7.221222389489412308e-03,1.131636798381805420e-01,-2.361127547919750214e-02,3.358307993039488792e-03,-3.117571771144866943e-01,9.331138432025909424e-02,-7.642572373151779175e-02,-1.016611978411674500e-01,-1.015747487545013428e-01,4.916851967573165894e-02,-1.785068511962890625e-01,-5.221088603138923645e-02,-4.075305163860321045e-02,-3.302445709705352783e-01,3.555834991857409477e-03,-2.424674332141876221e-01,-2.160633169114589691e-02,-2.059164792299270630e-01,-3.132336214184761047e-02,2.075990475714206696e-02,-1.192185655236244202e-01,4.771885275840759277e-02,6.671805679798126221e-02,-8.296705782413482666e-03,7.662335783243179321e-02,1.411569491028785706e-02,1.952725090086460114e-02,-9.003506600856781006e-02,-9.399482607841491699e-02,4.520937427878379822e-02,-5.276072397828102112e-02,-7.330793887376785278e-02,-1.703155040740966797e-01,-1.921076141297817230e-02,5.014141090214252472e-03,-7.613832503557205200e-02,5.811070203781127930e-01,-7.549732457846403122e-03,-3.048221115022897720e-03,1.723616421222686768e-01,-4.700294882059097290e-02,1.937022209167480469e-01,-1.264032721519470215e-01,3.276778012514114380e-02,5.199623107910156250e-02,-6.053732335567474365e-02,-1.940759718418121338e-01,1.331454366445541382e-01,1.107003241777420044e-01,-3.757799863815307617e-01,1.113735139369964600e-01,3.229652764275670052e-03,-1.174461189657449722e-02,4.078388214111328125e-02,-1.048392895609140396e-02,-5.763139575719833374e-02,-1.952199637889862061e-01,-1.475114673376083374e-01,7.297300547361373901e-02,1.857314556837081909e-01,2.617033571004867554e-02,8.557531237602233887e-02,2.133450657129287720e-02,-3.569291532039642334e-02,7.856090366840362549e-02,7.466468811035156250e-01,-2.317806035280227661e-01,6.636506319046020508e-02,-5.563440546393394470e-02,-5.135662481188774109e-02,9.386336058378219604e-02,-1.382622271776199341e-01,1.608792506158351898e-02,2.898668050765991211e-01,5.456668138504028320e-02,8.320489525794982910e-02,-1.990848630666732788e-01,-1.425896733999252319e-01,-2.891098707914352417e-02,9.731630980968475342e-02,-4.289172589778900146e-02,7.998749613761901855e-02,-1.503104567527770996e-01,5.574531480669975281e-02,2.427148632705211639e-02,-1.828798651695251465e-02,1.418099505826830864e-03,-1.183247789740562439e-01,-4.711879417300224304e-02,-1.064752414822578430e-01,-2.130514243617653847e-03,-5.899940058588981628e-02,7.646199315786361694e-02,-2.940658852458000183e-02,5.097367800772190094e-03,1.964792162179946899e-01,-1.918678432703018188e-01,-6.248928606510162354e-02,-1.023438051342964172e-01,-2.537843771278858185e-02,-3.599014598876237869e-03,3.212539479136466980e-02,-3.208734840154647827e-02,-1.597763001918792725e-01,-5.245992168784141541e-02,1.288128346204757690e-01,1.625769883394241333e-01,6.638026237487792969e-02,2.681384421885013580e-02,4.295514523983001709e-02,9.101093560457229614e-02,6.768057495355606079e-02,-1.311352401971817017e-01,-2.593875229358673096e-01,-5.418072268366813660e-02,-1.952375024557113647e-01,-5.732649937272071838e-03,-2.582694403827190399e-02,-1.202597394585609436e-01,2.186505123972892761e-02,-9.456305205821990967e-02,-7.431238889694213867e-02,1.003477051854133606e-01,3.527475297451019287e-01,-1.150015220046043396e-01,3.340499848127365112e-02,-9.910274296998977661e-03,-5.518626794219017029e-02,7.812094688415527344e-02,-1.169540509581565857e-01,4.251586645841598511e-02,-2.617996186017990112e-02,-1.121158525347709656e-02,-1.429396420717239380e-01,-8.611246943473815918e-02,9.213488548994064331e-02,-4.466291889548301697e-02
2.303124219179153442e-02,5.316922068595886230e-02,-7.062424719333648682e-02,3.832289658021181822e-04,2.653128504753112793e-01,8.263417333364486694e-02,1.736418753862380981e-01,-2.586665153503417969e-01,8.517816662788391113e-02,1.936870813369750977e-02,4.174141213297843933e-03,7.544472068548202515e-02,1.094988733530044556e-01,1.155311316251754761e-01,4.428442567586898804e-02,-1.406687051057815552e-01,-8.464831858873367310e-02,6.564073264598846436e-02,-4.698331654071807861e-02,3.682968765497207642e-02,1.784471981227397919e-02,1.663040220737457275e-01,4.871319979429244995e-03,6.467948108911514282e-02,1.248239800333976746e-01,1.336655616760253906e-01,1.707543060183525085e-02,-7.471979409456253052e-02,-2.298094332218170166e-02,1.047419011592864990e-01,1.045761629939079285e-01,1.613893732428550720e-02,-1.237538456916809082e-02,-1.369950361549854279e-03,2.483405172824859619e-02,-5.838162451982498169e-02,6.928293034434318542e-03,6.586917489767074585e-02,1.225433498620986938e-01,5.974588170647621155e-02,-4.571325331926345825e-02,-7.336929440498352051e-02,4.592128098011016846e-02,-1.541771590709686279e-01,-6.345593929290771484e-02,-5.709772557020187378e-02,2.842761017382144928e-02,-6.405307352542877197e-02,1.569454371929168701e-01,-4.632596299052238464e-02,5.754816904664039612e-02,2.087548188865184784e-02,2.449745088815689087e-01,9.721594303846359253e-02,9.461373090744018555e-02,2.597334980964660645e-01,-3.757260367274284363e-02,1.737774461507797241e-01,-8.007578551769256592e-02,-1.099759340286254883e-01,-4.725703597068786621e-02,1.909046806395053864e-02,-1.900876015424728394e-01,-4.310560598969459534e-02,2.363000512123107910e-01,-3.905847668647766113e-02,9.305781126022338867e-02,-6.502528488636016846e-02,1.152557358145713806e-01,-6.948120146989822388e-02,-2.091698721051216125e-02,4.187241196632385254e-02,-5.172106623649597168e-02,-2.346387133002281189e-02,-9.492710977792739868e-02,5.331443622708320618e-02,-2.904428914189338684e-02,-2.687042206525802612e-02,5.034060776233673096e-02,-6.528327241539955139e-03,-1.535537000745534897e-02,7.961612939834594727e-02,3.244076669216156006e-02,1.750755012035369873e-01,8.221822232007980347e-02,4.651642963290214539e-02,-8.113133162260055542e-02,6.856626272201538086e-02,4.084040969610214233e-02,1.912904158234596252e-02,6.733963638544082642e-02,-1.529997438192367554e-01,9.954155236482620239e-02,-5.854450911283493042e-02,-3.026057593524456024e-02,7.134949415922164917e-02,-1.785286366939544678e-01,-6.188702955842018127e-02,-2.119724638760089874e-02,-1.027139276266098022e-01,1.108323484659194946e-01,5.519269406795501709e-02,4.287803173065185547e-02,-2.266736030578613281e-01,-1.809695810079574585e-01,-2.022858709096908569e-02,-1.220447942614555359e-01,-6.035560369491577148e-02,-6.008054688572883606e-02,6.991474330425262451e-02,1.869728565216064453e-01,6.802495568990707397e-02,2.838217839598655701e-02,2.900611981749534607e-02,-1.011380255222320557e-01,-1.401692181825637817e-01,-3.522269055247306824e-02,8.840393275022506714e-02,-9.798053652048110962e-02,2.030810862779617310e-01,3.959779569413512945e-04,7.336796820163726807e-02,-1.764510385692119598e-02,5.508815497159957886e-02,-5.796155706048011780e-02,2.072234302759170532e-01,1.265681833028793335e-01,-3.775655478239059448e-02,2.199355363845825195e-01,-4.920601099729537964e-02,-9.661851823329925537e-02,-2.360493503510951996e-02,3.924957290291786194e-02,1.042410358786582947e-01,8.113794028759002686e-02,2.106216736137866974e-03,-1.077063605189323425e-01,-1.886822283267974854e-02,-8.420360088348388672e-02,-4.888832941651344299e-02,2.712197043001651764e-02,-1.333482712507247925e-01,3.228862211108207703e-02,-7.417572289705276489e-02,8.343906141817569733e-03,-1.285835169255733490e-02,-8.935275673866271973e-02,-3.951871767640113831e-03,8.874260634183883667e-02,-8.444170653820037842e-02,-1.909933686256408691e-01,4.516723752021789551e-02,-1.680822968482971191e-01,1.345679629594087601e-02,1.671097008511424065e-03,5.740991607308387756e-02,-5.138210579752922058e-02,1.066708117723464966e-01,-1.495707873255014420e-02,-2.760338485240936279e-01,9.274609386920928955e-02,-3.837634623050689697e-02,3.035289049148559570e-02,-5.221321433782577515e-02,7.250275462865829468e-02,2.093308605253696442e-02,-5.205981060862541199e-02,-2.000193111598491669e-02,9.855063632130622864e-03,-1.181911155581474304e-01,3.346335887908935547e-02,3.237056359648704529e-02,1.373539306223392487e-02,1.357294172048568726e-01,-6.349036842584609985e-02,-1.452106088399887085e-01,-1.225020438432693481e-01,-1.533149927854537964e-01,3.995144739747047424e-02,-3.996041044592857361e-02,-1.175142973661422729e-01,3.016436100006103516e-01,6.238651275634765625e-02
1.173977106809616089e-01,1.525609046220779419e-01,1.105029508471488953e-01,8.228575438261032104e-02,1.610834747552871704e-01,-1.098337471485137939e-01,2.598491609096527100e-01,-8.423448540270328522e-03,-2.138079851865768433e-01,-1.424743682146072388e-01,-1.079035997390747070e-01,2.493892014026641846e-01,-3.344362135976552963e-03,-1.742667332291603088e-02,1.502086520195007324e-01,-6.042967550456523895e-03,-3.649434447288513184e-02,-1.837876625359058380e-02,6.088486313819885254e-02,-2.571542374789714813e-02,2.062343992292881012e-02,1.693669706583023071e-02,-7.830167561769485474e-02,1.279339641332626343e-01,5.267662927508354187e-02,1.095028370618820190e-01,1.725533753633499146e-01,-6.219154223799705505e-02,-3.257407248020172119e-01,-5.728367250412702560e-03,1.151586920022964478e-01,-1.529865991324186325e-02,-3.541212156414985657e-02,-5.657865479588508606e-02,6.917434930801391602e-02,8.361373096704483032e-02,-2.006319314241409302e-01,-7.103037834167480469e-02,1.200745925307273865e-01,1.625045016407966614e-02,-1.036095619201660156e-01,-1.111172810196876526e-01,1.120345070958137512e-01,-1.178575679659843445e-01,-1.545117944478988647e-01,9.718026965856552124e-02,-1.452414393424987793e-01,-1.289700418710708618e-01,5.017060413956642151e-02,1.209737500175833702e-03,-2.587409317493438721e-02,-1.061653271317481995e-01,-8.873730897903442383e-02,3.565109148621559143e-02,6.702332943677902222e-02,1.040147840976715088e-01,-1.061645448207855225e-01,-1.169324293732643127e-01,1.982345432043075562e-01,4.163113608956336975e-02,1.832701265811920166e-01,-1.707950085401535034e-01,-4.810599610209465027e-03,7.787653058767318726e-02,-1.143788322806358337e-01,-4.406310617923736572e-02,1.071677133440971375e-01,1.855852315202355385e-03,5.478420481085777283e-02,1.417254358530044556e-01,-1.103890910744667053e-01,-6.878548860549926758e-02,-1.310721784830093384e-02,-1.111336648464202881e-01,-1.551815122365951538e-01,-5.180510133504867554e-02,-6.276886910200119019e-02,5.326198413968086243e-02,-1.998786032199859619e-01,-3.632074594497680664e-02,1.249526664614677429e-01,-3.562906682491302490e-01,-1.517100725322961807e-02,-2.224256694316864014e-01,-2.350842393934726715e-02,-9.230814874172210693e-02,1.141422912478446960e-01,-2.079364843666553497e-02,1.026155576109886169e-01,1.358751356601715088e-01,-6.129672005772590637e-02,1.519211679697036743e-01,-4.169538617134094238e-02,-1.006037965416908264e-01,-7.372860610485076904e-02,2.185353040695190430e-01,-1.247161403298377991e-01,8.085716515779495239e-02,1.250728219747543335e-01,-5.889528617262840271e-02,2.144086807966232300e-01,-1.039758622646331787e-01,-9.454897791147232056e-02,-1.901340931653976440e-01,1.388069391250610352e-01,1.208318695425987244e-01,8.349747955799102783e-02,-2.970849908888339996e-02,2.585927955806255341e-02,1.046798005700111389e-01,-9.065682068467140198e-03,8.174652606248855591e-02,1.562397480010986328e-01,1.837290707044303417e-03,2.310054898262023926e-01,2.111477404832839966e-02,-7.665496319532394409e-02,1.247214376926422119e-01,8.318361639976501465e-02,7.361702620983123779e-02,-4.104207456111907959e-02,-1.953515261411666870e-01,2.207451015710830688e-01,9.982054680585861206e-02,-1.399120688438415527e-01,-1.036337539553642273e-01,5.739179905503988266e-03,8.989717066287994385e-02,3.763473033905029297e-02,-1.818019431084394455e-03,4.787719622254371643e-02,1.892131268978118896e-01,3.782884776592254639e-02,-5.410309880971908569e-02,5.585080757737159729e-02,6.252089142799377441e-02,1.282300353050231934e-01,1.477973461151123047e-01,6.075467541813850403e-02,3.887462196871638298e-03,-2.778271678835153580e-03,-1.116186529397964478e-01,4.750291258096694946e-02,7.625256478786468506e-02,-7.849539816379547119e-02,-2.980187833309173584e-01,2.989676222205162048e-02,1.642327159643173218e-01,-6.471599638462066650e-02,-4.116182401776313782e-02,-4.851510375738143921e-02,1.066259667277336121e-01,1.190877929329872131e-01,1.001564860343933105e-01,1.999607868492603302e-02,-1.977056637406349182e-02,1.229327097535133362e-01,-1.922433674335479736e-01,8.629482239484786987e-02,-2.643852531909942627e-01,5.158901214599609375e-03,5.394671112298965454e-02,1.026343926787376404e-01,1.190208364278078079e-02,3.118885122239589691e-02,-1.001209467649459839e-01,1.029210612177848816e-01,-3.397417021915316582e-03,-6.391961127519607544e-02,1.510494351387023926e-01,-6.745877210050821304e-03,-2.865280583500862122e-02,-6.804469972848892212e-02,-1.515716761350631714e-01,1.271213740110397339e-01,-7.242172211408615112e-02,-6.698971241712570190e-02,-1.580063849687576294e-01,5.173559859395027161e-02,-5.102775990962982178e-02,1.327320095151662827e-02,2.170767448842525482e-02,4.614447429776191711e-02
2.586623728275299072e-01,-8.846455067396163940e-02,-5.655612796545028687e-02,2.220319211483001709e-01,-2.739433199167251587e-02,-8.127685636281967163e-02,1.711005866527557373e-01,-1.415242627263069153e-02,-1.423258483409881592e-01,2.449410557746887207e-01,4.001417197287082672e-03,7.142662256956100464e-02,-1.074398159980773926e-01,3.205532580614089966e-02,3.167322576045989990e-01,-9.409089386463165283e-02,-1.953729055821895599e-02,1.520291715860366821e-01,4.301190748810768127e-02,2.244557291269302368e-01,2.724513709545135498e-01,-1.166830286383628845e-01,-2.467854693531990051e-02,1.618617773056030273e-01,-1.661110818386077881e-01,-8.284601569175720215e-02,-1.058055534958839417e-01,-9.992724284529685974e-03,7.405118644237518311e-02,-7.953685522079467773e-02,-1.079577505588531494e-01,1.385235227644443512e-02,-3.181953355669975281e-02,-1.163797974586486816e-01,-2.083239145576953888e-02,4.066720232367515564e-02,1.881221383810043335e-01,-6.771088577806949615e-03,2.306279726326465607e-02,1.266356557607650757e-01,1.498865038156509399e-01,-3.080979287624359131e-01,2.272795327007770538e-02,-7.563144899904727936e-03,-2.892592456191778183e-03,-2.883343026041984558e-02,1.994594372808933258e-02,-9.333588182926177979e-02,5.651611369103193283e-03,1.536401361227035522e-01,-1.468258500099182129e-01,2.334132194519042969e-01,-4.241450503468513489e-02,1.379634290933609009e-01,1.198726817965507507e-01,7.432179898023605347e-02,-3.738061338663101196e-02,6.831250339746475220e-02,-5.392897408455610275e-03,1.567961871623992920e-01,3.607739880681037903e-02,-7.648699730634689331e-02,2.088853158056735992e-02,6.128413602709770203e-02,2.170968800783157349e-01,-2.435616590082645416e-02,8.028908073902130127e-02,3.971912339329719543e-02,-1.179224625229835510e-01,1.137853860855102539e-01,6.996480375528335571e-02,-1.273780316114425659e-01,3.032718785107135773e-02,4.717562347650527954e-02,-7.906083017587661743e-02,1.939712464809417725e-01,-1.133588477969169617e-01,4.647555947303771973e-02,-1.249464228749275208e-01,-1.008733510971069336e-01,-1.867750473320484161e-02,1.707472652196884155e-01,2.253726422786712646e-01,5.460922140628099442e-03,-1.396902743726968765e-02,7.160757482051849365e-02,-2.932775765657424927e-03,6.423345953226089478e-02,-3.756453841924667358e-02,4.699882585555315018e-03,7.857836037874221802e-02,-1.309384405612945557e-01,-9.849934279918670654e-02,-1.766176074743270874e-01,-1.320718377828598022e-01,-1.232181955128908157e-02,-6.286832690238952637e-02,4.344919323921203613e-02,-1.074106618762016296e-01,4.971554130315780640e-02,-4.308651387691497803e-02,2.642407827079296112e-02,-1.273011714220046997e-01,9.600925445556640625e-02,-9.196796268224716187e-02,-4.409780725836753845e-02,1.321127731353044510e-02,5.497979745268821716e-02,1.411755234003067017e-01,2.349121496081352234e-02,6.452321261167526245e-02,-3.867961093783378601e-02,-7.343253493309020996e-02,3.607536107301712036e-02,6.540583074092864990e-02,1.398156434297561646e-01,1.437830775976181030e-01,-6.639558821916580200e-02,4.294831305742263794e-02,-3.029876947402954102e-02,-5.324031412601470947e-02,-3.083022311329841614e-02,-7.498285174369812012e-02,3.661438822746276855e-02,-8.243662863969802856e-02,-2.292646765708923340e-01,2.418966777622699738e-02,-1.483138054609298706e-01,2.330458723008632660e-02,9.269627928733825684e-02,-1.079834159463644028e-02,-2.193878218531608582e-02,7.320494204759597778e-02,1.196601763367652893e-01,-1.022131741046905518e-01,2.338962852954864502e-01,1.199378632009029388e-02,-1.970597803592681885e-01,1.180065050721168518e-01,3.354627266526222229e-02,2.391448244452476501e-02,-7.587885856628417969e-02,-6.496555358171463013e-02,-1.479403972625732422e-01,-2.727876231074333191e-02,-6.353951524943113327e-03,-4.337356984615325928e-02,-9.740727953612804413e-03,2.664525434374809265e-02,8.962686359882354736e-02,1.108440686948597431e-03,8.196935057640075684e-03,-4.861810803413391113e-02,-2.979637356474995613e-03,5.088652670383453369e-02,-6.376601755619049072e-02,9.024621546268463135e-02,-1.687544770538806915e-02,-5.466167628765106201e-02,1.057498976588249207e-01,1.386322081089019775e-01,3.398310020565986633e-02,-2.007090896368026733e-01,1.402899473905563354e-01,-4.419979639351367950e-03,-7.920940965414047241e-02,-1.350465118885040283e-01,1.498168054968118668e-02,6.193838641047477722e-02,7.434194535017013550e-02,1.852311789989471436e-01,1.946707628667354584e-02,1.535456720739603043e-02,1.120843738317489624e-01,-5.963826924562454224e-02,-3.092550486326217651e-02,-4.212138429284095764e-02,-2.058310508728027344e-01,-9.171647951006889343e-03,7.312623411417007446e-02,3.885839134454727173e-02,2.523741126060485840e-01,-8.800342679023742676e-02
-1.000796481966972351e-01,1.735493093729019165e-01,9.789583832025527954e-02,1.206930950284004211e-01,5.228583887219429016e-02,2.874669153243303299e-03,8.295882493257522583e-02,9.497932344675064087e-02,2.104445826262235641e-03,-2.830363810062408447e-01,1.924156956374645233e-02,1.994985193014144897e-01,1.070865467190742493e-01,2.237305492162704468e-01,-1.200782805681228638e-01,-2.701246738433837891e-01,2.133318334817886353e-01,2.158171534538269043e-01,1.708748340606689453e-01,1.335473507642745972e-01,1.040139719843864441e-01,7.560081779956817627e-02,-7.352399826049804688e-02,-8.844932168722152710e-02,-1.096763238310813904e-01,-1.570969005115330219e-03,2.416366711258888245e-02,-5.310995969921350479e-03,-3.661858150735497475e-03,2.405411936342716217e-02,4.365124553442001343e-02,-1.457431614398956299e-01,-4.078304395079612732e-02,-5.463437736034393311e-02,-5.489255767315626144e-03,-7.045021653175354004e-02,7.670829445123672485e-02,-8.974607288837432861e-02,-5.986928939819335938e-02,5.511589348316192627e-02,-6.674407422542572021e-02,3.957225382328033447e-02,-2.355804201215505600e-03,3.255939856171607971e-02,7.313026487827301025e-02,1.395199168473482132e-02,-1.693046241998672485e-01,-2.386452704668045044e-01,2.343607544898986816e-01,4.472291097044944763e-02,-9.756552428007125854e-02,-1.617277413606643677e-02,1.889569461345672607e-01,1.679460555315017700e-01,-6.819465011358261108e-02,-1.038283407688140869e-01,-8.813788741827011108e-02,-6.456127390265464783e-03,-2.722993679344654083e-02,-1.497778296470642090e-01,3.097048774361610413e-02,1.778443306684494019e-01,-1.483585219830274582e-02,1.879808157682418823e-01,-3.432450592517852783e-01,-1.527143865823745728e-01,-1.194207463413476944e-02,5.598956346511840820e-02,-2.601928114891052246e-01,7.908158749341964722e-02,6.493601202964782715e-02,1.523450762033462524e-01,-2.780269272625446320e-02,7.544071227312088013e-02,9.449487179517745972e-02,-1.148707568645477295e-01,-1.589639931917190552e-01,-1.371617913246154785e-01,6.408710032701492310e-02,-8.219644427299499512e-03,8.290989696979522705e-02,1.167515888810157776e-01,5.101919770240783691e-01,-1.725933402776718140e-01,5.108788609504699707e-02,1.859595440328121185e-02,-3.274106886237859726e-03,2.916116639971733093e-02,2.320146933197975159e-02,-1.118306070566177368e-01,-3.903842344880104065e-02,1.906127035617828369e-01,-1.334613263607025146e-01,5.819097161293029785e-02,-1.181347146630287170e-01,-8.337416499853134155e-02,1.138238236308097839e-01,4.372347146272659302e-02,-7.160037010908126831e-02,6.337944418191909790e-02,8.758775144815444946e-02,1.981783211231231689e-01,2.232472033938392997e-04,1.706864088773727417e-01,8.895388245582580566e-02,-1.233081519603729248e-01,-7.573091983795166016e-02,-1.465060748159885406e-03,-1.192036941647529602e-01,1.389946043491363525e-01,5.366455763578414917e-03,4.818376600742340088e-01,6.022431328892707825e-02,-5.209902301430702209e-02,7.606845349073410034e-02,5.107811093330383301e-02,-4.886756092309951782e-02,1.205259785056114197e-01,-6.565305590629577637e-02,2.969924807548522949e-01,1.013556942343711853e-01,-3.242150694131851196e-02,-2.464990019798278809e-01,4.998436942696571350e-02,-2.072548307478427887e-02,-1.162535138428211212e-02,-9.690023958683013916e-02,-7.215667515993118286e-02,-1.650580167770385742e-01,3.964259475469589233e-02,-2.337507605552673340e-01,1.953433267772197723e-02,-1.132468953728675842e-01,-5.883169919252395630e-02,-1.034173835068941116e-02,8.795653283596038818e-02,-6.581695377826690674e-02,-4.822446499019861221e-03,1.222208067774772644e-01,1.707751601934432983e-01,-4.937579482793807983e-02,3.141968324780464172e-02,-2.391252815723419189e-01,-3.812164813280105591e-02,2.721456065773963928e-02,2.299730107188224792e-02,5.411110818386077881e-02,3.954062238335609436e-03,1.870097368955612183e-01,-7.642527669668197632e-02,-1.560933738946914673e-01,6.805181503295898438e-02,-6.760925799608230591e-02,1.134493649005889893e-01,-1.155698820948600769e-01,6.888022273778915405e-02,1.641400307416915894e-01,-5.924428626894950867e-02,1.219306513667106628e-02,1.073745861649513245e-01,-4.924904927611351013e-02,6.281100958585739136e-02,-8.713059872388839722e-02,4.552832245826721191e-02,-9.653159230947494507e-02,1.610818877816200256e-02,9.892430901527404785e-02,9.426235221326351166e-03,2.278760075569152832e-02,7.206082940101623535e-01,-1.960219740867614746e-01,-2.197278589010238647e-01,3.460193797945976257e-02,-1.431867927312850952e-01,-7.402339577674865723e-02,9.731804579496383667e-02,-2.221095189452171326e-02,2.646040730178356171e-02,-2.729318104684352875e-02,-1.454706937074661255e-01,-1.267349720001220703e-01,7.233192771673202515e-02,-8.920843899250030518e-02
8.292957395315170288e-02,2.804371295496821404e-03,1.121353879570960999e-01,9.113974869251251221e-02,-4.505465552210807800e-02,-1.250687092542648315e-01,4.139227047562599182e-02,-5.139927566051483154e-02,1.104984991252422333e-02,-3.089921362698078156e-02,2.753405272960662842e-01,-8.605840057134628296e-02,-2.838425152003765106e-02,1.030686497688293457e-02,6.711380928754806519e-02,8.740948885679244995e-02,3.770034387707710266e-02,4.369102418422698975e-02,4.659491404891014099e-02,-6.107106059789657593e-02,-8.679253049194812775e-03,6.983955204486846924e-02,-6.765070557594299316e-02,-3.602033481001853943e-02,3.299900889396667480e-02,5.641360953450202942e-02,4.216270521283149719e-02,-4.769257828593254089e-02,4.312996193766593933e-02,1.967557519674301147e-01,-1.102703362703323364e-01,-9.507395327091217041e-02,7.786629348993301392e-02,1.987169496715068817e-02,-1.508391345851123333e-03,-5.402444303035736084e-02,-3.388843964785337448e-03,8.311299607157707214e-03,1.315497513860464096e-02,4.633963108062744141e-03,5.680733919143676758e-02,-1.247261911630630493e-01,-1.289799343794584274e-03,-2.596809528768062592e-02,7.546022534370422363e-02,-5.651807785034179688e-02,-6.776717305183410645e-02,-4.224342107772827148e-02,1.015880405902862549e-01,4.689409211277961731e-02,-9.468998014926910400e-02,1.639512181282043457e-01,-3.070197068154811859e-02,3.173939511179924011e-02,-1.285102665424346924e-01,1.103867515921592712e-01,-1.538577079772949219e-01,1.653438806533813477e-02,-1.325410902500152588e-01,1.042056009173393250e-01,-2.323518842458724976e-01,-1.979835033416748047e-01,-2.352978102862834930e-02,-8.890575915575027466e-02,-2.453616634011268616e-02,3.382389666512608528e-03,-8.283825218677520752e-02,5.922920256853103638e-02,5.910609290003776550e-02,-1.331235170364379883e-01,7.236462552100419998e-03,2.389890840277075768e-03,-2.515488564968109131e-01,-4.615585878491401672e-02,1.953423470258712769e-01,7.520853728055953979e-02,4.849862307310104370e-02,1.730600185692310333e-02,1.804725229740142822e-01,-5.427963659167289734e-02,1.313956975936889648e-01,2.071516662836074829e-01,-2.483594929799437523e-03,5.527436733245849609e-02,-6.676135212182998657e-02,1.376475393772125244e-01,4.728597030043601990e-02,1.064218282699584961e-01,9.297006577253341675e-02,-1.360933184623718262e-01,-3.850317001342773438e-02,3.444815799593925476e-02,-9.306320548057556152e-02,9.488856792449951172e-02,-7.190616428852081299e-02,7.191213965415954590e-02,-7.913828641176223755e-02,9.528425335884094238e-02,-9.329635649919509888e-02,1.773564815521240234e-01,-1.788179427385330200e-01,7.607322186231613159e-02,3.376050619408488274e-03,5.604227259755134583e-02,2.400498278439044952e-02,-3.796323016285896301e-02,9.108769893646240234e-02,-4.760723095387220383e-03,3.394360095262527466e-02,-1.392476409673690796e-01,6.241185963153839111e-02,7.068149000406265259e-02,2.000224590301513672e-01,-3.785439953207969666e-02,-6.395620852708816528e-02,-1.046969145536422729e-01,1.579140126705169678e-01,-2.897414937615394592e-02,1.084999367594718933e-01,3.389066830277442932e-02,-1.037693172693252563e-01,-5.727841705083847046e-02,2.618108391761779785e-01,-4.947338253259658813e-02,1.542268693447113037e-01,-1.004015952348709106e-01,-1.597039997577667236e-01,-1.173588633537292480e-01,2.497063949704170227e-02,8.366366475820541382e-02,-1.394697278738021851e-01,1.237886101007461548e-01,-3.109750687144696712e-04,-9.027206152677536011e-02,8.149025030434131622e-03,-1.180783808231353760e-01,-1.345455348491668701e-01,9.329356253147125244e-02,3.986314870417118073e-03,1.764109171926975250e-02,-1.065630540251731873e-01,-1.684099249541759491e-02,-4.618409276008605957e-02,1.301706582307815552e-01,9.177618473768234253e-02,-6.025385484099388123e-02,5.845820903778076172e-02,7.831138372421264648e-02,-4.828612133860588074e-02,-2.228267677128314972e-02,1.787508130073547363e-01,-1.432053628377616405e-03,5.896799266338348389e-03,-3.315472602844238281e-02,9.806189686059951782e-02,8.348908275365829468e-03,5.409840121865272522e-02,1.859165541827678680e-02,-5.792995542287826538e-02,1.373808979988098145e-01,-1.002134680747985840e-01,-1.548065524548292160e-02,2.243368774652481079e-01,4.639707505702972412e-02,1.101798340678215027e-01,6.957211345434188843e-02,-1.153076738119125366e-01,4.101812094449996948e-02,-3.745827078819274902e-02,-1.550975907593965530e-02,2.395890653133392334e-01,-7.244084775447845459e-02,-1.342703551054000854e-01,-2.394104003906250000e-02,-1.061162818223237991e-02,1.713446080684661865e-01,8.197402209043502808e-02,-6.745071709156036377e-02,1.774004250764846802e-01,-6.726226955652236938e-02,2.642011456191539764e-02,-7.916940748691558838e-02,7.359994947910308838e-02
-8.553732186555862427e-02,-1.972437091171741486e-02,-4.586248472332954407e-02,-9.938775002956390381e-02,-5.147936195135116577e-02,1.324547082185745239e-02,-2.337498813867568970e-01,-4.607125651091337204e-03,1.338126659393310547e-01,-5.307079479098320007e-02,-2.001023292541503906e-02,-1.266678571701049805e-01,-7.124511152505874634e-02,1.273398846387863159e-01,-2.295929491519927979e-01,-6.221289187669754028e-02,-1.095565482974052429e-01,1.381793022155761719e-01,1.545746028423309326e-01,1.394953131675720215e-01,-1.054923236370086670e-01,-2.181873470544815063e-02,-4.081051051616668701e-02,2.132233977317810059e-01,1.059973761439323425e-01,8.415652066469192505e-02,2.204304561018943787e-03,-6.233221665024757385e-02,-1.025959402322769165e-01,1.903516799211502075e-02,1.159872189164161682e-01,9.743607044219970703e-02,2.520306594669818878e-02,-6.927215307950973511e-02,1.078874543309211731e-01,4.652502760291099548e-02,1.673578098416328430e-02,-1.451777517795562744e-01,1.292069256305694580e-01,1.155711710453033447e-01,-1.086976602673530579e-01,1.207175776362419128e-01,1.552174147218465805e-02,2.258590608835220337e-02,3.048052266240119934e-02,-3.719240799546241760e-02,-9.643468074500560760e-03,5.691581219434738159e-02,1.636066585779190063e-01,-1.960622668266296387e-01,-1.089174151420593262e-01,3.674265369772911072e-02,-2.903396263718605042e-02,4.585202038288116455e-02,-1.264584157615900040e-02,3.115907311439514160e-03,-1.859260536730289459e-02,-7.971861958503723145e-02,-5.623180419206619263e-02,9.201619541272521019e-04,-9.655817598104476929e-02,-3.882259503006935120e-02,-1.780352294445037842e-01,1.089433953166007996e-01,1.904707103967666626e-01,2.810051105916500092e-02,4.876871034502983093e-02,5.956771597266197205e-02,-5.523717403411865234e-02,3.816528478637337685e-03,3.598107025027275085e-02,7.238787412643432617e-02,8.555111289024353027e-02,1.658318042755126953e-01,1.297790110111236572e-01,-1.953278928995132446e-01,2.786665596067905426e-02,-3.722621127963066101e-02,3.107013925909996033e-02,-1.919922605156898499e-02,8.355163782835006714e-02,-6.457380950450897217e-02,4.695727825164794922e-01,5.786609277129173279e-02,6.605903059244155884e-02,-1.145490929484367371e-01,-2.765095606446266174e-02,1.829004436731338501e-01,1.265595201402902603e-02,1.386653035879135132e-01,8.334055542945861816e-02,6.509605795145034790e-02,-1.184573695063591003e-01,8.386284112930297852e-02,3.849091753363609314e-02,8.291216939687728882e-02,2.463380694389343262e-01,1.648806333541870117e-01,-4.759447276592254639e-02,-1.059034615755081177e-01,-4.857541620731353760e-02,1.320360302925109863e-01,-1.525853276252746582e-01,9.628357738256454468e-02,-5.116127803921699524e-02,-8.085534721612930298e-02,-1.746217310428619385e-01,9.431660175323486328e-02,-1.022565439343452454e-01,-7.949765771627426147e-02,4.679616168141365051e-02,3.125014007091522217e-01,2.844996750354766846e-01,6.214938685297966003e-02,8.741085976362228394e-02,1.630085557699203491e-01,-1.370475441217422485e-01,-2.457296848297119141e-02,-4.682885855436325073e-02,2.969387471675872803e-01,2.214237116277217865e-02,2.462143078446388245e-03,3.153301775455474854e-02,-1.438351720571517944e-01,-1.136366799473762512e-01,-5.446059256792068481e-02,4.000696912407875061e-02,1.214146688580513000e-01,-8.917587995529174805e-02,-1.037747710943222046e-01,5.384822934865951538e-02,2.629710547626018524e-02,1.281540989875793457e-01,1.107026338577270508e-01,1.088505312800407410e-01,-2.772450679913163185e-04,-1.015706211328506470e-01,6.502886861562728882e-02,-9.751752763986587524e-02,1.515740752220153809e-01,9.509243071079254150e-02,7.080273330211639404e-02,-6.713852286338806152e-02,5.695676431059837341e-02,-5.230534076690673828e-02,-9.619457274675369263e-02,1.929309666156768799e-01,1.023944094777107239e-01,-2.385632880032062531e-02,-2.905376628041267395e-02,7.623553276062011719e-02,-2.061568386852741241e-02,-1.202095896005630493e-01,6.282765418291091919e-02,5.491301999427378178e-04,-1.497742906212806702e-02,-7.544284220784902573e-03,-2.716521546244621277e-02,7.203856855630874634e-02,-1.047049015760421753e-01,3.005709350109100342e-01,-1.158500388264656067e-01,-1.013663113117218018e-01,3.457507118582725525e-02,-4.031404387205839157e-03,1.709126830101013184e-01,1.721854205243289471e-03,-1.039583832025527954e-01,-1.224746461957693100e-02,2.976796925067901611e-01,1.483189128339290619e-02,-3.503106161952018738e-02,-4.720851033926010132e-02,-2.226497791707515717e-02,-5.923416838049888611e-02,-9.806009382009506226e-02,5.867981817573308945e-03,1.427022367715835571e-01,2.222232222557067871e-01,-6.388955563306808472e-02,-8.464524149894714355e-02,-1.452421844005584717e-01,2.084205895662307739e-01
2.126092091202735901e-03,-1.747910678386688232e-01,8.470248430967330933e-03,7.030821591615676880e-02,-1.348604112863540649e-01,-4.559407383203506470e-02,2.053552418947219849e-01,4.105958715081214905e-02,1.702236384153366089e-01,1.304965615272521973e-01,-2.635209448635578156e-02,2.274667471647262573e-01,-9.107806533575057983e-02,-1.797679215669631958e-01,-1.752532571554183960e-01,-1.688999533653259277e-01,-9.159942716360092163e-02,-3.554509952664375305e-02,-1.486456673592329025e-02,6.828302145004272461e-02,4.963510204106569290e-03,-1.444111019372940063e-02,4.802167043089866638e-02,3.091775625944137573e-02,-1.421791613101959229e-01,1.039871573448181152e-01,6.167661398649215698e-02,2.734601497650146484e-01,-2.233826927840709686e-02,-1.473434418439865112e-01,4.544494301080703735e-02,-8.070717751979827881e-02,-6.108374893665313721e-02,1.714768558740615845e-01,-7.987484335899353027e-02,5.856116488575935364e-02,-1.443524658679962158e-01,-2.427373081445693970e-03,-5.468902736902236938e-02,-8.494297415018081665e-02,3.797047585248947144e-02,-1.193849146366119385e-01,-1.040023416280746460e-01,-1.237941160798072815e-01,5.810026451945304871e-02,1.592071801424026489e-01,-7.474358379840850830e-02,2.006741269724443555e-04,7.256080210208892822e-02,1.510249264538288116e-02,7.879175990819931030e-02,1.950056403875350952e-01,5.854136496782302856e-02,-1.261950731277465820e-01,8.557412773370742798e-03,-8.766711503267288208e-02,-1.807381398975849152e-02,-3.915140777826309204e-02,-6.490056961774826050e-02,-6.931371986865997314e-02,-6.933962553739547729e-02,2.352632433176040649e-01,7.117246277630329132e-03,1.887308955192565918e-01,-4.459828138351440430e-02,-6.615748256444931030e-02,-4.074370861053466797e-02,4.931253194808959961e-02,9.872867166996002197e-02,-8.630231767892837524e-02,-9.984957426786422729e-02,-1.885924637317657471e-01,-1.012828871607780457e-01,1.242221966385841370e-01,-5.048081651329994202e-02,-8.840467035770416260e-02,1.849591615609824657e-03,6.047596782445907593e-02,1.850757151842117310e-01,4.785647243261337280e-02,-3.264011070132255554e-02,-4.430237412452697754e-02,-2.081120014190673828e-02,4.769169318024069071e-04,2.628891961649060249e-03,-7.884313352406024933e-03,1.190998554229736328e-01,1.344564259052276611e-01,9.201360493898391724e-02,-8.575470745563507080e-02,5.131354182958602905e-02,4.098733142018318176e-02,-2.041290700435638428e-01,1.199575364589691162e-01,-9.328346699476242065e-03,8.453247696161270142e-02,1.985052600502967834e-02,1.588841676712036133e-01,-2.642332576215267181e-02,-7.035825401544570923e-02,3.876218944787979126e-02,1.351416707038879395e-01,1.227430924773216248e-01,2.427220577374100685e-03,-8.155530691146850586e-02,-3.637167066335678101e-02,-1.338215321302413940e-01,2.896247431635856628e-02,5.375655367970466614e-02,-1.426010578870773315e-01,-8.498466014862060547e-02,2.302154153585433960e-01,1.092238873243331909e-01,1.199780851602554321e-01,-2.205241471529006958e-01,1.272135227918624878e-01,4.680838435888290405e-02,-1.285911351442337036e-02,-8.681745268404483795e-03,4.379113204777240753e-03,-2.845498621463775635e-01,1.231693923473358154e-01,-5.587593186646699905e-03,1.282997131347656250e-01,2.184301801025867462e-02,-3.800890594720840454e-02,1.285483092069625854e-01,-1.085572466254234314e-01,-1.438457667827606201e-01,-1.331215631216764450e-02,6.642832607030868530e-02,1.975308805704116821e-01,-6.123863533139228821e-02,1.271714568138122559e-01,1.290760003030300140e-02,-3.791518509387969971e-02,-4.159398749470710754e-02,2.232582420110702515e-01,5.754721164703369141e-02,-2.826817333698272705e-02,-1.461285073310136795e-02,1.191984191536903381e-01,-2.356663346290588379e-02,1.156396716833114624e-01,2.290067821741104126e-02,1.493434011936187744e-01,6.157121807336807251e-02,1.134433746337890625e-01,5.716783180832862854e-02,1.466238051652908325e-01,1.062838733196258545e-01,6.753553450107574463e-02,1.668320596218109131e-02,3.379758074879646301e-02,1.060997545719146729e-01,-1.604666113853454590e-01,-1.152287647128105164e-01,-1.214380636811256409e-01,-1.314553320407867432e-01,6.130101531744003296e-02,1.350962370634078979e-01,1.481733918190002441e-01,-1.254957318305969238e-01,6.743113696575164795e-02,1.574266999959945679e-01,-1.971558779478073120e-01,5.704593658447265625e-02,1.919430941343307495e-01,9.510991722345352173e-02,-9.558349847793579102e-02,1.258972585201263428e-01,-4.737221822142601013e-02,1.331072853645309806e-04,-8.087425678968429565e-02,-8.719243109226226807e-02,1.010612957179546356e-02,-1.396458148956298828e-01,-1.790335774421691895e-02,-8.946782350540161133e-02,-1.299976408481597900e-01,2.838939055800437927e-02,1.603793352842330933e-01,2.691406309604644775e-01
-3.265005946159362793e-01,-1.351153105497360229e-01,-6.278720498085021973e-02,6.347681581974029541e-02,3.597350791096687317e-03,4.978466406464576721e-02,-3.877142816781997681e-02,-1.224851384758949280e-01,-2.464370429515838623e-01,-4.858643934130668640e-02,1.525795757770538330e-01,7.201965153217315674e-02,3.412340767681598663e-03,6.902083009481430054e-02,8.155296556651592255e-03,-3.339827954769134521e-01,8.625945448875427246e-02,2.932448387145996094e-01,-9.317996911704540253e-03,-6.373286992311477661e-02,9.535767883062362671e-02,7.606106996536254883e-02,-2.264176309108734131e-02,8.325194567441940308e-02,-5.870214104652404785e-02,-1.588880717754364014e-01,8.314841985702514648e-02,1.401807069778442383e-01,2.074171751737594604e-01,-1.261005401611328125e-01,-1.250867247581481934e-01,-7.752465456724166870e-02,4.490416031330823898e-03,1.176253543235361576e-03,3.190260753035545349e-02,-6.141939759254455566e-02,6.652635335922241211e-02,-1.916501671075820923e-01,-2.717547118663787842e-02,-1.332232654094696045e-01,1.468516439199447632e-01,-9.085621684789657593e-02,2.563833817839622498e-02,-1.420676708221435547e-01,-1.657382696866989136e-01,-1.075545400381088257e-01,1.117712855339050293e-01,-5.782429594546556473e-03,1.229731459170579910e-02,1.679159031482413411e-04,9.322343021631240845e-02,-2.536616921424865723e-01,4.909285157918930054e-02,-7.954625785350799561e-02,-1.321687996387481689e-01,9.482971578836441040e-02,-7.825019955635070801e-02,1.894646673463284969e-03,2.868567407131195068e-02,-1.321008056402206421e-01,-1.164225116372108459e-02,-6.585851311683654785e-02,6.373047828674316406e-02,8.106175065040588379e-02,5.330134555697441101e-02,1.737831719219684601e-02,-1.129105016589164734e-01,2.766118617728352547e-03,-8.865737915039062500e-02,7.410827279090881348e-02,3.058146126568317413e-02,5.555653944611549377e-02,4.911156743764877319e-02,-9.655765257775783539e-03,-9.986662119626998901e-02,-2.954388223588466644e-02,8.067756891250610352e-02,9.783674776554107666e-02,7.633027434349060059e-02,2.836052514612674713e-02,-6.630618125200271606e-02,-1.478119473904371262e-02,3.468045219779014587e-02,3.726137802004814148e-02,-4.108016937971115112e-02,5.390183255076408386e-02,8.583231829106807709e-03,-6.275870651006698608e-02,7.158284634351730347e-02,-4.612581804394721985e-02,1.382236927747726440e-01,-5.724042654037475586e-02,1.819966733455657959e-01,-1.298704594373703003e-01,6.926503032445907593e-02,-2.620441019535064697e-01,7.275510579347610474e-02,1.976499706506729126e-01,-3.522124886512756348e-02,2.852894552052021027e-02,7.673978060483932495e-02,-1.565626077353954315e-02,1.048907339572906494e-01,7.393962144851684570e-02,7.179684191942214966e-02,1.637080162763595581e-01,-4.784239828586578369e-02,8.726543933153152466e-02,7.252708077430725098e-02,-1.683622747659683228e-01,6.013758853077888489e-02,-1.813291758298873901e-01,1.112646907567977905e-01,2.095683515071868896e-01,-1.756547838449478149e-01,-1.109562516212463379e-01,3.796369954943656921e-02,3.534915740601718426e-04,-7.550613582134246826e-02,-1.115342974662780762e-01,-4.716416820883750916e-02,9.795544296503067017e-02,-2.723511122167110443e-02,-1.224217638373374939e-01,-6.024907529354095459e-02,-1.244755908846855164e-01,5.567782372236251831e-02,8.201880753040313721e-02,1.354100704193115234e-01,2.420036308467388153e-02,2.272648215293884277e-01,-5.890805274248123169e-02,-9.655363112688064575e-02,-3.566677495837211609e-02,-7.776959985494613647e-02,1.721302568912506104e-01,5.997234955430030823e-02,-4.163237754255533218e-03,5.417121201753616333e-02,-1.232759952545166016e-01,-8.511801064014434814e-02,-5.254953354597091675e-02,-1.546789985150098801e-02,-5.272727832198143005e-02,-7.382105290889739990e-02,-1.233835071325302124e-01,-8.108057081699371338e-02,-1.900182068347930908e-01,1.403187215328216553e-01,1.169647201895713806e-01,-8.083312213420867920e-02,-1.401581428945064545e-02,-8.678434789180755615e-02,7.042356580495834351e-02,1.612340845167636871e-02,-1.955968290567398071e-01,2.037629019469022751e-03,-2.341933101415634155e-01,1.637365669012069702e-02,1.164696514606475830e-01,3.616639226675033569e-02,-6.132448464632034302e-02,-7.171797007322311401e-02,-5.204392224550247192e-02,-1.365013234317302704e-02,1.170789599418640137e-01,-1.174005642533302307e-01,2.772676572203636169e-02,-7.601688802242279053e-02,-6.515535712242126465e-02,-4.965164512395858765e-02,1.832552850246429443e-01,6.543329358100891113e-02,1.602829247713088989e-01,-1.334301084280014038e-01,1.352583616971969604e-01,-1.022580824792385101e-02,7.002972811460494995e-02,-2.918126434087753296e-02,-2.147284895181655884e-02,-6.221653148531913757e-02,9.947746060788631439e-03,1.395726352930068970e-01
-5.610471963882446289e-02,2.108127996325492859e-02,-1.503045856952667236e-01,-1.466400828212499619e-02,-5.505593493580818176e-02,-6.670384109020233154e-02,-1.599985808134078979e-01,-1.720433980226516724e-01,-3.277348354458808899e-03,-2.625028491020202637e-01,2.073171734809875488e-02,1.686493679881095886e-02,-2.574525959789752960e-02,4.325035586953163147e-02,-2.041863799095153809e-01,2.100614309310913086e-01,-1.644772943109273911e-03,2.758108973503112793e-01,2.163224220275878906e-01,1.282721906900405884e-01,2.932049930095672607e-01,7.918313890695571899e-02,1.366890221834182739e-01,-1.479856371879577637e-01,2.447724714875221252e-02,-1.839900761842727661e-01,-1.317598372697830200e-01,1.361250877380371094e-01,-1.749497489072382450e-03,2.226751111447811127e-02,3.755507245659828186e-02,-1.124596148729324341e-01,2.653900682926177979e-01,-8.183541893959045410e-02,-1.388135701417922974e-01,-3.094979375600814819e-02,-5.172994360327720642e-02,-4.043513908982276917e-03,4.438758268952369690e-02,1.034622713923454285e-01,-1.633401773869991302e-02,1.702018529176712036e-01,1.465838849544525146e-01,3.230974078178405762e-02,-1.532704383134841919e-01,-2.822576649487018585e-02,1.693702191114425659e-01,-1.053805500268936157e-01,1.847434043884277344e-02,7.658569514751434326e-02,-7.435576990246772766e-03,-1.918898075819015503e-01,-1.296649407595396042e-02,-1.470073312520980835e-01,-8.551469445228576660e-02,5.011103348806500435e-05,-2.359471656382083893e-02,2.848841622471809387e-02,-4.037133976817131042e-02,-1.891016066074371338e-01,-1.288389116525650024e-01,-2.180868685245513916e-01,-1.134774088859558105e-01,1.278918515890836716e-02,1.416312352375825867e-05,-1.529798060655593872e-01,9.541285783052444458e-02,4.820923507213592529e-02,7.378114759922027588e-02,-1.201946586370468140e-01,8.038544654846191406e-02,7.321309298276901245e-02,1.301455646753311157e-01,-2.354198321700096130e-02,-1.317874193191528320e-01,1.722053140401840210e-01,1.815970540046691895e-01,1.238865554332733154e-01,2.600909397006034851e-02,5.031564272940158844e-03,6.553947925567626953e-03,8.184111118316650391e-02,3.786405026912689209e-01,9.609261900186538696e-02,1.803030669689178467e-01,6.324585527181625366e-02,-4.898649174720048904e-03,6.145660299807786942e-03,8.066212385892868042e-02,-1.045503914356231689e-01,-4.175995662808418274e-02,-7.269177585840225220e-02,2.783221900463104248e-01,-9.431091696023941040e-02,3.050711937248706818e-02,-4.858326539397239685e-02,5.862569808959960938e-02,-1.555939614772796631e-01,-1.343088448047637939e-01,1.172860637307167053e-01,1.886478066444396973e-02,1.678449213504791260e-01,3.243182599544525146e-02,-1.410712748765945435e-01,2.277569174766540527e-01,-5.503681022673845291e-03,2.363767921924591064e-01,2.322349846363067627e-01,-3.932036086916923523e-02,-1.308308690786361694e-01,-7.745430618524551392e-02,3.316381275653839111e-01,1.540297083556652069e-02,-1.954248398542404175e-01,-2.251964248716831207e-02,-6.604474782943725586e-02,-4.751573316752910614e-03,8.000399917364120483e-02,-8.894717693328857422e-02,5.000453442335128784e-02,5.985914729535579681e-03,1.768564283847808838e-01,7.105777412652969360e-02,7.660624384880065918e-02,5.410396307706832886e-02,4.210723936557769775e-02,-1.047216951847076416e-01,-7.067163288593292236e-02,-5.870700255036354065e-02,-7.949104905128479004e-02,-1.091085467487573624e-02,4.135527461767196655e-02,-1.303302124142646790e-03,9.042012505233287811e-03,-9.598871320486068726e-02,-1.669622063636779785e-01,5.194428190588951111e-02,5.557977780699729919e-02,-6.566168367862701416e-02,2.108178846538066864e-02,-1.589791383594274521e-03,-1.362224966287612915e-01,8.713375031948089600e-02,1.476649194955825806e-01,-6.544710695743560791e-02,1.315761357545852661e-02,1.294598076492547989e-02,-1.597273051738739014e-01,7.758219540119171143e-02,2.424187064170837402e-01,-7.600883021950721741e-03,1.343836784362792969e-01,7.651732861995697021e-02,7.303615659475326538e-02,-1.330444663763046265e-01,-3.278261050581932068e-02,6.041532382369041443e-02,-8.724353276193141937e-03,-1.348110288381576538e-02,5.337199941277503967e-02,1.409550011157989502e-02,-7.104138284921646118e-02,-1.950987800955772400e-02,1.573726236820220947e-01,-7.980002462863922119e-02,1.520457416772842407e-01,-2.844391018152236938e-02,5.673768371343612671e-02,8.293781429529190063e-02,5.651865601539611816e-01,1.956052333116531372e-01,-9.742067009210586548e-02,-1.418437659740447998e-01,-1.367556490004062653e-02,-3.447927534580230713e-02,-1.148091554641723633e-01,1.455380469560623169e-01,-1.777768693864345551e-02,1.593319177627563477e-01,1.647418923676013947e-02,8.643094450235366821e-02,-2.251489460468292236e-01,7.985725998878479004e-02
-4.527264460921287537e-02,-5.293269082903862000e-02,-1.044843569397926331e-01,-9.638732671737670898e-02,-1.300898641347885132e-01,9.460357017815113068e-03,6.379162520170211792e-02,-9.042425453662872314e-02,2.089890837669372559e-01,1.542327851057052612e-01,-6.310391426086425781e-02,-9.601585566997528076e-03,6.583544611930847168e-02,-2.122247964143753052e-01,5.978571623563766479e-02,1.215546429157257080e-01,-1.290667653083801270e-01,-1.277953945100307465e-02,-6.019008904695510864e-02,4.120944812893867493e-02,-9.252966195344924927e-02,-1.988273411989212036e-01,8.784572035074234009e-02,-2.029223553836345673e-02,-5.314439535140991211e-03,1.726952791213989258e-01,1.105046048760414124e-01,-2.282942645251750946e-02,6.453238427639007568e-02,1.780047453939914703e-02,1.079058721661567688e-01,2.426949329674243927e-02,5.304961651563644409e-02,7.921351492404937744e-02,1.276346892118453979e-01,1.210393849760293961e-02,4.593725129961967468e-02,-1.735199093818664551e-01,3.354447707533836365e-02,6.067741662263870239e-02,-8.117276430130004883e-02,1.339599192142486572e-01,-1.469317078590393066e-02,5.016249045729637146e-02,-5.454883351922035217e-02,-1.217545047402381897e-01,2.053371816873550415e-02,-2.172085456550121307e-02,1.213821768760681152e-02,-4.792115464806556702e-02,-4.296170920133590698e-02,-2.321081049740314484e-02,1.369386613368988037e-01,-1.997150331735610962e-01,-3.564716503024101257e-02,7.918897271156311035e-02,9.840208105742931366e-03,-3.963823989033699036e-02,9.120628237724304199e-02,1.525379568338394165e-01,-3.426122292876243591e-02,-1.449988335371017456e-01,2.728740219026803970e-03,2.045270502567291260e-01,-4.403193295001983643e-02,-1.827509328722953796e-02,1.208205521106719971e-01,-3.493424877524375916e-02,9.164743125438690186e-02,-1.323464959859848022e-01,3.602353483438491821e-02,-1.110766641795635223e-02,-4.594121500849723816e-02,-2.245997777208685875e-03,-1.922033429145812988e-01,-2.458031475543975830e-02,1.280044019222259521e-01,5.746344849467277527e-02,-1.033730879426002502e-01,-4.594798665493726730e-03,-2.899117209017276764e-02,1.111025214195251465e-01,-1.032671928405761719e-01,3.323599323630332947e-02,-1.695528179407119751e-01,-1.051809787750244141e-01,1.152976006269454956e-01,5.447964370250701904e-02,-6.361255049705505371e-02,3.570051491260528564e-02,6.794396042823791504e-02,3.803471103310585022e-02,1.566725075244903564e-01,-5.428308621048927307e-02,3.926400467753410339e-02,2.184151485562324524e-02,-2.854975871741771698e-02,4.429526161402463913e-03,4.518236964941024780e-02,9.449993818998336792e-02,2.375583723187446594e-02,-3.706480935215950012e-02,6.156458333134651184e-02,-3.619212657213211060e-02,-7.754454016685485840e-02,1.486868262290954590e-01,7.540108263492584229e-02,8.947346359491348267e-02,6.340670585632324219e-02,-2.301960811018943787e-02,-7.342564314603805542e-02,-1.941855438053607941e-02,2.313638338819146156e-03,-2.966567315161228180e-02,4.675877839326858521e-02,1.607365459203720093e-01,1.326435059309005737e-01,3.771481290459632874e-02,-7.170412689447402954e-02,5.805931612849235535e-02,-2.479743212461471558e-02,-1.237198431044816971e-02,1.208824664354324341e-01,4.994812980294227600e-02,9.225460700690746307e-03,-2.150653861463069916e-02,1.821331307291984558e-02,9.231311827898025513e-02,9.993492066860198975e-02,2.989364601671695709e-02,1.406498369760811329e-03,-3.590542823076248169e-02,-9.942742064595222473e-03,-7.619635015726089478e-02,5.854447185993194580e-02,-5.620755255222320557e-02,9.512295573949813843e-02,1.453363243490457535e-02,4.903653264045715332e-02,-2.035463601350784302e-02,1.537761390209197998e-01,-3.141284361481666565e-02,2.800975553691387177e-02,1.974755823612213135e-01,-4.315710160881280899e-03,4.609883949160575867e-02,2.542420290410518646e-02,4.285529628396034241e-02,-4.292919114232063293e-02,-1.377144902944564819e-01,1.473308652639389038e-01,-1.571403294801712036e-01,6.027287244796752930e-02,-9.946931153535842896e-02,6.537567079067230225e-02,6.861437112092971802e-02,-1.776421964168548584e-01,-7.206106185913085938e-02,-2.609449997544288635e-02,6.479798816144466400e-03,2.152930945158004761e-02,-9.646026045083999634e-02,1.011651530861854553e-01,8.012278378009796143e-02,7.325712591409683228e-02,8.973636478185653687e-02,-5.457524210214614868e-02,-1.209855154156684875e-01,2.054069638252258301e-01,1.115991771221160889e-01,-4.377941414713859558e-02,1.242745891213417053e-01,-1.808928139507770538e-02,-2.577311731874942780e-02,-3.608719632029533386e-02,5.196967162191867828e-03,5.682162567973136902e-02,-5.896544083952903748e-02,-2.598979137837886810e-02,-1.314838677644729614e-01,8.320976793766021729e-02,-1.467600231990218163e-03,-8.939635008573532104e-02
-8.449617773294448853e-02,6.754536926746368408e-02,1.069409698247909546e-01,2.107314020395278931e-01,-1.681466847658157349e-01,-2.043686658143997192e-01,-9.452164918184280396e-02,-8.089850842952728271e-02,-2.857707999646663666e-02,9.783910214900970459e-02,-1.082421839237213135e-01,1.265792995691299438e-01,6.496436893939971924e-02,-1.700917482376098633e-01,6.655754148960113525e-02,1.003985926508903503e-01,6.041066371835768223e-04,-8.557918667793273926e-02,8.589592576026916504e-02,-9.431689232587814331e-02,3.830343112349510193e-02,-1.476023346185684204e-01,2.414334937930107117e-02,1.046362332999706268e-02,9.994157403707504272e-02,1.628347113728523254e-02,3.060518577694892883e-02,2.820699475705623627e-02,1.085743010044097900e-01,6.623955816030502319e-02,1.721698790788650513e-01,-8.948174864053726196e-02,-1.260028630495071411e-01,-4.086361080408096313e-02,-1.265674233436584473e-01,-1.375522650778293610e-02,-1.123414486646652222e-01,-3.039132244884967804e-02,6.291956454515457153e-02,6.214806064963340759e-02,4.105672985315322876e-02,-7.181180268526077271e-02,-7.575951516628265381e-02,3.757106512784957886e-02,1.178624033927917480e-01,-4.074681922793388367e-02,-1.371975429356098175e-02,1.223637722432613373e-02,5.428905040025711060e-02,-9.778037667274475098e-02,-1.519899219274520874e-01,6.466104090213775635e-02,-1.820951886475086212e-02,-2.594462223351001740e-02,-6.621631234884262085e-02,-1.427151560783386230e-01,-7.560728490352630615e-02,3.266534507274627686e-01,-1.735181733965873718e-02,6.580836325883865356e-02,3.950681537389755249e-02,7.629630714654922485e-02,4.654152318835258484e-02,-3.343706950545310974e-02,-1.839678175747394562e-02,2.104746103286743164e-01,-1.061320379376411438e-01,-9.331603348255157471e-02,-4.352962970733642578e-02,-6.066258065402507782e-03,-8.201681077480316162e-02,-9.386128932237625122e-02,-8.826480805873870850e-02,5.358962714672088623e-02,2.263046428561210632e-02,-3.743861988186836243e-02,-1.070026010274887085e-01,-9.750158339738845825e-02,2.890573441982269287e-01,-5.157629027962684631e-02,-7.872053235769271851e-02,2.225761488080024719e-02,-4.379091784358024597e-02,4.321340844035148621e-02,-2.043359726667404175e-02,-1.277792304754257202e-01,-3.273981437087059021e-02,1.938311755657196045e-01,1.733503863215446472e-02,-9.501195698976516724e-02,-6.179489195346832275e-02,-9.969271719455718994e-03,7.092192769050598145e-02,-8.244671672582626343e-02,-1.482916325330734253e-01,5.828373134136199951e-02,-8.621016144752502441e-02,-6.907821446657180786e-02,5.043014138936996460e-02,-5.383360385894775391e-02,-1.212508827447891235e-01,2.906716763973236084e-01,8.863008581101894379e-03,1.083797067403793335e-01,5.993498116731643677e-02,1.478021149523556232e-03,-1.212784051895141602e-01,-5.222627893090248108e-03,-6.228738650679588318e-02,-3.723915293812751770e-02,-8.795215189456939697e-02,-9.306523203849792480e-02,-6.216724589467048645e-02,-6.107905413955450058e-03,9.595717489719390869e-02,-6.027634814381599426e-02,1.016287207603454590e-01,1.325856000185012817e-01,6.465650349855422974e-02,-3.269698470830917358e-02,2.702972292900085449e-02,-3.948171809315681458e-02,5.488678067922592163e-02,-4.721032828092575073e-02,1.392905414104461670e-02,1.612620651721954346e-01,3.784088790416717529e-02,1.996829658746719360e-01,-1.763671636581420898e-02,-4.801160842180252075e-02,-7.710468769073486328e-02,4.067412018775939941e-02,3.431611880660057068e-02,-1.776542142033576965e-02,-6.748505681753158569e-02,2.748142182826995850e-02,1.254125684499740601e-02,-6.788814067840576172e-02,1.670945733785629272e-01,5.390672013163566589e-02,-1.566364616155624390e-01,-2.292617782950401306e-02,-1.562988013029098511e-01,1.591825634241104126e-01,1.979779452085494995e-01,5.036789178848266602e-02,-1.664087623357772827e-01,9.779544174671173096e-02,2.710117027163505554e-02,2.322793006896972656e-03,-1.678025908768177032e-02,1.476553380489349365e-01,4.104709997773170471e-02,1.692462898790836334e-02,-8.073143661022186279e-02,-9.508807957172393799e-02,6.193994544446468353e-03,1.342542916536331177e-01,7.151643931865692139e-02,6.169606745243072510e-02,3.587580472230911255e-02,9.212542325258255005e-02,-5.836046859622001648e-02,8.632820844650268555e-02,8.244285359978675842e-03,1.909086853265762329e-02,-9.730702638626098633e-02,-1.237402409315109253e-01,2.483765035867691040e-01,6.639535725116729736e-02,-3.402975946664810181e-02,3.880403563380241394e-02,-8.425160497426986694e-02,-3.682812675833702087e-03,-5.653053522109985352e-03,-5.955983698368072510e-02,8.589601144194602966e-03,3.834912180900573730e-02,-5.768598988652229309e-02,1.390628367662429810e-01,-3.087978996336460114e-02,-5.347795784473419189e-02,-5.053358152508735657e-02
2.971239984035491943e-01,1.641235896386206150e-03,5.462734494358301163e-03,-6.126839667558670044e-02,-1.593434512615203857e-01,4.964230209589004517e-02,1.614498794078826904e-01,1.130580995231866837e-02,8.706342428922653198e-02,-4.926532506942749023e-02,-1.128295585513114929e-01,-1.257367432117462158e-02,1.176051497459411621e-01,1.811302155256271362e-01,-5.582971125841140747e-02,7.790163904428482056e-02,-3.665538132190704346e-02,-6.766640394926071167e-02,2.668210864067077637e-01,5.245172232389450073e-02,-1.055889297276735306e-02,1.040570531040430069e-02,-5.891508981585502625e-02,6.429216265678405762e-02,-7.914402335882186890e-02,-8.402873761951923370e-03,-1.085315570235252380e-01,-3.563531115651130676e-02,-3.508851826190948486e-01,-2.107238583266735077e-02,5.988357588648796082e-02,3.502831161022186279e-01,8.334266021847724915e-04,9.993769228458404541e-02,-2.323056198656558990e-02,6.037193909287452698e-02,1.351640522480010986e-01,1.549659669399261475e-01,1.335335224866867065e-01,-6.868295837193727493e-03,5.049170553684234619e-02,-1.564026325941085815e-01,-8.064696192741394043e-02,2.694731811061501503e-03,-4.782878607511520386e-02,-2.676688320934772491e-02,-2.732176482677459717e-01,-3.193069947883486748e-03,-8.086668699979782104e-02,-1.013132929801940918e-01,5.894828587770462036e-02,4.477652907371520996e-02,-1.692675054073333740e-01,-8.120746910572052002e-02,2.521021477878093719e-02,-7.189837843179702759e-02,-1.314020752906799316e-01,-4.897538200020790100e-02,-2.136799395084381104e-01,7.932028919458389282e-02,3.751331940293312073e-02,1.121959909796714783e-01,7.901252061128616333e-02,1.003266870975494385e-01,-2.365778833627700806e-01,7.422912120819091797e-02,4.168349504470825195e-02,1.603822559118270874e-01,2.507739886641502380e-02,1.914211083203554153e-03,-3.387305140495300293e-01,5.022070929408073425e-02,-1.083748489618301392e-01,-1.018724516034126282e-01,1.255409209989011288e-03,1.621988415718078613e-01,-4.667392931878566742e-03,-2.053781449794769287e-01,4.714221507310867310e-02,-4.414819180965423584e-02,-2.499265670776367188e-01,-3.966597840189933777e-02,3.838939964771270752e-02,1.471943338401615620e-03,-1.973398923873901367e-01,8.144060522317886353e-02,2.078208178281784058e-01,-2.892822492867708206e-03,1.511819809675216675e-01,-1.016651168465614319e-01,-4.699762165546417236e-02,-1.957882344722747803e-01,-6.174007803201675415e-02,9.271875023841857910e-02,1.483334004878997803e-01,7.314638048410415649e-02,-1.940933912992477417e-01,-7.916811853647232056e-02,-1.553747616708278656e-02,-1.798432916402816772e-01,9.709692746400833130e-02,-1.202876493334770203e-01,1.354867070913314819e-01,5.996759608387947083e-02,-1.813145428895950317e-01,2.852628007531166077e-02,-5.575862154364585876e-02,-1.449998235329985619e-03,4.991044476628303528e-02,-1.041075661778450012e-01,4.930021986365318298e-02,9.988084435462951660e-02,-6.730635464191436768e-02,7.244748622179031372e-02,1.201945319771766663e-01,4.697191342711448669e-02,1.742540597915649414e-01,-2.124631404876708984e-01,-9.115330129861831665e-02,1.568320244550704956e-01,-8.894629776477813721e-02,-3.847187459468841553e-01,-6.953763216733932495e-02,-5.585811659693717957e-02,-4.567649587988853455e-02,-8.393247425556182861e-02,-6.441340316087007523e-03,1.194364507682621479e-03,5.419740453362464905e-03,1.296137925237417221e-02,2.059334069490432739e-01,-5.067360028624534607e-02,1.855115145444869995e-01,1.327532231807708740e-01,-2.429869025945663452e-01,1.214872971177101135e-01,1.281266957521438599e-01,-9.352545440196990967e-02,4.842786118388175964e-02,-1.376865059137344360e-01,2.126100659370422363e-01,-1.831795647740364075e-02,-1.069899182766675949e-02,2.182665616273880005e-01,9.221781045198440552e-03,-3.169503808021545410e-02,1.477687209844589233e-01,8.759702742099761963e-02,1.377672553062438965e-01,-1.614733599126338959e-02,-6.296811252832412720e-02,-1.083456575870513916e-01,-1.845794729888439178e-02,6.851793080568313599e-02,1.193784102797508240e-01,5.194287514314055443e-04,-1.727534830570220947e-01,-2.841645665466785431e-02,2.996464669704437256e-01,-2.304518222808837891e-01,-8.687295764684677124e-02,2.416029199957847595e-02,-1.239605620503425598e-01,9.165154397487640381e-02,-6.459967792034149170e-02,-2.487241849303245544e-02,-4.188977554440498352e-02,1.033009588718414307e-01,-6.739529967308044434e-02,-1.451657060533761978e-02,2.796366252005100250e-02,7.850768417119979858e-02,5.287562310695648193e-02,1.580350100994110107e-02,2.456601895391941071e-02,1.544087845832109451e-02,-8.721950650215148926e-02,1.001326665282249451e-01,2.714018523693084717e-01,-9.784031659364700317e-02,2.542927116155624390e-02,-8.602267503738403320e-02,2.931082062423229218e-02
4.076929762959480286e-02,5.774571001529693604e-02,-4.499973356723785400e-02,4.202366620302200317e-02,-6.451165676116943359e-02,-1.997535116970539093e-03,-8.832212537527084351e-02,-3.305169939994812012e-02,1.924291849136352539e-01,7.609593681991100311e-03,7.253835350275039673e-02,3.754346817731857300e-02,3.201509416103363037e-01,1.332474946975708008e-01,-1.756701618432998657e-01,-2.298920601606369019e-01,1.244526952505111694e-01,1.721031665802001953e-01,-1.109245792031288147e-01,8.765385299921035767e-02,-2.007325412705540657e-03,-4.527833685278892517e-02,9.980088099837303162e-03,-1.119685545563697815e-01,-6.328389048576354980e-02,4.960857704281806946e-02,2.204315364360809326e-01,-2.099085450172424316e-01,-6.386377662420272827e-02,-4.368606954813003540e-03,9.245479851961135864e-02,-1.014320924878120422e-01,1.535792946815490723e-01,6.417905539274215698e-02,-5.535303428769111633e-02,-8.799977600574493408e-02,7.788765430450439453e-02,-1.735925972461700439e-01,-1.530064940452575684e-01,1.205535903573036194e-01,5.496273189783096313e-02,1.244096457958221436e-01,-1.417486928403377533e-02,-9.750681929290294647e-03,-3.944960609078407288e-02,-5.062853451818227768e-04,3.189802542328834534e-02,1.645264923572540283e-01,-2.512614615261554718e-02,-1.078536286950111389e-01,1.047928258776664734e-02,7.540217041969299316e-02,-7.655481249094009399e-02,-2.176125198602676392e-01,4.476494714617729187e-02,-1.190179884433746338e-01,-8.797426521778106689e-02,-9.941980987787246704e-02,5.942640826106071472e-02,7.951454818248748779e-02,8.254767209291458130e-02,1.300992816686630249e-01,-1.678252518177032471e-01,7.412994652986526489e-02,-1.773434691131114960e-02,-3.780435398221015930e-02,7.714212406426668167e-03,-1.406779438257217407e-01,7.884789258241653442e-02,-2.533195912837982178e-01,-3.505647927522659302e-02,2.711559832096099854e-01,1.847968101501464844e-01,-4.850804433226585388e-02,-7.923088222742080688e-02,-4.602950811386108398e-02,-5.665247887372970581e-02,-1.149724945425987244e-01,-1.010700389742851257e-01,5.013796687126159668e-02,-1.315519362688064575e-01,-7.697028666734695435e-02,-8.812142908573150635e-02,1.175101567059755325e-02,3.023625165224075317e-02,9.895513206720352173e-02,-1.388146579265594482e-01,-1.250095963478088379e-01,1.302345842123031616e-01,1.702700555324554443e-02,-2.737021744251251221e-01,-1.569407731294631958e-01,8.626473695039749146e-02,2.353516221046447754e-02,-1.571841984987258911e-01,1.230378299951553345e-01,2.599163353443145752e-01,1.335172057151794434e-01,8.403440564870834351e-02,-1.466338038444519043e-01,7.421221584081649780e-02,-4.480979591608047485e-02,2.099602669477462769e-01,-8.008635789155960083e-02,1.537747830152511597e-01,2.482573390007019043e-01,2.986375801265239716e-02,5.763298273086547852e-02,-7.758175581693649292e-02,-6.757447123527526855e-02,-5.981260910630226135e-02,-1.613374501466751099e-01,-5.182416737079620361e-02,8.513808995485305786e-02,-1.145043820142745972e-01,-9.286094456911087036e-02,-3.252318874001502991e-02,-1.399440318346023560e-01,3.716008663177490234e-01,-1.426501572132110596e-01,1.159511432051658630e-01,-2.535698935389518738e-02,2.262691594660282135e-02,1.113363057374954224e-01,8.862303197383880615e-02,-5.411218106746673584e-02,-7.424322515726089478e-02,6.581803411245346069e-02,-1.910158544778823853e-01,5.781966075301170349e-02,-1.028906274586915970e-02,-1.925836689770221710e-02,-1.464528888463973999e-01,-1.890809386968612671e-01,3.310954570770263672e-02,7.191409356892108917e-03,-7.552356272935867310e-02,-7.470625638961791992e-02,1.387128382921218872e-01,1.166769266128540039e-01,-3.499329090118408203e-02,3.445046022534370422e-02,6.504104286432266235e-02,2.497091889381408691e-01,-4.660763218998908997e-02,8.296901732683181763e-02,-5.840556696057319641e-02,8.092293515801429749e-03,-3.228856623172760010e-02,1.133900135755538940e-01,7.472039014101028442e-02,-5.743587855249643326e-03,-1.195507273077964783e-01,-1.190305426716804504e-01,-2.574565261602401733e-02,-5.065876990556716919e-03,1.364095509052276611e-01,1.246517151594161987e-01,1.530858427286148071e-01,-9.571059793233871460e-02,-1.913040317595005035e-02,-5.636151880025863647e-02,1.247648820281028748e-01,-1.194864418357610703e-02,2.398270554840564728e-02,1.184603348374366760e-01,9.898554533720016479e-02,-9.785953164100646973e-02,-3.043753206729888916e-01,1.678123138844966888e-02,-2.459509670734405518e-02,-1.501324679702520370e-02,-5.404103174805641174e-02,-1.815121807157993317e-02,-2.061617560684680939e-02,1.413900256156921387e-01,-6.285554170608520508e-02,1.671909242868423462e-01,-2.256155200302600861e-02,-1.888146698474884033e-01,-1.203559488058090210e-01,4.605410154908895493e-03,-1.367014199495315552e-01
2.102687209844589233e-02,3.635373339056968689e-02,2.245243191719055176e-01,-2.538600862026214600e-01,1.115580322220921516e-03,-1.350231915712356567e-01,2.895315550267696381e-02,-1.122075039893388748e-02,2.698284108191728592e-03,1.498716622591018677e-01,-6.433415412902832031e-02,3.219858556985855103e-02,-4.930971562862396240e-02,4.145308956503868103e-02,-1.330174505710601807e-01,-8.322127163410186768e-02,-1.163017377257347107e-02,1.414900571107864380e-01,9.762233495712280273e-02,-3.311665728688240051e-02,2.548534190282225609e-03,1.332159191370010376e-01,-4.212023317813873291e-02,1.469604820013046265e-01,-1.647847741842269897e-01,-7.782877981662750244e-02,-2.533746659755706787e-01,1.056288853287696838e-01,6.049723178148269653e-02,9.852688014507293701e-02,3.813096135854721069e-02,2.630444802343845367e-02,-1.541756745427846909e-02,2.016149014234542847e-01,-2.015053778886795044e-01,1.424182504415512085e-01,-1.529383752495050430e-02,-3.488171845674514771e-02,-1.714429445564746857e-02,-7.124177366495132446e-02,9.122274070978164673e-02,-1.596189737319946289e-01,-1.502069383859634399e-01,6.843341980129480362e-03,-1.136666610836982727e-01,-7.550374418497085571e-02,1.341740041971206665e-01,7.804568111896514893e-02,-6.021353974938392639e-02,-5.076804757118225098e-02,-4.913375247269868851e-03,-7.929661870002746582e-02,3.003690578043460846e-02,4.222124069929122925e-02,8.677730709314346313e-02,8.901061117649078369e-02,1.220171805471181870e-02,-1.118991822004318237e-01,-4.792789369821548462e-02,-4.126854240894317627e-02,-3.973374143242835999e-03,9.945763275027275085e-03,1.945656090974807739e-01,8.062361180782318115e-02,-8.309076726436614990e-02,7.595700770616531372e-02,4.772419482469558716e-02,2.468226104974746704e-02,-1.123392879962921143e-01,1.486122701317071915e-02,-2.591873332858085632e-02,1.666943877935409546e-01,-2.056335657835006714e-01,-6.023021042346954346e-02,-1.177258640527725220e-01,2.880799770355224609e-01,2.288328856229782104e-02,-2.352491486817598343e-03,-3.669514134526252747e-02,-1.003797650337219238e-01,-1.397880911827087402e-01,2.401064150035381317e-02,2.912128344178199768e-02,-1.406130939722061157e-01,7.240369915962219238e-02,-8.835301548242568970e-02,1.330242156982421875e-01,9.208679199218750000e-02,1.868093758821487427e-01,1.634719222784042358e-01,1.334366202354431152e-02,-6.947248429059982300e-02,1.023626998066902161e-01,7.388584315776824951e-02,1.627945806831121445e-03,1.335822194814682007e-01,1.541993580758571625e-02,1.849588565528392792e-02,4.300912097096443176e-02,1.010852027684450150e-02,7.516522705554962158e-02,9.610556811094284058e-02,-6.052604690194129944e-02,6.922022253274917603e-02,-1.807695627212524414e-01,1.146743744611740112e-01,2.582509629428386688e-02,-4.483097419142723083e-02,8.389846980571746826e-02,-8.289404213428497314e-02,-1.586287096142768860e-02,6.666429340839385986e-02,5.560350790619850159e-02,-1.257849931716918945e-01,1.645039170980453491e-01,-1.210820153355598450e-01,1.906011998653411865e-02,-7.897996157407760620e-02,6.464477628469467163e-02,3.947708010673522949e-02,-2.868782542645931244e-02,1.062007620930671692e-01,-1.695389896631240845e-01,-6.718630436807870865e-03,-9.070456027984619141e-02,-7.314937561750411987e-02,1.057551354169845581e-01,-1.375365108251571655e-01,-1.297861188650131226e-01,-1.125556454062461853e-01,6.594069302082061768e-03,-1.011754721403121948e-01,4.100177064538002014e-02,2.349224686622619629e-01,-6.194971501827239990e-02,2.632486447691917419e-02,1.601143777370452881e-01,3.251580893993377686e-02,8.222340606153011322e-03,8.975079655647277832e-02,3.386143594980239868e-02,-1.621877998113632202e-01,2.508985996246337891e-01,1.139412894845008850e-01,-1.011086031794548035e-01,-6.242114305496215820e-02,3.597926348447799683e-02,5.177939683198928833e-02,2.650877833366394043e-02,6.595852226018905640e-02,-5.293370038270950317e-02,1.313533633947372437e-01,-1.360896229743957520e-01,1.950558573007583618e-01,2.158475480973720551e-02,-4.226678609848022461e-02,-3.795968368649482727e-02,1.431817933917045593e-02,-1.878015100955963135e-01,3.417788818478584290e-02,8.960908651351928711e-02,-7.348948717117309570e-02,4.451572895050048828e-02,1.144268661737442017e-01,-3.152226284146308899e-02,9.037850052118301392e-02,-1.278074830770492554e-01,3.258213028311729431e-02,1.790248602628707886e-01,6.506804376840591431e-02,5.302622914314270020e-02,6.783928722143173218e-02,2.247637808322906494e-01,1.323987692594528198e-01,-7.624676823616027832e-02,-4.656122997403144836e-03,-5.488219857215881348e-02,-9.669912047684192657e-03,8.037475496530532837e-02,3.190991282463073730e-02,4.812929034233093262e-02,7.717176526784896851e-02,-3.537316992878913879e-02
1.054447740316390991e-01,1.749261021614074707e-01,-1.828072592616081238e-02,-5.788119975477457047e-03,9.974380582571029663e-02,-3.260517865419387817e-02,-4.521948471665382385e-02,2.041701227426528931e-01,4.799235612154006958e-02,1.926879212260246277e-02,-1.538996025919914246e-02,2.569703757762908936e-01,-4.295641928911209106e-02,1.810885965824127197e-01,7.827691733837127686e-02,1.653328835964202881e-01,-4.911147803068161011e-02,2.020137198269367218e-02,-1.380417197942733765e-01,7.489518076181411743e-02,-2.176019400358200073e-01,-5.800670385360717773e-02,-2.129293829202651978e-01,1.639159172773361206e-01,-7.931552082300186157e-02,1.033491790294647217e-01,-6.663826107978820801e-02,4.203113913536071777e-02,2.043521255254745483e-01,-2.196142822504043579e-02,5.356109514832496643e-02,-5.661494657397270203e-02,-1.241495907306671143e-01,-1.566743403673171997e-01,-1.007183864712715149e-01,-3.170931339263916016e-02,7.292333245277404785e-02,-4.007412493228912354e-02,-3.179106861352920532e-02,2.128376513719558716e-01,-2.940440922975540161e-02,9.681206196546554565e-02,-1.859704554080963135e-01,9.571149200201034546e-02,-1.125255040824413300e-02,1.491963118314743042e-01,-1.267072111368179321e-01,9.620376676321029663e-02,6.050371378660202026e-02,-3.392926231026649475e-02,-1.784135401248931885e-02,1.942518167197704315e-02,1.534295976161956787e-01,-3.553064540028572083e-02,7.605886086821556091e-03,2.405289262533187866e-01,1.440753340721130371e-01,-5.403231456875801086e-02,6.777093745768070221e-03,-1.369034200906753540e-01,4.633962363004684448e-02,-1.852822303771972656e-01,7.535819895565509796e-03,-1.675905883312225342e-01,-1.167694404721260071e-01,9.916333109140396118e-02,-3.330899029970169067e-02,-1.695635020732879639e-01,-1.040428727865219116e-01,1.323178410530090332e-02,2.446065843105316162e-02,1.336067616939544678e-01,-2.196678519248962402e-02,7.469820231199264526e-02,-2.306731045246124268e-01,-1.562806814908981323e-01,-6.802683323621749878e-02,-8.312407135963439941e-02,8.482723683118820190e-02,1.228163018822669983e-01,-3.864188864827156067e-02,-4.542024433612823486e-02,-1.495268568396568298e-02,-2.178833186626434326e-01,6.163815408945083618e-02,8.269091136753559113e-03,7.664964348077774048e-02,7.520297169685363770e-02,-1.285286992788314819e-01,3.420123457908630371e-02,1.756136678159236908e-02,7.939648628234863281e-02,1.955030485987663269e-02,1.735062920488417149e-03,-1.425255537033081055e-01,-3.259833157062530518e-02,-5.616695061326026917e-02,5.705572292208671570e-02,-5.724286660552024841e-03,-2.641238272190093994e-01,5.592550337314605713e-02,-1.338057070970535278e-01,-1.040097773075103760e-01,1.564167067408561707e-02,-7.307892292737960815e-02,1.682393103837966919e-01,1.159986630082130432e-01,-9.890893101692199707e-02,-1.986792683601379395e-02,9.619119763374328613e-02,5.758823454380035400e-02,-1.237714886665344238e-01,-1.347189098596572876e-01,7.826227694749832153e-02,-3.146497532725334167e-02,-1.540087861940264702e-03,1.723518520593643188e-01,-4.213801026344299316e-02,9.178503602743148804e-02,-7.723927497863769531e-02,-2.739673294126987457e-02,9.679553657770156860e-02,1.388645544648170471e-02,3.369701281189918518e-02,-1.463565528392791748e-01,5.717507004737854004e-02,-6.883044540882110596e-02,-6.671494245529174805e-02,-5.342136323451995850e-02,1.165084242820739746e-01,1.219159066677093506e-01,1.087097544223070145e-02,8.736864663660526276e-03,-1.726779788732528687e-01,2.699922323226928711e-01,-2.139002680778503418e-01,-1.479090843349695206e-02,1.057406887412071228e-01,1.434836387634277344e-01,-3.401627019047737122e-02,1.654639095067977905e-01,-1.563088148832321167e-01,3.469450026750564575e-02,-1.706756949424743652e-01,-7.184343039989471436e-02,-3.318097442388534546e-02,4.914649575948715210e-02,-3.233161196112632751e-02,2.163600027561187744e-01,9.444388747215270996e-02,2.256519347429275513e-01,-7.197189331054687500e-02,-9.387465566396713257e-02,3.367156535387039185e-02,9.699302166700363159e-02,-1.906977035105228424e-02,2.636262960731983185e-02,7.146368920803070068e-02,6.780699640512466431e-02,-1.612017154693603516e-01,-9.579987078905105591e-02,-5.932629108428955078e-02,3.367372974753379822e-02,-5.010072514414787292e-02,-1.171881034970283508e-01,-4.288678243756294250e-02,-3.484748303890228271e-02,-8.263540267944335938e-02,7.295607030391693115e-02,-1.015828549861907959e-01,3.337267786264419556e-02,-5.628117173910140991e-02,-8.282463997602462769e-02,-2.036917768418788910e-02,-1.319439709186553955e-01,6.049062684178352356e-02,2.813586592674255371e-02,-2.666398510336875916e-02,-1.142297089099884033e-01,2.721447870135307312e-02,-1.415681187063455582e-02,-5.805503949522972107e-02,-1.927025318145751953e-01
1.202042214572429657e-02,-5.299710854887962341e-02,2.967767231166362762e-02,1.438526809215545654e-01,-5.671258643269538879e-02,-4.514565691351890564e-02,-7.050231099128723145e-03,-4.425981268286705017e-02,-1.992658376693725586e-01,1.061573326587677002e-01,-4.789471626281738281e-02,-1.026853453367948532e-02,-4.212481901049613953e-02,3.938044607639312744e-02,1.796992421150207520e-01,1.274487823247909546e-01,-1.172480359673500061e-01,5.950158834457397461e-02,9.964311867952346802e-02,-7.659891992807388306e-02,1.726396828889846802e-01,-1.736386120319366455e-01,2.445216663181781769e-02,1.429130733013153076e-01,-1.850695610046386719e-01,3.227256983518600464e-02,-4.260078817605972290e-02,1.320181488990783691e-01,1.111111119389533997e-01,-5.126274377107620239e-02,-1.516655534505844116e-01,-6.140671670436859131e-02,1.004202757030725479e-02,-8.713099360466003418e-02,-6.082912534475326538e-02,1.089721173048019409e-01,1.314988173544406891e-02,-1.864373497664928436e-02,6.201717630028724670e-02,-3.870303183794021606e-02,8.066833764314651489e-02,-1.709751933813095093e-01,1.015473995357751846e-02,4.312466830015182495e-02,-4.573968797922134399e-02,1.664299368858337402e-01,9.648228436708450317e-02,-8.386894315481185913e-02,-3.269597515463829041e-02,2.529936097562313080e-02,1.138141602277755737e-01,1.346307992935180664e-01,-1.624236404895782471e-01,-1.794790625572204590e-01,1.435398217290639877e-02,-1.570055931806564331e-01,-3.654867038130760193e-02,6.102452799677848816e-02,-4.321973398327827454e-02,6.249060854315757751e-02,9.321389347314834595e-02,-7.198392413556575775e-03,-3.150725038722157478e-03,-1.954309642314910889e-02,-2.564805932343006134e-02,6.043088808655738831e-02,-6.101208180189132690e-02,-1.349021941423416138e-01,-5.007609352469444275e-02,2.063386887311935425e-01,-5.792542546987533569e-02,-5.008789151906967163e-02,6.937385350465774536e-02,1.078576520085334778e-01,1.016379371285438538e-01,1.736981272697448730e-01,7.804002612829208374e-02,-1.241293475031852722e-01,-1.022017281502485275e-02,-1.622456014156341553e-01,-5.250025540590286255e-02,-1.107152402400970459e-01,-3.449516370892524719e-02,8.931019902229309082e-02,-2.925422787666320801e-02,1.170700415968894958e-01,-6.424826104193925858e-03,1.360720992088317871e-01,-8.631375432014465332e-02,2.089826390147209167e-02,8.508016914129257202e-02,-5.041692405939102173e-02,6.264935433864593506e-02,2.319330535829067230e-02,1.646363735198974609e-01,-7.729241251945495605e-02,9.416126459836959839e-02,-3.853565827012062073e-02,1.945721954107284546e-01,2.648812718689441681e-02,3.871012479066848755e-02,2.142773866653442383e-01,9.123552590608596802e-02,2.882245928049087524e-02,-9.453066438436508179e-02,-1.090383343398571014e-02,-7.005637139081954956e-02,6.632104516029357910e-02,-1.461997032165527344e-01,-3.058765549212694168e-03,1.013617515563964844e-01,2.286299467086791992e-01,7.442179322242736816e-02,2.078764587640762329e-01,1.240304931998252869e-01,-6.596601754426956177e-02,-2.012844234704971313e-01,-1.852357983589172363e-01,5.039590410888195038e-03,-1.216040849685668945e-01,8.617852814495563507e-03,4.058550670742988586e-02,1.065594851970672607e-01,-1.617853045463562012e-01,1.773688010871410370e-02,7.016053795814514160e-02,-4.034921154379844666e-02,3.731845691800117493e-02,-2.243619225919246674e-02,-4.718244075775146484e-02,-3.950578719377517700e-02,-4.882866144180297852e-02,2.254476398229598999e-02,9.970382601022720337e-02,-8.815015107393264771e-02,4.403617233037948608e-03,8.997780829668045044e-02,5.159556865692138672e-02,6.934275478124618530e-02,6.260844320058822632e-02,1.258406229317188263e-02,-1.272354573011398315e-01,-1.580051891505718231e-02,-1.622183024883270264e-01,1.441099960356950760e-02,1.903252303600311279e-01,-5.714491382241249084e-02,-3.371964395046234131e-02,1.869850009679794312e-01,-6.469143927097320557e-02,1.381248515099287033e-02,1.989980414509773254e-02,-1.370735745877027512e-02,-1.204066444188356400e-02,4.996418952941894531e-02,-2.398267537355422974e-01,9.141032397747039795e-02,5.090488493442535400e-02,-7.010250538587570190e-02,-6.305237114429473877e-02,6.576814502477645874e-02,6.245263386517763138e-03,2.563549578189849854e-01,5.297738313674926758e-02,-1.696740686893463135e-01,4.572344943881034851e-03,-3.340299054980278015e-02,1.340820640325546265e-01,-1.308268159627914429e-01,1.090080710127949715e-03,3.080771071836352348e-03,1.354693919420242310e-01,-3.390820324420928955e-02,-3.878794610500335693e-02,3.270608186721801758e-02,8.346696197986602783e-02,-1.164870858192443848e-01,8.047891408205032349e-02,-9.278220823034644127e-04,3.481825590133666992e-01,8.822152763605117798e-02,-5.863495916128158569e-02,-7.511992007493972778e-02
-1.662852168083190918e-01,-1.561222714371979237e-03,6.701862812042236328e-02,-4.274182394146919250e-02,-2.746405303478240967e-01,-1.555118113756179810e-01,4.297671839594841003e-03,-1.203569695353507996e-01,-1.216110736131668091e-01,7.550332695245742798e-02,2.290731072425842285e-01,-2.305570393800735474e-01,3.975455835461616516e-02,-7.415831089019775391e-02,-3.578604012727737427e-02,7.081220299005508423e-02,-2.119163051247596741e-02,8.330719172954559326e-02,1.271491497755050659e-01,-1.088416501879692078e-01,2.078807651996612549e-01,6.772388238459825516e-03,-2.610095776617527008e-02,1.834207922220230103e-01,1.488175839185714722e-01,8.704406768083572388e-02,-4.773543775081634521e-02,-1.319693028926849365e-01,-9.563854336738586426e-02,7.890927046537399292e-02,6.732470542192459106e-02,4.143174365162849426e-02,-1.734893769025802612e-01,-2.883770465850830078e-01,-3.366017341613769531e-02,-6.645637005567550659e-02,1.680458486080169678e-01,-1.078288555145263672e-01,1.381786190904676914e-03,-7.128515094518661499e-02,-2.505093812942504883e-01,1.321129798889160156e-01,-4.909981414675712585e-02,5.019971728324890137e-02,2.371388301253318787e-02,2.229348197579383850e-02,1.092699822038412094e-02,1.389935761690139771e-01,-1.475792676210403442e-01,-2.362548932433128357e-02,5.004765465855598450e-02,-8.566997200250625610e-02,-9.379699081182479858e-02,-6.976995617151260376e-02,-7.836494594812393188e-03,-6.060668453574180603e-02,-8.845789730548858643e-02,4.658917337656021118e-02,1.134863588958978653e-02,1.209276467561721802e-01,1.334213465452194214e-02,-6.095204874873161316e-02,-5.989198759198188782e-02,-3.467435389757156372e-02,-1.123142242431640625e-01,-1.378531008958816528e-01,1.848715394735336304e-01,-9.611331671476364136e-02,-1.513211987912654877e-03,9.870044887065887451e-02,-6.296558678150177002e-02,1.175870746374130249e-02,9.445626288652420044e-02,1.279624998569488525e-01,1.375687122344970703e-02,-8.699290454387664795e-02,-2.234225627034902573e-03,1.950712874531745911e-02,4.689791053533554077e-02,-2.127685546875000000e-01,7.818689197301864624e-02,-2.365257591009140015e-02,3.380854427814483643e-01,1.138260439038276672e-01,1.087816134095191956e-01,8.693209849298000336e-03,-1.416414380073547363e-01,5.728448554873466492e-02,-2.646206319332122803e-02,1.187308784574270248e-02,-7.803028076887130737e-02,-1.098224669694900513e-01,-1.816956102848052979e-01,-8.656462281942367554e-02,-1.825626045465469360e-01,-7.310922443866729736e-02,1.250545401126146317e-02,-1.923595368862152100e-02,-8.494773507118225098e-02,-2.468093633651733398e-01,3.662220761179924011e-02,1.092664822936058044e-01,-1.430912525393068790e-03,4.067291691899299622e-02,-2.617207728326320648e-02,1.725592762231826782e-01,2.267603576183319092e-01,-2.162813991308212280e-01,-1.059061139822006226e-01,-1.607198268175125122e-02,-2.705433219671249390e-02,3.165001571178436279e-01,2.199231535196304321e-01,7.123907655477523804e-02,-4.698549583554267883e-02,2.362584136426448822e-02,-4.149342700839042664e-02,-8.182685077190399170e-02,1.217514835298061371e-02,3.597389459609985352e-01,9.353698045015335083e-02,-2.342050895094871521e-02,3.083280101418495178e-02,7.841181755065917969e-02,-5.255259945988655090e-02,1.751117408275604248e-01,4.527583345770835876e-02,1.193733438849449158e-01,-1.355234086513519287e-01,-2.671738266944885254e-01,-7.448637392371892929e-03,1.399648748338222504e-02,2.075940221548080444e-01,1.776950061321258545e-01,5.784196034073829651e-02,-3.507810086011886597e-02,3.271951340138912201e-03,-4.573825001716613770e-02,-1.515591442584991455e-01,4.125935211777687073e-02,3.356817364692687988e-01,-4.304786399006843567e-02,1.560118645429611206e-01,-1.086680069565773010e-01,-3.513453528285026550e-02,-1.535674091428518295e-02,-5.647232383489608765e-02,4.688533488661050797e-03,8.837646991014480591e-02,-1.247759759426116943e-01,-1.958569437265396118e-01,-1.742901076795533299e-04,1.597286909818649292e-01,-1.473571266978979111e-02,1.776504665613174438e-01,-2.640653587877750397e-02,-7.560141384601593018e-02,2.258219569921493530e-02,-1.052832975983619690e-01,8.591021597385406494e-02,2.501216530799865723e-02,-1.338662505149841309e-01,1.086134836077690125e-01,-1.156838461756706238e-01,-2.867583930492401123e-02,6.042954325675964355e-02,1.380520015954971313e-01,4.599425941705703735e-02,-1.546991169452667236e-01,1.631405353546142578e-01,7.712207734584808350e-02,-6.383457779884338379e-02,-1.634498359635472298e-03,7.544068247079849243e-02,-6.455576978623867035e-03,1.091874241828918457e-01,2.119388729333877563e-01,-8.890879899263381958e-02,-8.049546182155609131e-02,-2.967722527682781219e-02,1.020982488989830017e-01,1.712096780538558960e-01,1.585762649774551392e-01
1.006827056407928467e-01,2.551931142807006836e-02,4.439608380198478699e-02,1.420718133449554443e-01,-1.336822509765625000e-01,-1.379776932299137115e-02,-5.723229423165321350e-02,1.645184308290481567e-01,1.675719469785690308e-01,-9.483374655246734619e-02,5.722150579094886780e-02,-4.795427620410919189e-02,-7.157883048057556152e-02,8.977996557950973511e-02,6.497859954833984375e-02,1.729148626327514648e-01,-6.189684849232435226e-03,6.600301712751388550e-02,3.317401744425296783e-03,-8.690800517797470093e-03,-1.230434048920869827e-02,1.709800213575363159e-02,-8.601120859384536743e-02,-1.080268397927284241e-01,-1.613185703754425049e-01,4.077528417110443115e-02,9.854153543710708618e-02,-1.343340147286653519e-02,-2.063152566552162170e-02,2.348750643432140350e-02,1.309802383184432983e-02,3.095952980220317841e-02,2.237449772655963898e-02,-1.651968061923980713e-01,-2.711223810911178589e-02,-2.757002115249633789e-01,7.041528075933456421e-02,-9.735623002052307129e-02,5.995394662022590637e-02,-3.746438771486282349e-02,-5.985878780484199524e-02,-1.470540314912796021e-01,-1.896252632141113281e-01,5.279147997498512268e-02,-1.574167311191558838e-01,-2.593689970672130585e-02,7.284839451313018799e-02,8.161501958966255188e-03,-1.384804993867874146e-01,1.021284162998199463e-01,-2.366861402988433838e-01,6.041036918759346008e-02,-6.143286451697349548e-02,-7.733771950006484985e-02,1.881926357746124268e-01,-7.299216836690902710e-02,-4.226266592741012573e-02,8.046046644449234009e-02,1.636882275342941284e-01,2.721871621906757355e-02,-5.985239893198013306e-02,-1.729771792888641357e-01,-1.251383274793624878e-01,1.283793449401855469e-01,2.007125876843929291e-02,3.653532266616821289e-02,1.113975793123245239e-01,-8.034650981426239014e-02,4.206439852714538574e-02,9.075632691383361816e-02,1.304666232317686081e-02,2.964522503316402435e-02,1.636406965553760529e-02,-5.534820631146430969e-02,6.694139447063207626e-03,-3.290157392621040344e-02,4.212774801999330521e-03,6.002759188413619995e-02,-2.377105057239532471e-01,-1.075791716575622559e-01,-1.780123710632324219e-01,2.230324596166610718e-02,-1.114593297243118286e-01,3.625810146331787109e-02,-3.850758075714111328e-02,-6.726224720478057861e-02,5.753798410296440125e-02,1.130762696266174316e-01,-1.071344017982482910e-01,1.185770705342292786e-02,-6.314896792173385620e-02,3.493009880185127258e-02,5.339391902089118958e-02,1.065934002399444580e-01,1.041424572467803955e-01,-9.803313761949539185e-03,1.622797921299934387e-02,-7.468761503696441650e-02,1.409394145011901855e-01,2.421266399323940277e-02,-6.568159908056259155e-02,-9.626596421003341675e-02,7.311810273677110672e-03,-5.175197497010231018e-02,-7.845886051654815674e-02,-1.359828263521194458e-01,8.200482279062271118e-02,-5.474844574928283691e-02,8.955314755439758301e-03,5.471776798367500305e-02,-4.565037786960601807e-02,4.482204094529151917e-02,-1.736018806695938110e-01,-6.167417764663696289e-02,-3.091008216142654419e-02,1.581615954637527466e-02,8.302857168018817902e-03,2.287876307964324951e-01,-2.081451267004013062e-01,-8.062148839235305786e-02,-5.388032644987106323e-02,2.132161557674407959e-01,9.553947299718856812e-02,4.561039805412292480e-02,-2.893927041441202164e-03,2.380528599023818970e-01,-2.086615562438964844e-01,-1.671069562435150146e-01,1.261464357376098633e-01,-1.116737630218267441e-02,9.792459011077880859e-02,-9.299404174089431763e-02,-1.273055076599121094e-01,1.023425161838531494e-01,1.348612755537033081e-01,-7.710869610309600830e-02,-1.007958948612213135e-01,8.313779532909393311e-02,-1.756962388753890991e-01,-2.270377427339553833e-01,5.972093343734741211e-02,2.941797487437725067e-02,6.647106260061264038e-02,-2.897811820730566978e-03,-6.156391650438308716e-02,-1.016703173518180847e-01,1.001354306936264038e-02,-6.299252063035964966e-02,2.096787542104721069e-01,3.166317567229270935e-02,3.214240074157714844e-02,-1.585483402013778687e-01,-1.230610534548759460e-01,-5.049112066626548767e-02,-1.764096617698669434e-01,5.412136390805244446e-02,-8.559292554855346680e-02,9.493239969015121460e-02,-2.252666503190994263e-01,1.207176372408866882e-01,-6.897181272506713867e-02,2.182630002498626709e-01,8.519588410854339600e-02,-2.302052266895771027e-02,3.163723349571228027e-01,-8.538635075092315674e-02,-9.210001677274703979e-02,-7.096811383962631226e-02,4.465439543128013611e-02,-1.704258173704147339e-01,-4.932769760489463806e-02,2.153882235288619995e-01,3.706635534763336182e-02,-2.048698440194129944e-02,-7.484106719493865967e-02,1.134572029113769531e-01,-4.754793271422386169e-02,-1.289412565529346466e-02,1.852999329566955566e-01,-1.640950739383697510e-01,5.915806815028190613e-02,-1.494264453649520874e-01,5.634196475148200989e-02
1.076139584183692932e-01,-5.409416183829307556e-02,3.437234088778495789e-02,-3.259062170982360840e-01,-9.863988496363162994e-03,-2.954457886517047882e-02,2.165860682725906372e-02,5.700823664665222168e-02,7.211004197597503662e-02,2.309857606887817383e-01,4.412475228309631348e-02,2.728983759880065918e-01,1.042918041348457336e-01,1.460350006818771362e-01,-1.200664490461349487e-01,-9.701670706272125244e-02,-6.853404641151428223e-02,8.969028294086456299e-02,-3.413654863834381104e-02,-1.676984876394271851e-01,2.925783395767211914e-02,-4.662435501813888550e-02,2.238604426383972168e-02,7.188694179058074951e-02,-7.728795520961284637e-03,-8.940957486629486084e-02,6.525909155607223511e-02,1.382621005177497864e-02,-3.299453854560852051e-02,-9.131724387407302856e-02,-2.720880880951881409e-02,2.871604263782501221e-02,-1.721845008432865143e-02,-2.122020348906517029e-02,6.051272526383399963e-02,-9.549436718225479126e-02,-5.092515796422958374e-02,1.797293126583099365e-01,4.024880528450012207e-01,1.355342119932174683e-01,-3.892083838582038879e-02,-2.416710257530212402e-01,-2.434869483113288879e-02,-3.349549323320388794e-02,3.095192834734916687e-02,2.041850835084915161e-01,-1.415522210299968719e-02,6.044439226388931274e-02,2.161839604377746582e-01,-1.527969241142272949e-01,6.036461144685745239e-02,-1.366569995880126953e-01,-1.792485862970352173e-01,1.750489929690957069e-03,-7.258274406194686890e-02,1.698308438062667847e-01,-2.973120808601379395e-01,1.602216362953186035e-01,9.117329865694046021e-02,-3.834548220038414001e-02,-7.632200419902801514e-02,-8.191098272800445557e-02,-1.371516734361648560e-01,1.275702714920043945e-01,8.456677943468093872e-02,4.921820759773254395e-02,-1.183252334594726562e-01,2.031522542238235474e-01,6.486335396766662598e-02,-4.420673474669456482e-02,8.992266654968261719e-02,5.017886683344841003e-02,-6.958547979593276978e-02,-3.917618468403816223e-02,-4.497294872999191284e-02,2.132741808891296387e-01,4.757774993777275085e-02,-1.228307709097862244e-01,2.685407735407352448e-02,-6.560436449944972992e-03,8.711271733045578003e-02,-4.555325955152511597e-02,-4.463411122560501099e-02,-3.566151484847068787e-02,4.011554643511772156e-02,7.330473512411117554e-02,2.642361260950565338e-02,1.019598692655563354e-01,-5.166639387607574463e-02,8.552573621273040771e-02,-2.490024268627166748e-02,6.443285383284091949e-04,1.367671936750411987e-01,1.205606907606124878e-01,5.359655618667602539e-02,7.310790568590164185e-02,1.143233925104141235e-01,-1.169878318905830383e-01,-6.808803230524063110e-02,9.840023517608642578e-02,-8.690112829208374023e-02,2.787067294120788574e-01,3.684090077877044678e-02,9.563925117254257202e-02,-6.181584671139717102e-02,2.560844644904136658e-02,-7.245617918670177460e-03,-2.965852431952953339e-02,1.154854670166969299e-01,-1.220990121364593506e-01,8.629154413938522339e-02,1.307620555162429810e-01,6.760776042938232422e-02,-4.630764573812484741e-02,1.146296039223670959e-01,-4.265771433711051941e-02,-1.729696057736873627e-02,1.039583012461662292e-01,3.520803526043891907e-02,3.293811529874801636e-02,-6.327415257692337036e-02,-9.192000329494476318e-02,7.669192738831043243e-03,6.475688517093658447e-02,8.411225676536560059e-02,3.562004119157791138e-02,2.035981230437755585e-02,-2.531385980546474457e-02,1.731289736926555634e-02,3.934892639517784119e-02,-8.903962373733520508e-02,5.281093716621398926e-02,4.115460813045501709e-02,5.393889918923377991e-02,-1.169179677963256836e-01,1.498214453458786011e-01,-1.436651200056076050e-01,8.405327051877975464e-02,-7.805540412664413452e-02,-4.373605176806449890e-02,-1.119548603892326355e-01,-1.181635484099388123e-01,1.648122221231460571e-01,-1.151603236794471741e-01,1.357114762067794800e-01,2.902519889175891876e-03,1.462220102548599243e-01,-8.916135877370834351e-02,6.449964642524719238e-02,-7.355534005910158157e-03,1.960486918687820435e-01,8.433903008699417114e-02,7.964855432510375977e-02,-1.290078759193420410e-01,4.936777055263519287e-02,1.864368654787540436e-02,-1.593013405799865723e-01,-8.257415145635604858e-02,1.455490142107009888e-01,7.141691446304321289e-02,4.088704660534858704e-02,-1.495249420404434204e-01,6.024897471070289612e-02,6.236213818192481995e-02,5.651891231536865234e-02,5.188968777656555176e-02,1.164917722344398499e-01,-5.453057959675788879e-02,-1.147274076938629150e-01,5.365470796823501587e-02,-8.709558844566345215e-02,1.192331314086914062e-01,1.996960937976837158e-01,-3.297066316008567810e-02,-2.250895947217941284e-01,-9.861218929290771484e-02,3.014547377824783325e-02,-4.404536262154579163e-02,1.424482911825180054e-01,9.360924363136291504e-02,-1.964955925941467285e-01,-3.391892462968826294e-02,-4.780516494065523148e-03
9.671549499034881592e-02,5.565873347222805023e-03,-1.328229755163192749e-01,2.452330291271209717e-01,2.427251189947128296e-01,-1.927856169641017914e-02,7.148785982280969620e-03,1.462299283593893051e-02,-1.361746434122323990e-02,1.187553107738494873e-01,3.061495162546634674e-02,1.993141137063503265e-02,2.761796712875366211e-01,1.364741474390029907e-01,1.371870189905166626e-01,-1.132155489176511765e-02,-1.708721667528152466e-01,4.353580251336097717e-02,1.292114704847335815e-01,5.738317593932151794e-02,-2.967020869255065918e-01,1.623985469341278076e-01,-1.741610169410705566e-01,1.477347593754529953e-02,1.162651926279067993e-01,-4.374965652823448181e-02,-4.468308761715888977e-02,-1.523803919553756714e-02,-1.697561442852020264e-01,-2.645888738334178925e-02,-1.020695343613624573e-01,1.843846961855888367e-02,1.089965179562568665e-01,1.918157637119293213e-01,-6.215235590934753418e-02,6.150476261973381042e-02,9.246233105659484863e-02,1.652542203664779663e-01,1.016677245497703552e-01,1.318527162075042725e-01,-5.586717650294303894e-02,-4.398448020219802856e-02,2.414455451071262360e-02,1.263953745365142822e-02,-3.047439455986022949e-02,9.016048163175582886e-02,-2.160964906215667725e-02,-8.577197045087814331e-02,-6.624577939510345459e-02,8.031863719224929810e-02,1.481826156377792358e-01,-2.925457619130611420e-02,-2.310238406062126160e-02,-1.720990799367427826e-02,1.463138461112976074e-01,1.139974892139434814e-01,4.641487449407577515e-02,5.207636952400207520e-02,-4.904709383845329285e-02,-1.255024224519729614e-01,-9.967885911464691162e-03,1.028784513473510742e-01,-7.604269683361053467e-02,1.014636363834142685e-02,-3.109437040984630585e-02,9.969735890626907349e-02,-1.153369918465614319e-01,2.637068033218383789e-01,-7.228086143732070923e-02,2.833334915339946747e-02,-2.848578393459320068e-01,-1.019331961870193481e-01,1.353936195373535156e-01,-1.449625007808208466e-02,2.345294132828712463e-02,-2.776326239109039307e-02,-9.231229126453399658e-02,-4.552646726369857788e-02,-3.070985078811645508e-01,-1.925337873399257660e-02,9.974144399166107178e-03,5.647487565875053406e-02,-1.530190110206604004e-01,1.411743909120559692e-01,7.593999058008193970e-02,3.516489174216985703e-03,3.784646838903427124e-02,-2.349546551704406738e-02,-1.072465255856513977e-02,-1.327279396355152130e-02,1.286051571369171143e-01,-4.709250479936599731e-02,2.192256003618240356e-01,-8.967909961938858032e-03,-4.066384956240653992e-02,2.095353603363037109e-01,-1.125519722700119019e-01,-9.672137349843978882e-02,1.049524545669555664e-01,-6.257764250040054321e-02,1.816360503435134888e-01,1.782352291047573090e-02,1.569773405790328979e-01,-8.259930461645126343e-02,-3.377472162246704102e-01,2.732393443584442139e-01,-1.118163987994194031e-01,6.739556044340133667e-02,-7.240843027830123901e-02,-1.734917163848876953e-01,8.851863443851470947e-02,-1.290469467639923096e-01,2.214698120951652527e-02,7.227280735969543457e-02,5.091385170817375183e-02,-4.238817468285560608e-02,-8.428663015365600586e-02,-6.824930012226104736e-02,-6.860568374395370483e-02,5.127904564142227173e-02,-1.770603843033313751e-02,-6.977695971727371216e-02,1.038430705666542053e-01,-1.100654080510139465e-01,2.055310606956481934e-01,1.405202895402908325e-01,-1.106522008776664734e-01,-2.542429864406585693e-01,-1.839124411344528198e-01,8.425050228834152222e-02,1.200040504336357117e-01,6.609899550676345825e-02,3.900176612660288811e-03,1.103041842579841614e-01,-1.207342445850372314e-01,-2.081059478223323822e-02,1.204015165567398071e-01,1.021198928356170654e-01,-1.223104670643806458e-01,-2.669975347816944122e-02,-1.745204478502273560e-01,-1.135427579283714294e-01,4.963400587439537048e-02,1.041290070861577988e-02,1.263984292745590210e-01,-7.447553426027297974e-02,3.546828776597976685e-02,-2.085561156272888184e-01,1.214911341667175293e-01,-9.406028687953948975e-02,-4.103492945432662964e-02,6.372649222612380981e-02,-1.079736277461051941e-01,-4.364437609910964966e-02,2.322795987129211426e-01,8.420833200216293335e-02,-1.235838681459426880e-01,-9.253599494695663452e-02,-1.020945534110069275e-01,-7.000837940722703934e-03,-7.350110262632369995e-02,-9.977100789546966553e-02,2.093087509274482727e-02,-9.625426679849624634e-02,-1.504864916205406189e-02,-1.766259223222732544e-01,3.345720842480659485e-02,-6.502564996480941772e-02,1.426656171679496765e-02,-1.603081524372100830e-01,2.531828545033931732e-02,-1.081722229719161987e-01,-8.898491971194744110e-03,-7.706730160862207413e-03,-3.298135101795196533e-02,7.625979930162429810e-02,3.106815926730632782e-02,2.500503659248352051e-01,-7.326608151197433472e-02,2.147146463394165039e-01,-3.532353322952985764e-03,1.222940441220998764e-02,-7.679786533117294312e-03
-1.029644045047461987e-03,-1.431604027748107910e-01,7.529148459434509277e-02,8.798397146165370941e-03,-7.978208363056182861e-02,-2.388554159551858902e-03,5.666053667664527893e-02,1.449109613895416260e-01,4.333006590604782104e-02,8.371786028146743774e-02,6.449351459741592407e-02,-1.589963287115097046e-01,8.193673193454742432e-02,1.127140745520591736e-01,-3.921556100249290466e-02,2.115691080689430237e-02,1.123009398579597473e-01,-6.185972690582275391e-02,6.592774391174316406e-02,-5.811314657330513000e-02,-1.520458161830902100e-01,-3.223387151956558228e-02,1.716302335262298584e-01,-5.556354299187660217e-02,5.391864478588104248e-02,3.332506865262985229e-03,1.084520667791366577e-01,4.902985319495201111e-02,1.654015854001045227e-02,-6.523174047470092773e-02,1.545930933207273483e-02,1.835918612778186798e-02,5.270218849182128906e-02,-1.070113107562065125e-01,5.100132152438163757e-02,5.131345987319946289e-02,-3.884412348270416260e-02,-1.993112824857234955e-02,1.960574686527252197e-01,1.253265514969825745e-02,7.387247867882251740e-03,-6.098666042089462280e-02,1.379395648837089539e-02,-1.771196126937866211e-01,8.705073595046997070e-02,3.887628437951207161e-03,-1.282793376594781876e-02,3.040194138884544373e-02,1.646111607551574707e-01,1.813562363386154175e-01,1.560319494456052780e-02,7.507955282926559448e-02,9.809456020593643188e-02,1.121704205870628357e-01,-2.589172422885894775e-01,5.570475757122039795e-02,-1.629783539101481438e-03,1.354339905083179474e-02,1.560647599399089813e-02,4.866382479667663574e-02,-2.884557098150253296e-02,6.230171397328376770e-02,1.507042944431304932e-01,1.375603079795837402e-01,-6.601466238498687744e-02,-4.874715209007263184e-02,9.994157403707504272e-02,-2.067487537860870361e-01,1.317856758832931519e-01,1.834060698747634888e-01,4.755647853016853333e-02,2.181601673364639282e-01,1.016051992774009705e-01,-2.027166821062564850e-02,-8.477265387773513794e-02,1.707106232643127441e-01,-1.906132847070693970e-01,9.495369344949722290e-02,-2.104025334119796753e-02,-5.523617193102836609e-02,-4.394614323973655701e-02,-9.652695059776306152e-02,5.370444655418395996e-01,9.234194643795490265e-03,8.715387433767318726e-02,1.185147166252136230e-01,8.046320825815200806e-02,-1.494130790233612061e-01,1.990120410919189453e-01,3.128986805677413940e-02,-4.951838403940200806e-02,4.798972979187965393e-02,3.580478578805923462e-02,1.510919332504272461e-01,-6.961681693792343140e-02,-7.207677699625492096e-03,8.885966986417770386e-02,7.056479901075363159e-02,9.319570660591125488e-02,-7.762148976325988770e-02,-3.595096990466117859e-03,6.194990128278732300e-03,4.796494171023368835e-02,2.187027782201766968e-02,1.787948305718600750e-03,-3.983275499194860458e-03,-5.308317765593528748e-02,-1.399489343166351318e-01,1.653048396110534668e-01,-2.263486944139003754e-02,-5.150550976395606995e-02,2.449668496847152710e-01,-4.429731145501136780e-02,-3.765049576759338379e-02,6.438780575990676880e-02,-1.146182194352149963e-01,-1.632926017045974731e-01,-1.324846148490905762e-01,1.968587189912796021e-01,1.003155037760734558e-01,1.754855364561080933e-01,2.020106762647628784e-01,7.870386540889739990e-02,-1.380297988653182983e-01,-1.970589905977249146e-01,6.813212484121322632e-02,-1.221483349800109863e-01,6.279028952121734619e-02,3.411021456122398376e-02,2.632421813905239105e-02,-5.818356946110725403e-02,-8.764570206403732300e-02,-1.993353515863418579e-01,-9.561960399150848389e-02,-1.146032512187957764e-01,-1.717438399791717529e-01,1.145569086074829102e-01,3.280073776841163635e-02,6.569383293390274048e-02,2.967348787933588028e-03,1.401577889919281006e-01,-2.814140170812606812e-02,1.491974946111440659e-02,-5.324913933873176575e-02,-1.738570071756839752e-02,1.047875508666038513e-01,-1.256581544876098633e-01,-7.734808325767517090e-02,2.236068993806838989e-01,-1.183233316987752914e-02,-9.667049348354339600e-02,2.223423682153224945e-03,-5.674287676811218262e-02,-4.554822295904159546e-02,2.558173798024654388e-02,5.000200495123863220e-02,-2.038161754608154297e-01,1.207866147160530090e-02,3.989532217383384705e-02,9.824630804359912872e-03,-1.064435020089149475e-01,-2.004654407501220703e-01,9.184955619275569916e-03,6.472241133451461792e-02,-3.894509002566337585e-02,5.309540033340454102e-02,-5.533245205879211426e-02,-2.145478688180446625e-02,2.032646685838699341e-01,3.188110888004302979e-01,8.080124109983444214e-02,7.492811232805252075e-02,4.558087140321731567e-02,-3.011391758918762207e-01,3.074584901332855225e-01,1.355735305696725845e-02,-3.277895972132682800e-02,2.554094493389129639e-01,-3.041313588619232178e-02,-1.309955269098281860e-01,-3.726485371589660645e-02,1.611717939376831055e-01,2.795575931668281555e-02
-2.218485027551651001e-01,-2.731597609817981720e-02,-2.629046738147735596e-01,-1.104597300291061401e-01,-5.037325993180274963e-02,-3.918004781007766724e-02,1.260923338122665882e-03,7.499935477972030640e-02,-7.920943200588226318e-02,6.876230239868164062e-02,-1.771898418664932251e-01,8.947479724884033203e-02,-2.166262827813625336e-02,6.692939996719360352e-02,-1.933916006237268448e-03,1.339327823370695114e-02,1.511281132698059082e-01,-1.093711238354444504e-02,-7.118804752826690674e-02,-1.188420951366424561e-01,1.059831120073795319e-02,-2.706584706902503967e-02,6.813198328018188477e-02,-3.236126899719238281e-02,5.789123009890317917e-03,1.301327198743820190e-01,1.312732100486755371e-01,-5.096992105245590210e-02,-1.690134704113006592e-01,1.375365108251571655e-01,6.781508773565292358e-02,-6.668724119663238525e-02,-4.659346118569374084e-02,1.809526234865188599e-01,-1.507905423641204834e-01,-1.232903301715850830e-01,1.778602898120880127e-01,6.512811779975891113e-02,1.414925605058670044e-01,1.837837845087051392e-01,1.351784318685531616e-01,-1.131330896168947220e-02,9.180632978677749634e-02,-1.125121861696243286e-01,3.216959163546562195e-02,1.204139441251754761e-01,4.745691642165184021e-02,1.704769432544708252e-01,2.551540499553084373e-03,2.934331819415092468e-02,1.858326941728591919e-01,1.721245199441909790e-01,1.321247369050979614e-01,6.378608196973800659e-02,4.322019219398498535e-02,-9.561613202095031738e-02,5.931580811738967896e-02,-3.095647133886814117e-02,8.962979912757873535e-02,-5.302161350846290588e-02,2.747808396816253662e-01,1.389820873737335205e-01,4.053421318531036377e-02,-3.150653839111328125e-02,2.516068518161773682e-01,1.069402769207954407e-01,-8.247331529855728149e-02,1.936874911189079285e-02,3.170892596244812012e-02,1.794677674770355225e-01,1.647781282663345337e-01,-9.761914610862731934e-03,-9.984952397644519806e-03,-5.563463270664215088e-02,-5.745482072234153748e-02,5.966003984212875366e-02,9.741977602243423462e-02,9.567762911319732666e-02,-7.755949348211288452e-02,8.693015575408935547e-02,-1.015766412019729614e-01,-7.254410535097122192e-02,1.909864395856857300e-01,-1.419026684015989304e-02,2.192926779389381409e-02,1.539237145334482193e-02,-7.978971302509307861e-02,1.309570372104644775e-01,1.245875805616378784e-01,-1.531164795160293579e-01,-6.680995970964431763e-02,-1.717306822538375854e-01,1.056846678256988525e-01,-3.648704662919044495e-02,1.841629669070243835e-02,-4.390196874737739563e-02,-6.128325685858726501e-02,1.961524188518524170e-01,-2.752061001956462860e-02,-5.367950350046157837e-02,-1.441200375556945801e-01,-3.846808522939682007e-02,-2.780485525727272034e-02,-1.334653422236442566e-02,-1.764270812273025513e-01,2.548656053841114044e-02,-3.800338506698608398e-02,1.246098279953002930e-01,-1.406680643558502197e-01,6.753005087375640869e-02,8.343322575092315674e-02,3.320822119712829590e-02,-1.617170986719429493e-03,-3.505678474903106689e-02,2.614953555166721344e-02,-5.937335267663002014e-02,-1.683327257633209229e-01,-1.679591834545135498e-01,-1.798852980136871338e-01,1.167338993400335312e-02,1.752660125494003296e-01,-1.080097183585166931e-01,7.690290361642837524e-02,-3.717022761702537537e-02,-9.361714124679565430e-02,1.220247298479080200e-01,-6.189711391925811768e-02,-2.044319547712802887e-02,-9.375940263271331787e-02,1.207128688693046570e-01,-1.668566167354583740e-01,1.349246799945831299e-01,-2.208811491727828979e-01,-6.048196181654930115e-02,-2.136532813310623169e-01,1.756132096052169800e-01,1.558722704648971558e-01,2.152434550225734711e-03,6.058808881789445877e-03,-2.252963371574878693e-02,-1.508493628352880478e-02,1.528966724872589111e-01,7.961104065179824829e-02,5.535315349698066711e-02,-1.838867366313934326e-01,-1.163331493735313416e-01,5.966262519359588623e-02,3.950553759932518005e-02,-2.086840420961380005e-01,1.096205860376358032e-01,5.004424601793289185e-02,-4.094725847244262695e-02,-1.418453603982925415e-01,7.268899679183959961e-02,-1.092242971062660217e-01,6.183484569191932678e-02,1.852257549762725830e-02,7.537490129470825195e-02,-1.238441281020641327e-02,-1.106037423014640808e-01,-2.206012457609176636e-01,2.546235620975494385e-01,-8.388264477252960205e-02,9.569109231233596802e-02,2.180926501750946045e-01,4.165635630488395691e-02,7.550954818725585938e-02,-1.995417848229408264e-02,-4.797240719199180603e-02,-2.107945084571838379e-01,-1.804767698049545288e-01,1.628225296735763550e-02,-2.216659784317016602e-01,-4.143657162785530090e-02,-2.273906255140900612e-03,-7.035953924059867859e-03,5.017583444714546204e-02,6.377680599689483643e-02,1.044559292495250702e-02,7.504583150148391724e-02,3.065635077655315399e-02,1.128938198089599609e-01,2.474312670528888702e-02
1.207016557455062866e-01,1.900154724717140198e-02,-1.413215533830225468e-03,-3.939059749245643616e-02,9.634398669004440308e-02,-1.672715395689010620e-01,2.348450757563114166e-02,7.707347720861434937e-02,-1.308358460664749146e-01,-1.079204678535461426e-01,1.282770559191703796e-02,-1.498654671013355255e-02,1.484933644533157349e-01,1.144092455506324768e-01,1.408692747354507446e-01,-3.102747909724712372e-02,1.643380969762802124e-01,4.797730129212141037e-03,1.522840559482574463e-01,6.867504119873046875e-02,-7.573838531970977783e-02,1.317797601222991943e-01,4.702532291412353516e-02,1.034228224307298660e-02,-1.614112704992294312e-01,1.029700338840484619e-01,7.388866692781448364e-02,-8.625884354114532471e-02,-2.233975380659103394e-01,-2.842087149620056152e-01,1.230867579579353333e-01,7.342000305652618408e-02,4.875037819147109985e-02,5.192105099558830261e-02,-8.413583785295486450e-02,2.873484194278717041e-01,-8.091789484024047852e-02,2.066975831985473633e-01,-4.513964056968688965e-02,-2.172978222370147705e-02,1.619880669750273228e-03,-1.683968305587768555e-01,9.256345778703689575e-02,6.091162934899330139e-02,-2.540376037359237671e-03,4.562067240476608276e-02,1.262581944465637207e-01,8.691472560167312622e-02,-1.677671521902084351e-01,1.120745018124580383e-01,2.181045114994049072e-01,-9.444995969533920288e-02,1.118951812386512756e-01,-1.682374626398086548e-01,1.540842801332473755e-01,2.370027303695678711e-01,1.258987784385681152e-01,2.268794924020767212e-02,1.258907560259103775e-02,1.049368456006050110e-01,1.686975173652172089e-02,3.255625441670417786e-02,1.285111755132675171e-01,-9.620303660631179810e-02,2.579694241285324097e-02,-1.398407667875289917e-01,-1.568137258291244507e-01,1.607671529054641724e-01,-4.056612029671669006e-02,-1.931985095143318176e-02,-1.030893027782440186e-01,1.481829397380352020e-02,-3.039521351456642151e-02,-2.315225601196289062e-01,4.155127331614494324e-03,-8.614724874496459961e-02,1.832380592823028564e-01,-1.643550097942352295e-01,-8.151123672723770142e-02,1.581742614507675171e-01,1.157089229673147202e-02,1.792422980070114136e-01,8.298462629318237305e-02,4.459170624613761902e-02,1.555808186531066895e-01,1.324181854724884033e-01,-1.216579601168632507e-01,5.965982005000114441e-02,1.930153742432594299e-02,5.480148270726203918e-02,9.288789331912994385e-02,5.663365755026461557e-06,-1.907112002372741699e-01,-6.850010901689529419e-02,7.025212794542312622e-02,6.452767550945281982e-02,-1.180199310183525085e-01,6.262387335300445557e-02,-1.540058404207229614e-01,1.182189285755157471e-01,-8.620689064264297485e-02,-2.243133075535297394e-02,-1.028035953640937805e-01,3.665962070226669312e-02,-4.769417271018028259e-02,2.565271556377410889e-01,-1.100281476974487305e-01,-1.636196523904800415e-01,-6.994491815567016602e-02,6.049376726150512695e-02,5.926939472556114197e-02,-1.611785888671875000e-01,7.990383356809616089e-02,-7.235117256641387939e-02,1.643635630607604980e-01,6.300898641347885132e-02,-6.815351545810699463e-02,1.091783270239830017e-01,1.049878001213073730e-01,-7.637234777212142944e-02,8.049723505973815918e-02,-3.048011660575866699e-01,-5.602980777621269226e-02,-2.610673196613788605e-02,9.704988449811935425e-02,-2.160046398639678955e-01,8.859162032604217529e-02,1.459853490814566612e-03,1.685503311455249786e-02,-3.849188610911369324e-02,1.029211953282356262e-01,-3.651533648371696472e-02,3.053439408540725708e-02,-1.607544347643852234e-02,-1.219437569379806519e-01,6.816090550273656845e-03,1.044367551803588867e-01,-9.677807241678237915e-02,8.121610432863235474e-02,1.579821258783340454e-01,8.624381572008132935e-02,4.157065972685813904e-02,-3.246209817007184029e-03,-9.479908645153045654e-02,2.163971308618783951e-03,-7.499976456165313721e-02,6.721676886081695557e-02,-6.527853757143020630e-02,7.112444192171096802e-02,4.953132942318916321e-02,-7.626560050994157791e-03,1.124715059995651245e-01,-4.024168476462364197e-02,-3.318391740322113037e-02,-9.356629848480224609e-02,1.439780294895172119e-01,9.625747799873352051e-02,2.959819138050079346e-02,4.414919018745422363e-02,1.044566482305526733e-01,1.452965438365936279e-01,1.518437117338180542e-01,4.308401048183441162e-02,-1.032042726874351501e-01,1.062499806284904480e-01,6.801667809486389160e-02,-2.874314086511731148e-03,1.056089475750923157e-01,-1.444909349083900452e-02,-1.062184292823076248e-02,-3.330554068088531494e-02,3.381613269448280334e-02,5.002871155738830566e-02,-2.173142135143280029e-02,-8.037362247705459595e-02,-9.128796309232711792e-02,-5.881749466061592102e-02,3.146450594067573547e-02,7.160021923482418060e-03,4.491391777992248535e-02,1.080620288848876953e-02,5.735928937792778015e-02,1.426818817853927612e-01
8.176356554031372070e-02,8.617860078811645508e-02,-1.535130441188812256e-01,-4.877854883670806885e-02,3.020737133920192719e-02,-2.868762239813804626e-02,-2.975775301456451416e-02,1.070531606674194336e-01,1.408551912754774094e-02,2.214468568563461304e-01,-2.064053118228912354e-01,8.397839218378067017e-02,-1.205758079886436462e-01,7.158114016056060791e-02,4.355287551879882812e-02,-7.917802780866622925e-02,-4.396974295377731323e-02,-2.003299072384834290e-02,-5.826609209179878235e-02,1.663201153278350830e-01,-5.370195582509040833e-02,-2.918369695544242859e-02,-8.655037730932235718e-02,3.676989674568176270e-02,3.294394165277481079e-02,8.914202451705932617e-02,7.726202905178070068e-02,4.037515074014663696e-02,-1.424984931945800781e-01,-2.756608650088310242e-02,1.159948334097862244e-01,-1.540707331150770187e-02,2.184833958745002747e-02,-1.183531507849693298e-01,-1.558306664228439331e-01,-6.111058965325355530e-02,-6.121090799570083618e-02,2.296291440725326538e-01,-2.079074382781982422e-01,9.014754742383956909e-02,1.319267004728317261e-01,-6.527523696422576904e-02,3.210711479187011719e-02,-2.164320647716522217e-01,7.546586543321609497e-02,6.636086851358413696e-02,9.045113623142242432e-02,6.581497937440872192e-02,1.042371965013444424e-03,-4.979099705815315247e-02,2.742194198071956635e-02,3.935920074582099915e-02,-1.893648803234100342e-01,6.074558477848768234e-03,2.507550269365310669e-02,-8.511286228895187378e-02,-1.212513595819473267e-01,8.825888857245445251e-03,-3.241071105003356934e-01,-5.953949689865112305e-02,2.335449121892452240e-02,1.029652655124664307e-01,-5.393521115183830261e-02,1.218388676643371582e-01,7.240921258926391602e-02,-1.007800400257110596e-01,1.885025203227996826e-01,-3.855073824524879456e-02,-1.852431297302246094e-01,6.581610441207885742e-02,1.517924107611179352e-02,-9.977305307984352112e-03,-2.773582376539707184e-02,3.154902905225753784e-02,-1.097017899155616760e-02,-7.821633480489253998e-03,-4.695463925600051880e-02,4.679917171597480774e-02,-1.079065352678298950e-02,-4.033312143292278051e-04,-1.640098690986633301e-01,1.616964340209960938e-01,6.365573406219482422e-02,1.161493659019470215e-01,1.896105334162712097e-02,-1.007957309484481812e-01,6.796018034219741821e-02,-7.061972469091415405e-02,1.505324244499206543e-01,1.861640438437461853e-02,1.554824411869049072e-01,-8.326313644647598267e-02,1.598660601302981377e-03,-1.067777052521705627e-01,-1.368900239467620850e-01,5.668948218226432800e-02,1.821106076240539551e-01,-5.113963410258293152e-02,5.094391480088233948e-02,-7.321329414844512939e-02,-4.227891191840171814e-02,-9.420968592166900635e-02,5.841965973377227783e-02,-6.356857717037200928e-03,1.537560671567916870e-02,1.097155362367630005e-01,2.674313262104988098e-02,1.215850189328193665e-01,2.158961445093154907e-01,-3.990050777792930603e-02,-1.544627845287322998e-01,-8.277234435081481934e-02,1.375206112861633301e-01,-6.690029799938201904e-02,1.425409317016601562e-01,-4.853468853980302811e-03,8.737392723560333252e-02,-1.879210770130157471e-02,-2.941797114908695221e-02,1.594765298068523407e-02,-1.746206730604171753e-01,-8.868000656366348267e-02,-1.906617432832717896e-01,7.548329234123229980e-02,-2.646456100046634674e-02,-4.338175803422927856e-02,-1.944482885301113129e-02,-2.520321682095527649e-02,-1.297343671321868896e-01,3.380798697471618652e-01,1.335312128067016602e-01,4.517464712262153625e-02,1.178103964775800705e-02,-1.970738172531127930e-02,1.089233607053756714e-01,-2.595066651701927185e-02,-2.455984055995941162e-01,2.468109279870986938e-01,-5.116266384720802307e-02,7.153875380754470825e-02,1.153531521558761597e-01,-2.674641273915767670e-02,2.734228670597076416e-01,-7.301516085863113403e-02,5.243996623903512955e-03,-1.041111722588539124e-01,-2.632023990154266357e-01,2.961301803588867188e-01,-6.050257384777069092e-02,4.752303659915924072e-02,-7.324592024087905884e-02,-1.286592036485671997e-01,-8.963402360677719116e-02,1.693763025104999542e-02,-9.720082581043243408e-02,4.165565595030784607e-03,-9.953248500823974609e-02,-1.193103939294815063e-01,4.275971278548240662e-02,-9.576797485351562500e-02,8.331309258937835693e-02,2.522396668791770935e-02,1.938783973455429077e-01,-6.021465733647346497e-02,-1.303081214427947998e-01,-3.982190787792205811e-02,-3.582753986120223999e-02,-3.249849751591682434e-02,-2.013240009546279907e-01,3.552419692277908325e-02,4.196686670184135437e-02,1.094135642051696777e-01,-4.791060462594032288e-03,1.229767501354217529e-01,-2.366523295640945435e-01,-2.007661610841751099e-01,8.484704792499542236e-02,-9.266997873783111572e-02,-1.960830539464950562e-01,-1.234611943364143372e-01,-8.204171806573867798e-02,1.855033077299594879e-02,9.323914349079132080e-02
1.486960798501968384e-01,1.663611829280853271e-01,-1.757245659828186035e-01,-9.170136600732803345e-02,3.163897991180419922e-02,3.418183326721191406e-02,-1.165646165609359741e-01,-1.339166015386581421e-01,1.170922517776489258e-01,-8.461664617061614990e-02,4.276501759886741638e-02,9.665655344724655151e-02,4.189482703804969788e-02,1.943573169410228729e-02,-1.522142440080642700e-01,1.821136474609375000e-01,3.177991881966590881e-02,4.261564835906028748e-02,6.170872598886489868e-02,-1.220573931932449341e-01,-1.557461917400360107e-01,1.110533028841018677e-01,-1.897837668657302856e-01,6.606497615575790405e-02,-6.301339715719223022e-02,2.151839584112167358e-01,1.681381277740001678e-02,-4.433506692294031382e-04,1.445030719041824341e-01,1.545178592205047607e-01,2.266317903995513916e-01,-4.123728722333908081e-02,-2.268880978226661682e-02,-1.752247512340545654e-01,-1.109267920255661011e-01,6.765267252922058105e-02,4.395303502678871155e-02,-4.262711107730865479e-02,-2.298062667250633240e-02,-2.704100497066974640e-02,1.502805948257446289e-01,1.216949224472045898e-01,-9.723893366754055023e-03,2.488879859447479248e-02,-6.898491084575653076e-02,6.661462038755416870e-02,5.377839505672454834e-02,-1.141943261027336121e-01,-5.572537705302238464e-02,-1.586452871561050415e-01,-1.267612427473068237e-01,-6.034366320818662643e-03,-2.396925836801528931e-01,-1.754492819309234619e-01,7.993833720684051514e-02,9.740256704390048981e-03,1.150349602103233337e-01,2.415744066238403320e-01,-8.210767805576324463e-02,6.101088598370552063e-02,7.625651359558105469e-02,-1.105863824486732483e-01,7.804044336080551147e-02,-4.894064366817474365e-02,1.804111003875732422e-01,-3.318009153008460999e-02,6.177128478884696960e-02,-1.691587641835212708e-02,1.012089028954505920e-01,-1.601270586252212524e-01,1.324495375156402588e-01,-5.253897979855537415e-03,3.918256610631942749e-02,-1.367533812299370766e-03,1.558678969740867615e-02,-1.065938845276832581e-01,1.624989062547683716e-01,8.389484882354736328e-02,-1.072069108486175537e-01,-1.551562249660491943e-01,-2.959604375064373016e-02,9.868273511528968811e-03,6.121311783790588379e-01,9.133069217205047607e-02,2.671448700129985809e-02,-7.732877042144536972e-03,4.107347875833511353e-02,1.468460559844970703e-01,9.425354748964309692e-02,3.855274990200996399e-02,2.260765619575977325e-02,-9.104197472333908081e-02,-5.412533506751060486e-02,-3.269067406654357910e-02,-4.401092603802680969e-02,-1.309612989425659180e-01,-6.561870872974395752e-02,1.881257444620132446e-02,1.275062412023544312e-01,-1.415746361017227173e-01,-3.938663750886917114e-02,-6.401492655277252197e-02,-1.036428883671760559e-01,-5.161633342504501343e-02,-3.983570635318756104e-01,-3.934582695364952087e-02,2.579660899937152863e-02,-7.694762200117111206e-02,-9.742413461208343506e-02,1.618091017007827759e-02,6.856318563222885132e-02,1.989364475011825562e-01,-3.304769098758697510e-02,-1.047986671328544617e-01,1.645225137472152710e-01,1.075593531131744385e-01,-2.501447312533855438e-02,-1.262753009796142578e-01,1.871658116579055786e-02,1.889855414628982544e-01,8.846259862184524536e-02,-4.661594983190298080e-03,9.581219404935836792e-02,7.612029463052749634e-02,-6.508213281631469727e-02,-2.379287034273147583e-02,1.070147231221199036e-01,-1.139360964298248291e-01,-5.546781700104475021e-03,1.785697042942047119e-01,-1.117466092109680176e-01,1.244545131921768188e-01,5.216132104396820068e-02,1.229671463370323181e-01,1.370964348316192627e-01,-1.677467375993728638e-01,1.313738524913787842e-01,1.204267237335443497e-02,-2.870939858257770538e-02,-2.207674831151962280e-02,-1.062591299414634705e-01,3.998128324747085571e-02,1.019066721200942993e-01,-3.568660467863082886e-02,8.377487957477569580e-02,1.146769002079963684e-01,-8.550631254911422729e-02,5.880846176296472549e-03,-1.350278779864311218e-02,-1.021574437618255615e-01,1.087338700890541077e-01,-3.449919819831848145e-02,-2.202066965401172638e-02,1.711195856332778931e-01,7.488527148962020874e-02,1.772378385066986084e-01,-9.044180810451507568e-02,-1.154811587184667587e-02,-1.051578298211097717e-01,-8.812613785266876221e-02,2.212563157081604004e-01,-4.439887416083365679e-04,2.570679876953363419e-03,7.292541116476058960e-02,-4.618651419878005981e-02,5.895898863673210144e-02,2.665769681334495544e-02,-1.234799474477767944e-01,2.062329500913619995e-01,4.735094904899597168e-01,4.106378927826881409e-02,-9.616501629352569580e-03,-2.971657551825046539e-02,2.406434267759323120e-01,-6.176973134279251099e-02,1.262780129909515381e-01,-3.886138647794723511e-02,-5.850538238883018494e-02,-8.880246430635452271e-03,-9.517421573400497437e-02,-6.363134086132049561e-02,7.499365508556365967e-02,1.188445240259170532e-01
-1.740899682044982910e-01,1.023316457867622375e-01,-1.407135557383298874e-02,2.529275789856910706e-02,4.872369393706321716e-02,-4.995407909154891968e-02,1.072484478354454041e-01,-1.599785685539245605e-01,-7.616091519594192505e-02,-1.206232756376266479e-01,5.382098630070686340e-02,-1.572042256593704224e-01,4.921695590019226074e-02,7.580468058586120605e-02,-3.205976262688636780e-02,6.524052470922470093e-02,-8.892592787742614746e-02,-2.718535810708999634e-02,1.089342869818210602e-02,-8.955327793955802917e-03,2.088722400367259979e-02,3.650565072894096375e-02,-2.045594714581966400e-02,1.065244781784713268e-03,5.799630284309387207e-02,-2.480883151292800903e-03,-4.506842233240604401e-03,-7.145361602306365967e-02,1.711201295256614685e-02,7.454854995012283325e-02,1.517414897680282593e-01,1.378738135099411011e-01,-4.464391246438026428e-02,-3.976565320044755936e-03,-8.320122025907039642e-03,2.092769555747509003e-02,9.815409779548645020e-02,-8.317378163337707520e-02,2.675934880971908569e-02,-8.594528585672378540e-02,2.937632612884044647e-02,5.497914552688598633e-02,1.006331145763397217e-01,-2.797175012528896332e-02,-7.987000048160552979e-02,-1.272173225879669189e-02,7.690372318029403687e-02,3.347096592187881470e-02,-5.855400860309600830e-02,-5.963296815752983093e-02,-2.679923474788665771e-01,3.212994852219708264e-05,1.212499216198921204e-01,-6.246386840939521790e-02,1.308966577053070068e-01,-8.360422402620315552e-02,1.233191564679145813e-01,-5.769516155123710632e-02,-1.136533245444297791e-01,1.184519752860069275e-01,9.570381045341491699e-02,7.253392785787582397e-02,8.909743279218673706e-02,1.300065964460372925e-01,4.031552001833915710e-02,-6.762444227933883667e-02,3.199076279997825623e-02,-2.874995209276676178e-02,1.322661489248275757e-01,-2.302745133638381958e-01,-4.605598375201225281e-02,6.918390095233917236e-02,1.037715747952461243e-01,-7.183998823165893555e-02,-7.222759723663330078e-02,2.322690486907958984e-01,1.327871382236480713e-01,-1.834273785352706909e-01,-6.524440646171569824e-02,-2.322911322116851807e-01,-5.487650260329246521e-02,1.405221074819564819e-01,4.754426777362823486e-01,-1.189125478267669678e-01,1.186120286583900452e-01,2.885246183723211288e-03,-1.382229924201965332e-01,5.889524891972541809e-02,1.235311478376388550e-01,6.794630736112594604e-02,-1.441820338368415833e-02,-1.088324189186096191e-01,1.801502518355846405e-02,5.584777146577835083e-02,1.270542144775390625e-01,-7.000422477722167969e-02,5.618838965892791748e-02,-2.105031609535217285e-01,-4.948770627379417419e-02,4.434337094426155090e-02,2.381954574957489967e-03,-1.795955235138535500e-03,-4.852765705436468124e-03,-2.957058697938919067e-02,9.538972377777099609e-02,-1.472761631011962891e-01,-1.900634467601776123e-01,8.206257969141006470e-02,3.075620718300342560e-02,-2.135414183139801025e-01,-1.370237320661544800e-01,3.067562282085418701e-01,-1.970568485558032990e-02,1.268862336874008179e-01,-1.103412657976150513e-01,3.909047320485115051e-02,3.123892471194267273e-03,4.436798021197319031e-02,1.021118387579917908e-01,2.671667635440826416e-01,3.211781755089759827e-02,1.472972780466079712e-01,3.340158611536026001e-02,-6.851997226476669312e-02,2.491534501314163208e-02,1.073532328009605408e-01,7.448338717222213745e-02,-1.590296067297458649e-02,-2.261770330369472504e-02,-6.576915085315704346e-02,-4.250035807490348816e-02,-1.322824060916900635e-01,-9.002824127674102783e-02,-6.468810886144638062e-02,-6.891933083534240723e-02,1.280978228896856308e-02,7.731460779905319214e-02,-1.243294924497604370e-01,-1.996709592640399933e-02,-2.571808174252510071e-03,-1.555740535259246826e-01,-5.917298048734664917e-02,-3.588563948869705200e-02,-6.087754666805267334e-02,-1.625710283406078815e-03,5.309500545263290405e-02,1.160304993391036987e-01,6.878387182950973511e-02,-7.824271172285079956e-02,-5.122571811079978943e-02,1.135301589965820312e-01,-1.912798434495925903e-01,1.243485510349273682e-01,-8.950787596404552460e-03,-3.810212016105651855e-02,-6.544757634401321411e-02,-5.025545135140419006e-02,5.468662362545728683e-03,-1.441674958914518356e-02,-1.562182754278182983e-01,-6.148397549986839294e-02,-2.557159774005413055e-02,-1.211006268858909607e-01,-1.011651530861854553e-01,-2.991941943764686584e-02,-1.170891895890235901e-01,-2.904329635202884674e-02,7.094751112163066864e-03,8.006963133811950684e-02,5.385993123054504395e-01,-1.212414428591728210e-01,-5.677384138107299805e-02,-8.968319743871688843e-02,-1.029219329357147217e-01,-6.576705724000930786e-02,9.106586873531341553e-02,-7.884170860052108765e-02,1.608920097351074219e-01,6.768593937158584595e-02,3.912195935845375061e-02,3.804690018296241760e-02,-6.700281798839569092e-02,-8.289875835180282593e-02
-8.032175898551940918e-02,-2.029047533869743347e-02,9.861709177494049072e-02,-2.256439924240112305e-01,1.813499033451080322e-01,1.565817892551422119e-01,1.664981059730052948e-02,2.071169465780258179e-01,-1.297471374273300171e-01,2.921883016824722290e-02,5.774331837892532349e-02,3.823145106434822083e-02,-6.263389438390731812e-02,5.647694692015647888e-02,4.576835781335830688e-02,-1.796357482671737671e-01,-1.102006211876869202e-01,1.797494739294052124e-01,1.061691194772720337e-01,-5.763353407382965088e-02,-1.067923530936241150e-01,-1.843146979808807373e-02,7.089424133300781250e-02,1.639808565378189087e-01,2.412969619035720825e-02,-2.494897693395614624e-02,1.273276400752365589e-03,-3.209952116012573242e-01,2.269629389047622681e-01,-5.332905650138854980e-01,3.191652595996856689e-01,1.355008594691753387e-02,9.797205030918121338e-02,1.423632800579071045e-01,-6.756009068340063095e-03,6.551592051982879639e-02,8.832918852567672729e-02,5.879259482026100159e-02,8.975839614868164062e-02,5.536370351910591125e-02,1.367260217666625977e-01,1.116493701934814453e+00,-2.690794877707958221e-02,2.109696269035339355e-01,-4.327380098402500153e-03,-1.047505810856819153e-01,1.799151748418807983e-01,4.787938892841339111e-01,1.551361978054046631e-01,6.793048232793807983e-02,1.142700240015983582e-01,-6.649880670011043549e-03,1.109515354037284851e-01,-9.892497211694717407e-03,4.161841049790382385e-02,-9.096433967351913452e-02,2.479210495948791504e-02,8.174405246973037720e-02,2.357089072465896606e-01,3.357505192980170250e-03,-6.177873536944389343e-02,8.920527696609497070e-01,-2.057224363088607788e-01,2.158685401082038879e-02,-5.497999861836433411e-02,-5.355775356292724609e-02,1.389610767364501953e-01,4.709103703498840332e-02,1.617371886968612671e-01,4.213710501790046692e-02,-8.835660815238952637e-01,2.163294553756713867e-01,-7.457842677831649780e-02,1.407225430011749268e-01,-1.608256623148918152e-02,-2.560763061046600342e-02,-3.362741693854331970e-02,-1.499972045421600342e-01,-8.376600593328475952e-02,2.052431404590606689e-01,-3.294258564710617065e-02,-1.299616098403930664e-01,1.842584908008575439e-01,-9.626658260822296143e-02,-1.131701022386550903e-01,1.827137917280197144e-02,9.441717527806758881e-03,2.973420619964599609e-01,-4.272602126002311707e-02,1.916918009519577026e-01,1.915022134780883789e-01,2.076442167162895203e-02,-1.138013601303100586e-02,-2.917764708399772644e-02,1.412547379732131958e-01,4.370003566145896912e-02,1.062007099390029907e-01,7.804042100906372070e-02,6.027447059750556946e-03,2.640705704689025879e-01,-1.300822049379348755e-01,1.611528545618057251e-02,8.266529999673366547e-03,-1.005842015147209167e-01,3.540124595165252686e-01,-5.497058480978012085e-02,-3.136409819126129150e-02,-1.268237680196762085e-01,-6.604661792516708374e-02,7.239799201488494873e-02,3.845612704753875732e-02,2.086520427837967873e-03,8.953867852687835693e-02,4.590036720037460327e-02,-3.909827768802642822e-02,-2.004329562187194824e-01,1.175307855010032654e-01,1.182499690912663937e-03,-7.649493962526321411e-02,-9.144774638116359711e-03,-1.084525436162948608e-01,6.591057032346725464e-02,-1.068528462201356888e-02,1.300487760454416275e-02,2.241870202124118805e-02,3.006674349308013916e-01,-9.529460966587066650e-02,-5.622749775648117065e-02,7.839724421501159668e-02,8.139020204544067383e-02,-6.127303838729858398e-02,-1.386667788028717041e-01,2.073699533939361572e-01,2.167932689189910889e-01,1.981077641248703003e-01,1.001386791467666626e-01,2.258292436599731445e-01,-5.829956009984016418e-02,1.039573401212692261e-01,1.562431454658508301e-01,-1.025795415043830872e-01,-2.306030131876468658e-03,6.429038941860198975e-02,-1.630745530128479004e-01,5.443039163947105408e-02,-1.985388547182083130e-01,7.407058030366897583e-03,1.225695013999938965e-01,9.518295526504516602e-02,1.357325017452239990e-01,1.121732965111732483e-01,3.257177397608757019e-02,1.867614313960075378e-02,5.701763555407524109e-02,9.788828901946544647e-03,-6.149997115135192871e-01,-2.650734782218933105e-02,-3.070372529327869415e-02,2.394697368144989014e-01,-5.113049224019050598e-02,-9.714278578758239746e-02,-1.661691665649414062e-01,-1.661537401378154755e-02,-3.492796048521995544e-02,2.524577677249908447e-01,2.761277556419372559e-02,-7.724472880363464355e-02,1.058712601661682129e-01,8.300699293613433838e-02,-4.226917028427124023e-02,1.161431670188903809e-01,6.934060901403427124e-02,1.311615258455276489e-01,7.374102622270584106e-02,-6.233972311019897461e-02,-8.722661435604095459e-02,-6.026648357510566711e-02,-1.678355485200881958e-01,6.189065054059028625e-02,-7.122594118118286133e-02,1.435020118951797485e-01,6.239343062043190002e-02,1.151102222502231598e-02
1.397809088230133057e-01,-1.216061189770698547e-01,-7.453325390815734863e-02,2.223362028598785400e-01,1.902642250061035156e-01,-1.201763600111007690e-01,1.738848239183425903e-01,1.354162245988845825e-01,-1.125558614730834961e-01,-7.126843929290771484e-02,6.593687832355499268e-02,-2.133089452981948853e-01,6.919738650321960449e-02,-3.459329530596733093e-02,-1.076283603906631470e-01,-1.633571237325668335e-01,-1.248496919870376587e-01,-6.632678955793380737e-02,-8.999201655387878418e-02,-4.681044071912765503e-02,1.031665429472923279e-01,-5.744305253028869629e-02,3.134964406490325928e-02,-1.939198821783065796e-01,-4.776218906044960022e-02,-9.225963056087493896e-02,3.076959773898124695e-02,9.943204373121261597e-02,1.779090911149978638e-01,-5.244962498545646667e-02,-1.286790370941162109e-01,8.375194668769836426e-02,-3.253743946552276611e-01,4.126261547207832336e-02,9.105957299470901489e-02,-2.116090059280395508e-01,1.054584756493568420e-01,-8.965716511011123657e-02,-1.575459260493516922e-03,4.740628227591514587e-02,1.369757056236267090e-01,-1.362489070743322372e-02,-1.258128732442855835e-01,-3.613334149122238159e-02,9.442385286092758179e-02,-1.000948399305343628e-01,2.092209458351135254e-01,6.525159627199172974e-02,-2.002164348959922791e-02,5.422054231166839600e-02,-1.812728680670261383e-02,-9.639979153871536255e-02,-6.076083332300186157e-02,9.206765145063400269e-02,-7.063669711351394653e-02,-1.612249910831451416e-01,1.032351180911064148e-01,2.853093668818473816e-02,-4.728133603930473328e-02,-1.518303304910659790e-01,-1.800517290830612183e-01,1.179875209927558899e-01,-5.018399655818939209e-02,-3.906489908695220947e-02,9.184722602367401123e-02,-5.956099927425384521e-02,4.460089281201362610e-02,-1.287164241075515747e-01,-6.245242897421121597e-03,-1.064290329813957214e-01,-6.346450001001358032e-02,6.181208416819572449e-02,-1.967559754848480225e-01,2.685513719916343689e-02,3.436233848333358765e-02,1.791359484195709229e-02,-1.415672898292541504e-01,6.167687103152275085e-02,-1.667546778917312622e-01,5.577206611633300781e-04,-1.633972115814685822e-02,-1.300647556781768799e-01,3.858289122581481934e-01,3.605375438928604126e-02,-2.221197038888931274e-01,3.596395254135131836e-02,1.122010406106710434e-02,3.405122458934783936e-02,8.527680486440658569e-02,1.151733472943305969e-01,-5.444201454520225525e-02,-1.011088415980339050e-01,-2.295929640531539917e-01,-1.875310204923152924e-02,-1.179823875427246094e-01,-2.545029520988464355e-01,5.822413042187690735e-02,-1.187149286270141602e-01,6.773968786001205444e-02,-8.980426192283630371e-02,2.030730843544006348e-01,-1.611919403076171875e-01,2.205146290361881256e-02,-1.997247338294982910e-01,1.370439492166042328e-02,-3.764327242970466614e-02,-9.469094127416610718e-02,-2.525247335433959961e-01,-2.354675084352493286e-01,-6.169531494379043579e-02,6.106843799352645874e-02,4.524945318698883057e-01,1.982744969427585602e-02,-1.101981699466705322e-01,-9.381633251905441284e-02,1.272804737091064453e-01,-7.259955257177352905e-02,-1.057025939226150513e-01,-1.122565492987632751e-01,5.669263377785682678e-02,-1.720987819135189056e-02,-1.062689721584320068e-01,-1.892526447772979736e-02,-3.151387907564640045e-03,-5.113872885704040527e-02,-9.362627752125263214e-03,-6.482660770416259766e-02,2.160669565200805664e-01,-4.896629601716995239e-02,-1.393306106328964233e-01,-4.680806025862693787e-02,-2.983161993324756622e-02,-1.557410061359405518e-01,1.819005608558654785e-02,-3.228334710001945496e-02,-1.604140549898147583e-01,-3.223838284611701965e-02,6.297716405242681503e-03,1.239925324916839600e-01,-2.447668462991714478e-02,-3.144743666052818298e-02,-9.913199394941329956e-02,1.794240474700927734e-01,9.469202160835266113e-02,9.628189355134963989e-02,5.659165978431701660e-02,-6.403046101331710815e-02,1.140019297599792480e-01,-6.158481352031230927e-03,4.117201641201972961e-02,-6.376300752162933350e-02,-6.380821764469146729e-02,-8.347025513648986816e-02,-5.161074921488761902e-02,-5.890131928026676178e-03,1.097720563411712646e-01,8.594738692045211792e-02,2.610996924340724945e-02,2.189493328332901001e-01,1.385860741138458252e-01,5.479057133197784424e-02,-1.913798302412033081e-01,5.925451964139938354e-02,-3.690521046519279480e-02,9.626723825931549072e-02,2.353941649198532104e-02,5.969295278191566467e-02,7.294633239507675171e-02,-1.436682045459747314e-01,5.002728700637817383e-01,-1.286929547786712646e-01,-1.203008517622947693e-01,8.294011652469635010e-02,7.455606013536453247e-02,1.736616343259811401e-02,-4.843911528587341309e-02,2.292495407164096832e-02,5.426051467657089233e-02,5.221679806709289551e-02,-1.030094325542449951e-01,2.577908039093017578e-01,-1.804521530866622925e-01,-2.906172536313533783e-02
2.162368409335613251e-02,-1.406173110008239746e-01,1.029327064752578735e-01,2.419634722173213959e-02,1.896048337221145630e-02,3.222051262855529785e-02,-1.536134816706180573e-02,1.128700599074363708e-01,1.085931137204170227e-01,1.128173246979713440e-01,7.770151644945144653e-02,2.311362177133560181e-01,3.322744369506835938e-01,3.378093987703323364e-02,-1.228508725762367249e-01,3.049734421074390411e-02,-1.205290784128010273e-03,8.594537526369094849e-02,-2.320077829062938690e-02,-6.197156384587287903e-02,-9.138142317533493042e-02,-3.985669836401939392e-02,-2.522615157067775726e-02,7.572365924715995789e-03,-2.252900041639804840e-02,1.630626036785542965e-03,-3.259404301643371582e-01,7.402361184358596802e-02,-1.073986589908599854e-01,-5.975325033068656921e-02,1.855963096022605896e-02,-4.027681425213813782e-02,-2.789485640823841095e-02,1.711141169071197510e-01,-7.737297564744949341e-03,-1.242557391524314880e-01,-1.569494754076004028e-01,3.200503811240196228e-02,6.378214806318283081e-02,1.490522772073745728e-01,1.209974102675914764e-02,-5.268901586532592773e-02,1.743715107440948486e-01,1.003173217177391052e-01,-1.576833799481391907e-02,8.858896791934967041e-02,1.192272007465362549e-01,-2.031681537628173828e-01,8.685484528541564941e-02,-8.860706537961959839e-02,1.667033135890960693e-02,-1.236144825816154480e-01,2.041072845458984375e-01,3.006819635629653931e-02,3.977311030030250549e-02,1.149738281965255737e-01,3.429207019507884979e-03,-7.989278435707092285e-02,1.859435811638832092e-02,-2.673974446952342987e-02,-1.378376632928848267e-01,1.813661307096481323e-02,-9.792998433113098145e-02,-1.403792798519134521e-01,2.092058062553405762e-01,2.830106019973754883e-01,3.198236227035522461e-01,-8.950704708695411682e-03,8.430764079093933105e-03,-1.340560168027877808e-01,-4.179417714476585388e-02,1.002369150519371033e-01,-1.068828850984573364e-01,1.913011223077774048e-01,-1.233041957020759583e-01,1.536091417074203491e-01,1.701197922229766846e-01,-7.240024209022521973e-02,2.454468421638011932e-02,7.750512100756168365e-03,-1.372410953044891357e-01,-5.086621735244989395e-03,9.643384069204330444e-02,6.416332721710205078e-02,-6.470929086208343506e-02,-6.990071386098861694e-02,-3.258723020553588867e-02,1.110996156930923462e-01,5.125418305397033691e-02,1.635837554931640625e-01,-1.057140603661537170e-01,-5.670394748449325562e-02,7.214672863483428955e-02,-1.049021854996681213e-01,-8.054193109273910522e-02,5.688759684562683105e-02,-1.581921428442001343e-01,-2.310772612690925598e-02,-9.723992645740509033e-02,-1.563642024993896484e-01,1.069987658411264420e-02,3.364358842372894287e-02,-2.619472146034240723e-02,2.878769859671592712e-02,-2.579545602202415466e-02,4.147028177976608276e-02,-8.016374707221984863e-02,-1.439517289400100708e-01,2.149375379085540771e-01,-2.443222887814044952e-02,3.761826083064079285e-02,1.753259152173995972e-01,9.778752923011779785e-03,1.915385946631431580e-02,6.618776824325323105e-03,-1.973336189985275269e-02,1.383695304393768311e-01,3.072786889970302582e-02,-2.630791068077087402e-01,2.057769894599914551e-01,8.078940212726593018e-02,-1.673795282840728760e-01,-1.579511165618896484e-02,-5.624469369649887085e-03,2.338674515485763550e-01,-1.167191043496131897e-01,2.773795835673809052e-02,-1.476379930973052979e-01,8.730974048376083374e-02,1.498735249042510986e-01,4.624113906174898148e-03,-1.781719028949737549e-01,-2.018392831087112427e-02,6.363339722156524658e-02,5.461464822292327881e-02,-6.872218847274780273e-02,-3.889225795865058899e-02,6.574075669050216675e-02,-1.527530699968338013e-02,1.121372058987617493e-01,-7.839227467775344849e-02,-2.023229002952575684e-02,1.145332586020231247e-02,4.204773902893066406e-02,-5.392329394817352295e-02,1.588601619005203247e-01,1.518209278583526611e-01,-2.037846483290195465e-02,4.242279753088951111e-02,1.625252217054367065e-01,6.390193849802017212e-02,-3.689600899815559387e-02,3.820315760094672441e-04,1.911351643502712250e-02,9.876778721809387207e-02,-3.443405032157897949e-02,-1.389635652303695679e-01,1.032895687967538834e-02,1.771568320691585541e-02,1.223565191030502319e-01,5.185629054903984070e-02,1.181008145213127136e-01,4.409239813685417175e-02,-1.723556369543075562e-01,1.866021752357482910e-01,5.353650450706481934e-02,-2.193618938326835632e-02,9.029255807399749756e-02,-6.944283097982406616e-02,1.520267128944396973e-01,-7.085890322923660278e-02,-1.502068340778350830e-01,8.039992302656173706e-03,-9.102994948625564575e-02,-4.939854890108108521e-02,-4.021014273166656494e-02,1.294620987027883530e-02,-1.651616245508193970e-01,5.313629657030105591e-02,-8.713656105101108551e-03,2.116107046604156494e-01,-1.362543404102325439e-01,8.530873805284500122e-02
1.020334959030151367e-01,-2.152262441813945770e-02,-3.532756119966506958e-02,-2.105140239000320435e-01,-8.020289242267608643e-02,-3.682540357112884521e-02,3.134147822856903076e-02,1.718093901872634888e-01,-9.475825726985931396e-02,3.433588147163391113e-02,-9.247090667486190796e-02,2.818462811410427094e-02,5.181189253926277161e-02,-1.158245876431465149e-01,1.938489638268947601e-02,-1.984280049800872803e-01,1.390551924705505371e-01,-1.770323491655290127e-03,3.884865902364253998e-03,7.055704295635223389e-02,-9.247675538063049316e-02,1.850549429655075073e-01,6.603810191154479980e-02,-1.552230566740036011e-01,8.939762413501739502e-02,5.871559958904981613e-03,1.285229474306106567e-01,8.273860812187194824e-02,2.173979999497532845e-03,-6.059035286307334900e-02,-6.790729612112045288e-02,-1.956537365913391113e-01,8.222571760416030884e-02,7.918356359004974365e-02,9.163390100002288818e-02,-5.335780978202819824e-02,2.729844152927398682e-01,-1.608260869979858398e-01,-1.283360272645950317e-01,-1.612866669893264771e-01,-1.807019114494323730e-01,1.255564391613006592e-01,-3.701931610703468323e-02,-9.121730178594589233e-02,-2.437102794647216797e-02,-1.639290601015090942e-01,-3.913261927664279938e-03,-5.409814044833183289e-02,1.655136942863464355e-01,4.666702821850776672e-02,9.149163216352462769e-02,3.107113391160964966e-02,2.335311844944953918e-02,-7.436034828424453735e-02,-1.230893358588218689e-01,2.605294063687324524e-02,-1.315378993749618530e-01,-5.959185585379600525e-02,3.746430575847625732e-02,7.768041640520095825e-02,2.838280797004699707e-02,-9.755567461252212524e-02,-9.578558802604675293e-02,-2.210612222552299500e-02,-4.768035933375358582e-02,-4.703030362725257874e-02,3.085384704172611237e-02,-3.759653482120484114e-04,-1.173128411173820496e-01,4.766117408871650696e-02,2.891714125871658325e-02,-4.279319196939468384e-02,1.438413709402084351e-01,-1.939809024333953857e-01,1.513012647628784180e-01,1.264429539442062378e-01,9.086807817220687866e-02,1.574628353118896484e-01,4.106147214770317078e-02,-7.858314551413059235e-03,1.728383451700210571e-02,-6.197253614664077759e-02,9.945361316204071045e-02,-1.940965652465820312e-02,6.717543117702007294e-03,1.779959499835968018e-01,3.009727690368890762e-03,7.636035233736038208e-02,-4.767547920346260071e-02,2.676006853580474854e-01,-7.933869212865829468e-02,5.757231637835502625e-02,-1.063940078020095825e-01,7.313004136085510254e-02,-3.945752605795860291e-02,5.685905739665031433e-02,-1.166813671588897705e-01,7.120243459939956665e-02,2.954521914944052696e-04,-8.298452943563461304e-03,-2.711218595504760742e-02,9.458737820386886597e-02,5.822133272886276245e-02,-4.808824881911277771e-02,-1.533442735671997070e-01,5.429601669311523438e-02,-7.454834878444671631e-02,-1.140579953789710999e-01,-1.369935721158981323e-01,-1.278872042894363403e-01,4.790196195244789124e-03,1.460170447826385498e-01,-1.494367718696594238e-01,-8.827689290046691895e-02,2.200080156326293945e-01,5.938389897346496582e-02,7.976106554269790649e-02,2.437177114188671112e-02,-1.152909398078918457e-01,6.838824599981307983e-02,1.142662391066551208e-01,-2.025200128555297852e-01,-6.650744378566741943e-02,8.226712048053741455e-02,-5.319897457957267761e-02,-1.197362467646598816e-01,1.380111128091812134e-01,5.751508846879005432e-02,2.719015756156295538e-04,2.385446578264236450e-01,9.769159555435180664e-02,4.141108319163322449e-02,9.704054147005081177e-02,2.570127323269844055e-02,2.290969528257846832e-02,3.742060391232371330e-03,1.483462005853652954e-01,-8.324284851551055908e-02,3.285985812544822693e-02,-4.488327354192733765e-02,2.727863788604736328e-01,6.086632981896400452e-02,8.879571105353534222e-04,-1.875986009836196899e-01,2.281399071216583252e-02,-7.935642451047897339e-02,4.962835088372230530e-02,1.310670822858810425e-01,-1.649295836687088013e-01,-1.793244853615760803e-02,-4.994015023112297058e-02,7.794918119907379150e-02,1.588781923055648804e-01,-8.557152748107910156e-02,1.352758556604385376e-01,8.979921229183673859e-03,1.282005310058593750e-01,-7.221752405166625977e-02,2.510770410299301147e-02,1.066716387867927551e-01,-8.153817802667617798e-02,1.269484777003526688e-02,5.017201974987983704e-02,1.117330715060234070e-01,8.281487226486206055e-02,8.479511737823486328e-02,-2.149403989315032959e-01,-1.531203556805849075e-02,4.315863549709320068e-02,9.499009698629379272e-02,1.177164763212203979e-01,4.876561928540468216e-03,1.874434500932693481e-01,-9.749110043048858643e-02,-5.062059313058853149e-02,3.479856252670288086e-02,-1.980571001768112183e-01,-6.159640848636627197e-02,1.376508772373199463e-01,-8.140226453542709351e-02,-1.106898114085197449e-01,2.021414227783679962e-03,-1.486236304044723511e-01
-4.897338896989822388e-02,5.420108884572982788e-02,-1.083701401948928833e-01,-9.544348716735839844e-02,-2.131868749856948853e-01,5.173249915242195129e-02,3.938030824065208435e-02,1.713995188474655151e-01,-6.296116858720779419e-02,-1.878068149089813232e-01,-4.983922094106674194e-02,-1.458026021718978882e-01,-9.414878487586975098e-02,2.104495018720626831e-01,-1.358642429113388062e-01,-2.020203918218612671e-01,-1.532033085823059082e-01,4.101811721920967102e-02,6.683266907930374146e-02,8.861001580953598022e-02,-6.537538766860961914e-02,-1.121203005313873291e-01,2.344681769609451294e-01,1.343724224716424942e-02,-1.247177347540855408e-01,1.649915240705013275e-02,-1.020560860633850098e-01,-1.189064048230648041e-02,-6.756716966629028320e-02,5.232257023453712463e-02,5.680319294333457947e-02,2.798965573310852051e-02,-6.462689489126205444e-02,7.959035038948059082e-02,-2.088325917720794678e-01,-4.459990933537483215e-02,-3.783167153596878052e-02,-1.478671561926603317e-02,1.432216167449951172e-01,-6.622849404811859131e-02,5.579061806201934814e-02,-9.504344314336776733e-02,-8.373446762561798096e-02,-1.250817775726318359e-01,-6.185373291373252869e-02,-1.322035938501358032e-01,3.889476135373115540e-02,-1.257501244544982910e-01,-1.085505783557891846e-01,4.218771681189537048e-02,-5.876404047012329102e-02,-2.396158687770366669e-02,3.919704630970954895e-02,-1.006611958146095276e-01,-6.291686743497848511e-02,3.946512937545776367e-02,5.046484991908073425e-03,3.090818971395492554e-02,1.566845551133155823e-02,-1.155729740858078003e-01,-1.559745669364929199e-01,-8.614554069936275482e-03,-6.408753991127014160e-02,-6.049887090921401978e-02,1.060591042041778564e-01,-4.760176315903663635e-02,-7.999168336391448975e-02,9.013946354389190674e-02,5.039263889193534851e-02,1.406324952840805054e-01,5.835900083184242249e-02,-2.477555572986602783e-01,7.771419733762741089e-02,2.285405062139034271e-02,-9.659811854362487793e-02,5.047485232353210449e-02,2.583808265626430511e-02,1.767730116844177246e-01,1.512616989202797413e-03,1.446823477745056152e-01,7.292664796113967896e-02,-7.052966207265853882e-02,6.497585177421569824e-01,-4.763038456439971924e-02,-5.701542831957340240e-03,-2.462299317121505737e-01,7.624470442533493042e-02,5.016590654850006104e-02,-6.311485916376113892e-02,-1.443479582667350769e-02,3.935670107603073120e-02,3.754764050245285034e-02,-3.760597109794616699e-02,-4.606758803129196167e-02,5.619183182716369629e-02,-1.503458023071289062e-01,5.879257991909980774e-02,-1.122500374913215637e-01,1.026498898863792419e-01,1.842163765104487538e-04,9.157316386699676514e-02,2.468505650758743286e-01,-6.371380388736724854e-02,-7.810211926698684692e-02,-5.261890962719917297e-02,-4.250346496701240540e-02,-8.993962407112121582e-02,5.767718330025672913e-02,3.010274376720190048e-04,3.050568699836730957e-02,-1.506401132792234421e-02,2.143369615077972412e-01,1.789518049918115139e-03,-5.328214168548583984e-02,1.026566978543996811e-02,-4.441217705607414246e-02,-1.816417574882507324e-01,1.676144003868103027e-01,1.055755093693733215e-01,1.009026989340782166e-01,7.888590916991233826e-03,1.696056425571441650e-01,5.825366079807281494e-02,-8.774942904710769653e-02,-2.349763661623001099e-01,-8.287573605775833130e-02,8.577878028154373169e-02,-1.312805116176605225e-01,6.946752965450286865e-02,1.314427983015775681e-02,1.636484637856483459e-02,-7.771507650613784790e-02,-1.602298207581043243e-02,2.856110334396362305e-01,2.131933346390724182e-02,4.874118044972419739e-02,-8.650333434343338013e-02,-2.604016959667205811e-01,-7.813632488250732422e-02,-7.505862414836883545e-02,-1.035880297422409058e-02,1.832958906888961792e-01,-5.766330659389495850e-02,1.984212994575500488e-01,1.387626379728317261e-01,-1.688115149736404419e-01,-1.656738519668579102e-01,-6.323327869176864624e-02,9.642455726861953735e-02,-1.753089129924774170e-01,-2.313715070486068726e-01,7.820799201726913452e-02,1.923459172248840332e-01,1.589619740843772888e-02,-1.970237866044044495e-02,9.254685789346694946e-02,-5.179172754287719727e-02,-1.755689643323421478e-02,-1.586445271968841553e-01,5.368649959564208984e-02,-4.379509016871452332e-02,1.583106964826583862e-01,1.419919729232788086e-01,6.264778226613998413e-02,3.627897799015045166e-02,-4.798441752791404724e-02,-3.695686161518096924e-02,7.623783499002456665e-02,2.199732325971126556e-02,5.216329693794250488e-01,8.481258153915405273e-02,-1.165841519832611084e-01,-1.896850913763046265e-01,-5.560418963432312012e-02,-5.312258750200271606e-02,-5.121861025691032410e-02,-2.584434151649475098e-01,2.139489352703094482e-02,-1.150014474987983704e-01,2.510889470577239990e-01,1.593257784843444824e-01,3.645765408873558044e-02,-4.404298961162567139e-03
1.790279895067214966e-01,6.855800002813339233e-02,6.093585863709449768e-02,-1.178857162594795227e-01,1.918974220752716064e-01,-3.445514664053916931e-02,2.982714027166366577e-02,1.827032491564750671e-02,-5.615846253931522369e-03,1.715006828308105469e-01,5.634510144591331482e-02,7.221017777919769287e-02,3.128158748149871826e-01,-6.031214445829391479e-02,-7.784635573625564575e-02,1.191816106438636780e-01,-2.668578922748565674e-01,-1.030942723155021667e-01,-9.180755913257598877e-02,5.804936215281486511e-02,2.497820742428302765e-02,6.153284758329391479e-02,9.343498386442661285e-03,1.568298786878585815e-01,1.459709089249372482e-02,-1.125703752040863037e-01,-1.014048308134078979e-01,-3.617849200963973999e-02,-9.328174404799938202e-03,-3.731442689895629883e-01,1.910063624382019043e-01,-2.200467288494110107e-01,-8.920966088771820068e-02,2.368777543306350708e-01,3.886776044964790344e-02,1.624358594417572021e-01,1.164352893829345703e-02,3.298158198595046997e-02,-6.392216682434082031e-02,-3.326094150543212891e-02,-5.507875606417655945e-02,1.029545515775680542e-01,5.795424804091453552e-02,-2.087141871452331543e-01,-1.131797358393669128e-01,-7.483459264039993286e-02,-7.475187536329030991e-03,1.121448054909706116e-01,-1.125429756939411163e-02,2.691322006285190582e-02,1.427726596593856812e-01,-1.276323646306991577e-01,1.012165322899818420e-01,-9.632743895053863525e-02,6.686645001173019409e-02,1.062757000327110291e-01,1.386505067348480225e-01,-2.861021272838115692e-02,1.175116896629333496e-01,1.489086300134658813e-01,2.876468189060688019e-02,-2.118829339742660522e-01,-7.711412757635116577e-02,-1.134658381342887878e-01,-1.132136583328247070e-01,6.440282613039016724e-02,-9.427459537982940674e-02,-1.246080473065376282e-01,-5.111985653638839722e-02,-9.205347299575805664e-02,4.627275466918945312e-02,-1.726030409336090088e-01,-7.887796312570571899e-02,-1.308288276195526123e-01,-6.610123906284570694e-03,2.794517390429973602e-02,-2.132899612188339233e-01,-9.003376215696334839e-02,7.053886353969573975e-02,1.427474915981292725e-01,-2.207327820360660553e-02,1.556405723094940186e-01,-9.962671250104904175e-02,6.883775815367698669e-03,-9.155955165624618530e-02,-6.813892722129821777e-02,-7.494127005338668823e-02,-3.565956652164459229e-02,-3.518412634730339050e-02,-9.643109515309333801e-03,1.400755643844604492e-01,-1.786677539348602295e-01,9.058500826358795166e-02,1.996184140443801880e-01,1.939933188259601593e-02,-4.301286861300468445e-02,-1.454432588070631027e-02,-1.247411817312240601e-01,1.769736707210540771e-01,1.512612681835889816e-02,-5.283853784203529358e-02,1.443566232919692993e-01,9.690029174089431763e-02,-1.011957228183746338e-01,-8.118978887796401978e-02,7.150285691022872925e-02,-9.401112794876098633e-03,-2.551649883389472961e-02,4.493604227900505066e-02,8.406591415405273438e-02,1.531435293145477772e-03,9.656409919261932373e-02,1.786282807588577271e-01,-6.684590131044387817e-02,1.008086875081062317e-01,-2.189746350049972534e-01,1.220599114894866943e-01,1.862621009349822998e-01,-2.682198211550712585e-02,3.759811818599700928e-02,-7.485852390527725220e-02,2.334363572299480438e-02,6.523042172193527222e-02,-1.613948047161102295e-01,-1.243675574660301208e-01,6.165015324950218201e-02,8.473987132310867310e-02,-1.696337312459945679e-01,-6.634064763784408569e-02,1.228893920779228210e-01,1.115569248795509338e-01,-1.101148687303066254e-02,1.036487370729446411e-01,-2.002390101552009583e-02,-8.290253579616546631e-02,6.903971731662750244e-02,7.045949250459671021e-02,9.106757934205234051e-04,2.772817388176918030e-02,4.607285186648368835e-02,-9.616789221763610840e-02,-1.203344855457544327e-02,1.621900359168648720e-03,-1.294697541743516922e-02,1.868489384651184082e-01,9.592778235673904419e-02,-3.193127631675451994e-04,1.923554241657257080e-01,-9.325245767831802368e-02,1.539016515016555786e-01,-4.410748369991779327e-03,1.539665311574935913e-01,-1.159766018390655518e-01,1.633094996213912964e-01,1.190508753061294556e-01,-1.060456186532974243e-01,-1.113599687814712524e-01,-7.435107231140136719e-02,3.126334398984909058e-02,-1.434462983161211014e-02,-2.014661580324172974e-02,-8.783525973558425903e-02,-7.827132195234298706e-02,-8.864766359329223633e-02,3.589285537600517273e-02,-1.129574328660964966e-01,3.498890995979309082e-02,-4.670161753892898560e-02,1.462420728057622910e-02,1.586409956216812134e-01,-1.051888912916183472e-01,1.871308982372283936e-01,-3.780965879559516907e-02,2.598387300968170166e-01,7.042445987462997437e-02,-6.179603561758995056e-02,-3.777815401554107666e-02,-1.760805957019329071e-02,8.281949162483215332e-02,-3.671864047646522522e-02,2.612869068980216980e-02,1.378386002033948898e-02,1.480469405651092529e-01
1.239831820130348206e-01,-5.428414419293403625e-02,-1.575491875410079956e-01,-8.641274273395538330e-02,2.576546669006347656e-01,-8.926048874855041504e-02,1.936354637145996094e-01,8.178852498531341553e-02,7.253845781087875366e-02,3.953250870108604431e-02,4.131117090582847595e-02,6.980936229228973389e-02,2.167853899300098419e-02,8.159372955560684204e-02,-6.342053413391113281e-02,3.739300742745399475e-02,-8.408729732036590576e-02,3.615394607186317444e-02,-1.528218295425176620e-02,-1.578291803598403931e-01,1.139694824814796448e-01,-9.259095788002014160e-02,-1.865820400416851044e-02,-5.725105851888656616e-02,-4.381907358765602112e-02,-5.006520822644233704e-02,-6.527391821146011353e-02,-2.283216863870620728e-01,-1.524484902620315552e-01,-3.707861155271530151e-02,1.152528300881385803e-01,-1.101491157896816730e-03,-1.157547906041145325e-01,5.390927568078041077e-02,-2.213122881948947906e-02,1.030999794602394104e-01,2.813454866409301758e-01,-8.539945632219314575e-02,1.719417870044708252e-01,5.733791366219520569e-02,1.625943779945373535e-01,-8.299704641103744507e-02,5.705183371901512146e-02,2.800993435084819794e-02,8.635757863521575928e-02,1.271414309740066528e-01,2.205605432391166687e-02,-1.810741722583770752e-01,8.374814689159393311e-02,-7.078577578067779541e-02,2.458563249092549086e-04,1.119365468621253967e-01,-1.176616102457046509e-01,8.506745845079421997e-02,-1.016598418354988098e-01,-3.578414022922515869e-02,6.748495995998382568e-02,-1.825083978474140167e-02,8.640228211879730225e-02,-6.537999957799911499e-02,4.273654520511627197e-02,1.602424830198287964e-01,1.675564795732498169e-01,2.264580130577087402e-02,1.116906031966209412e-01,-6.665807217359542847e-02,1.841474510729312897e-02,-1.411205995827913284e-02,6.577264517545700073e-02,2.019381709396839142e-02,2.677320688962936401e-02,-6.961274892091751099e-02,-8.995307236909866333e-02,1.500290930271148682e-01,-2.528971619904041290e-02,7.100390642881393433e-02,5.730579048395156860e-02,1.273069679737091064e-01,1.143931299448013306e-01,1.002869084477424622e-01,4.325761273503303528e-02,8.708336390554904938e-03,-6.357516348361968994e-02,2.752974927425384521e-01,1.920218579471111298e-02,6.561572104692459106e-02,-5.109457415528595448e-04,2.434946596622467041e-02,2.267925627529621124e-02,1.385180801153182983e-01,-6.648719776421785355e-03,8.693541400134563446e-03,2.184984087944030762e-02,3.336150199174880981e-02,1.670114994049072266e-01,8.510963618755340576e-02,-3.017468610778450966e-03,9.106568247079849243e-02,2.427966706454753876e-02,1.408621948212385178e-02,4.505562409758567810e-02,-1.263066679239273071e-01,2.895465865731239319e-02,9.680692106485366821e-02,1.306573599576950073e-01,-6.805789470672607422e-02,1.233930438756942749e-01,1.341130286455154419e-01,6.355639547109603882e-02,8.907243609428405762e-02,4.878208413720130920e-02,-1.153937950730323792e-01,8.964614570140838623e-02,-4.005580395460128784e-02,7.690414786338806152e-03,2.590563893318176270e-02,-8.918835967779159546e-02,-1.066392362117767334e-01,-7.234664261341094971e-02,8.237375319004058838e-02,4.029677063226699829e-02,-1.421837806701660156e-01,-1.793830469250679016e-02,-7.749176025390625000e-02,7.033404707908630371e-02,-1.877167448401451111e-02,1.589588262140750885e-02,-3.867892175912857056e-02,-7.883679866790771484e-02,4.471531510353088379e-02,-1.184414699673652649e-01,1.261540651321411133e-01,1.071522291749715805e-02,1.016161963343620300e-01,-1.783639788627624512e-01,-1.530558615922927856e-01,3.760536387562751770e-02,-1.044443324208259583e-01,-1.649951040744781494e-01,2.783822268247604370e-02,-2.132530957460403442e-01,3.630525991320610046e-02,-8.069306612014770508e-02,-4.190668091177940369e-02,1.661818623542785645e-01,5.101002380251884460e-02,-5.382440984249114990e-02,-1.476690918207168579e-01,2.223520353436470032e-02,-2.133324891328811646e-01,-8.092146366834640503e-02,-2.669794484972953796e-02,-3.223530203104019165e-02,-8.949407190084457397e-02,2.368510663509368896e-01,-1.238658204674720764e-01,-1.208779737353324890e-01,-2.094585001468658447e-01,4.349243268370628357e-02,1.760360896587371826e-01,-2.380599966272711754e-03,1.143741458654403687e-01,-7.242150604724884033e-02,-1.743807690218091011e-03,-9.353573620319366455e-02,9.407085180282592773e-02,-6.506524235010147095e-02,-1.336659421212971210e-03,5.514136701822280884e-02,2.515700832009315491e-02,-4.157996922731399536e-02,2.602721750736236572e-01,-7.095221430063247681e-02,-5.847818404436111450e-02,-1.841102093458175659e-01,6.501399725675582886e-02,-8.716998249292373657e-02,4.035627469420433044e-02,-8.975829184055328369e-02,-5.165617540478706360e-02,-7.415709644556045532e-02,-2.112344605848193169e-03,-4.001149535179138184e-02
-4.930937662720680237e-02,-7.833247631788253784e-02,-1.075746491551399231e-01,7.920915633440017700e-02,2.721353806555271149e-02,-8.153931051492691040e-02,8.464784175157546997e-02,3.002174012362957001e-02,-2.910473942756652832e-02,8.389765769243240356e-02,1.042210147716104984e-03,1.667428314685821533e-01,1.201392784714698792e-01,1.650070399045944214e-02,2.205901294946670532e-01,5.923578515648841858e-02,1.196925491094589233e-01,7.050243020057678223e-02,1.287273168563842773e-01,-6.191092357039451599e-02,1.612521708011627197e-01,-2.777676656842231750e-02,1.534284204244613647e-01,-8.846613764762878418e-02,-1.195667907595634460e-01,1.750772595405578613e-01,-5.271888896822929382e-02,3.390707820653915405e-02,-1.114508602768182755e-03,-1.128092929720878601e-01,2.273707091808319092e-01,-1.174358204007148743e-01,1.321775279939174652e-02,1.383686251938343048e-02,2.304613441228866577e-01,9.734339267015457153e-02,2.342691086232662201e-02,-3.530817478895187378e-02,8.116234838962554932e-02,-4.127692431211471558e-02,2.382709234952926636e-01,-4.618246108293533325e-03,-1.141722723841667175e-01,-7.568039745092391968e-02,-1.100212931632995605e-01,1.791608035564422607e-01,5.225618556141853333e-02,-1.414805054664611816e-01,1.865465193986892700e-01,-5.204498767852783203e-02,1.374603807926177979e-01,-7.367832213640213013e-02,7.779457420110702515e-02,2.678052260307595134e-05,-1.991217583417892456e-01,5.045194923877716064e-02,9.927345439791679382e-03,7.440854609012603760e-02,8.158434927463531494e-02,-6.392443180084228516e-02,-7.265917956829071045e-02,8.322259411215782166e-03,-1.185244172811508179e-01,8.856485947035253048e-04,-1.404927819967269897e-01,-2.072595991194248199e-02,2.318239584565162659e-02,4.850806295871734619e-02,1.803977191448211670e-01,-1.253825321327894926e-04,-7.706349343061447144e-02,-3.028509616851806641e-01,-1.837374642491340637e-02,-9.596279263496398926e-02,2.455660998821258545e-01,1.634042114019393921e-01,2.094519138336181641e-02,4.565230011940002441e-02,9.904971718788146973e-02,9.509640932083129883e-02,1.427359580993652344e-01,-1.642461717128753662e-01,-4.501946736127138138e-03,-9.058385342359542847e-02,2.465450763702392578e-02,-1.588416285812854767e-02,6.815358996391296387e-02,4.365443438291549683e-02,-1.071854233741760254e-01,6.559261679649353027e-02,1.715249866247177124e-01,2.661183476448059082e-03,-5.602855607867240906e-02,-1.628226488828659058e-01,2.843351662158966064e-02,1.109132319688796997e-01,-1.934709772467613220e-02,1.318877190351486206e-01,-1.013985201716423035e-01,-1.966656185686588287e-02,-1.002762317657470703e-01,9.390117228031158447e-02,2.387682199478149414e-01,-6.460972130298614502e-02,-1.752901524305343628e-01,-1.442153658717870712e-02,-7.945597916841506958e-02,-1.751853525638580322e-02,1.336104869842529297e-01,-1.878961361944675446e-02,7.763831317424774170e-02,-1.172576919198036194e-01,-2.161971665918827057e-02,5.207877978682518005e-02,-2.061120718717575073e-01,-3.439499065279960632e-02,-2.318876795470714569e-02,-1.835864596068859100e-02,7.076083868741989136e-02,8.947968482971191406e-02,-8.276941627264022827e-02,-1.193307861685752869e-01,-2.178728207945823669e-02,2.157722413539886475e-01,-1.305508520454168320e-02,-2.304921112954616547e-02,-2.742745168507099152e-02,1.381250657141208649e-02,4.877432063221931458e-02,2.884059585630893707e-02,-1.206116974353790283e-01,-5.334195867180824280e-02,-1.545812468975782394e-02,-1.336464378982782364e-02,-1.182710826396942139e-01,1.111771538853645325e-01,1.317122578620910645e-01,-1.974829845130443573e-02,1.201247721910476685e-01,1.356289237737655640e-01,1.999733783304691315e-02,-2.589423023164272308e-02,5.190619826316833496e-02,2.553133070468902588e-01,7.088845968246459961e-02,-2.377970376983284950e-03,5.231714248657226562e-02,-1.499201506376266479e-01,-1.906124688684940338e-02,-3.813522309064865112e-02,-4.396463558077812195e-02,-4.524769634008407593e-02,8.169967681169509888e-02,-2.863530069589614868e-02,5.053645744919776917e-02,5.189955607056617737e-02,8.034724742174148560e-02,2.793247811496257782e-02,1.410854756832122803e-01,-5.320560559630393982e-02,1.208485215902328491e-01,1.141691431403160095e-01,2.074271142482757568e-01,-7.338768243789672852e-02,-8.586539328098297119e-02,5.962442234158515930e-02,8.842179179191589355e-02,4.937319085001945496e-02,1.560257077217102051e-01,1.396630406379699707e-01,6.404192745685577393e-02,1.508962083607912064e-02,-1.094463691115379333e-01,-6.166291888803243637e-03,-1.250087097287178040e-02,7.099665701389312744e-02,-1.087444573640823364e-01,-2.752360701560974121e-02,4.852859675884246826e-02,1.248858347535133362e-01,6.858189404010772705e-02,-1.825173944234848022e-01,-1.113401055335998535e-01
2.036001533269882202e-01,-1.392608582973480225e-01,3.072772733867168427e-02,2.507801866158843040e-03,-3.385607004165649414e-01,-3.417619317770004272e-02,-1.150332316756248474e-01,6.672763265669345856e-03,-1.422005519270896912e-02,-1.899235695600509644e-01,-2.208706550300121307e-02,-7.482555508613586426e-02,-8.252331614494323730e-02,1.045052483677864075e-01,1.251697838306427002e-01,-4.101302847266197205e-02,-1.230326220393180847e-01,-6.914917379617691040e-02,-1.728358492255210876e-02,-8.779700100421905518e-02,-7.160464674234390259e-02,8.457090705633163452e-02,-6.864341348409652710e-02,-1.306569725275039673e-01,-5.202187225222587585e-02,-7.281920313835144043e-02,9.989184141159057617e-02,5.361779406666755676e-02,1.342374235391616821e-01,3.928437456488609314e-02,-1.390457451343536377e-01,5.504060164093971252e-02,5.030287057161331177e-02,-2.706148326396942139e-01,-3.217112645506858826e-02,-3.957651183009147644e-02,-1.545846611261367798e-01,-4.201440513134002686e-02,1.771458052098751068e-02,5.661581084132194519e-02,-1.425405591726303101e-01,8.576107025146484375e-02,-9.871551766991615295e-03,3.299002721905708313e-02,7.596686482429504395e-02,2.047108858823776245e-01,7.018692046403884888e-02,-4.146394878625869751e-02,-1.220919042825698853e-01,-1.564222574234008789e-01,1.227291971445083618e-01,2.403434365987777710e-01,1.113878116011619568e-01,-9.816967695951461792e-02,-2.635010704398155212e-02,-1.577207297086715698e-01,3.883027238771319389e-03,5.192236229777336121e-02,-2.325258105993270874e-01,-3.169100359082221985e-02,4.848422110080718994e-02,-2.441804707050323486e-01,-8.673955686390399933e-03,-1.863734424114227295e-01,-7.378350943326950073e-03,7.429869472980499268e-02,2.102862745523452759e-01,-3.875073045492172241e-02,7.353220880031585693e-02,-1.729913055896759033e-02,-3.979713097214698792e-02,8.219051361083984375e-02,3.161108866333961487e-02,1.059237346053123474e-01,-1.328951269388198853e-01,-9.194833785295486450e-02,1.142021194100379944e-01,8.988955616950988770e-02,6.762178242206573486e-02,1.205662935972213745e-01,-1.677620410919189453e-01,2.041245251893997192e-01,6.730333566665649414e-01,3.126976639032363892e-02,9.999772906303405762e-02,1.472470462322235107e-01,-5.885664746165275574e-02,8.619045466184616089e-02,1.056872680783271790e-01,-1.231901049613952637e-01,-1.719194836914539337e-02,-1.302158683538436890e-01,3.566904366016387939e-02,3.666803613305091858e-02,-9.613668173551559448e-02,1.769581437110900879e-01,3.665322065353393555e-02,-1.471488475799560547e-01,-7.395217567682266235e-02,1.252983808517456055e-01,3.050325624644756317e-02,2.900822646915912628e-02,-3.239468932151794434e-01,1.270859129726886749e-02,1.134171858429908752e-01,1.288589537143707275e-01,-1.947547048330307007e-01,-1.645102947950363159e-01,3.934191912412643433e-02,2.675005495548248291e-01,-9.927234798669815063e-02,3.806475400924682617e-01,-1.683365553617477417e-02,-4.242856055498123169e-02,-4.308008402585983276e-02,6.993281096220016479e-02,2.101775631308555603e-02,1.104827597737312317e-01,9.288604557514190674e-02,2.153523117303848267e-01,-1.335736066102981567e-01,9.713570773601531982e-02,-9.134780615568161011e-03,-1.118586305528879166e-02,-7.626050710678100586e-02,-1.282336935400962830e-02,1.806241646409034729e-02,1.505166888236999512e-01,-4.584740847349166870e-02,-4.049528762698173523e-02,-2.393026277422904968e-02,-2.395158410072326660e-01,-2.749163657426834106e-03,1.154090464115142822e-01,1.035429015755653381e-01,-2.867575921118259430e-02,-2.812021784484386444e-02,-2.690749242901802063e-02,-2.158003300428390503e-01,1.393812447786331177e-01,-7.152324914932250977e-02,4.193318262696266174e-02,6.665258109569549561e-02,2.379433661699295044e-01,-1.461763530969619751e-01,8.069974929094314575e-02,7.226642221212387085e-02,-2.055057883262634277e-01,-2.031656950712203979e-01,1.492381840944290161e-01,5.936520174145698547e-02,9.327234327793121338e-02,-8.048629388213157654e-04,-8.451668918132781982e-02,-1.086337715387344360e-01,2.318157814443111420e-03,-1.463535148650407791e-02,-1.985231041908264160e-01,-9.462811797857284546e-02,1.518497914075851440e-01,-1.514685750007629395e-01,1.607971638441085815e-01,-8.111830800771713257e-02,1.737541556358337402e-01,1.537075638771057129e-01,-7.278996985405683517e-03,-1.555296033620834351e-01,-2.807911252602934837e-03,1.772506833076477051e-01,4.686660170555114746e-01,-4.472046718001365662e-02,-5.278744176030158997e-02,-1.877722591161727905e-01,-7.366210222244262695e-02,2.088526934385299683e-01,-2.413551211357116699e-01,1.059926003217697144e-01,-1.514213997870683670e-02,-6.187879294157028198e-02,-3.648595884442329407e-02,-1.601629555225372314e-01,-8.736003190279006958e-02,1.719910055398941040e-01
-4.675507918000221252e-02,5.288919806480407715e-02,-5.342161748558282852e-03,-8.524576574563980103e-02,-2.514331936836242676e-01,4.713710770010948181e-02,-9.051084518432617188e-03,-2.341813035309314728e-02,-6.590835005044937134e-02,-2.070240862667560577e-02,5.732143297791481018e-03,2.044465541839599609e-01,-1.962888240814208984e-01,-9.315906465053558350e-02,1.364686619490385056e-02,-5.481376871466636658e-02,-2.449895590543746948e-01,1.566970348358154297e-01,2.630700357258319855e-02,-1.526319086551666260e-01,1.203923225402832031e-01,-1.571397110819816589e-02,-1.223734840750694275e-01,-9.295760840177536011e-02,-7.906211167573928833e-02,9.227724513038992882e-04,4.346150439232587814e-03,2.261504679918289185e-01,7.300481200218200684e-02,-4.171289503574371338e-02,-1.253777742385864258e-02,1.007135212421417236e-02,-6.737075001001358032e-02,-2.013407498598098755e-01,-1.179926544427871704e-01,1.539980471134185791e-01,-1.013202667236328125e-01,-1.013085991144180298e-02,-2.363054081797599792e-02,1.069061737507581711e-02,8.814901858568191528e-02,-5.077787488698959351e-02,1.216754466295242310e-01,1.899534091353416443e-02,-2.000157721340656281e-02,-2.320266813039779663e-01,-1.203927863389253616e-02,-1.230547577142715454e-01,-4.177945107221603394e-02,2.389901317656040192e-03,-2.640264341607689857e-03,1.203707903623580933e-01,7.533279806375503540e-02,-3.792883362621068954e-03,1.559238135814666748e-01,-4.009538143873214722e-02,1.062292680144309998e-01,9.822978079319000244e-02,1.487476099282503128e-02,-6.392940878868103027e-02,1.271911058574914932e-02,1.301413867622613907e-02,2.516500093042850494e-02,1.338496655225753784e-01,-2.747992612421512604e-02,1.484997384250164032e-02,1.818603128194808960e-01,5.312746763229370117e-02,3.700522705912590027e-02,-8.384782075881958008e-02,3.647135570645332336e-02,4.315063357353210449e-02,-1.073490455746650696e-01,4.220414266455918550e-04,8.901746571063995361e-02,4.056096822023391724e-02,-6.517492979764938354e-02,2.509781718254089355e-01,3.967640455812215805e-03,-6.738514453172683716e-02,2.305651158094406128e-01,-7.120214402675628662e-02,5.152344107627868652e-01,-3.181155025959014893e-01,2.060042321681976318e-02,4.910448193550109863e-02,-2.304726466536521912e-02,-6.714490707963705063e-03,-6.558626890182495117e-02,-5.903185158967971802e-02,4.072152078151702881e-02,-4.539189860224723816e-02,6.272066384553909302e-02,-1.771803759038448334e-02,-3.047573380172252655e-02,-7.812439650297164917e-02,-6.625826656818389893e-02,-1.403375566005706787e-01,-1.349630672484636307e-02,-1.594325006008148193e-01,-1.951252222061157227e-01,-3.171044215559959412e-02,-1.072594299912452698e-01,-2.261622285004705191e-04,6.062344461679458618e-02,3.662788122892379761e-02,6.569749210029840469e-03,1.136408420279622078e-03,2.241394966840744019e-01,-8.059003949165344238e-02,2.177354035666212440e-04,3.771944344043731689e-01,1.196633353829383850e-01,-9.806238114833831787e-02,-1.249065250158309937e-02,6.617105752229690552e-02,-8.344899863004684448e-02,-1.049898192286491394e-01,-4.156554117798805237e-02,1.594882607460021973e-01,-1.046512089669704437e-02,-7.177291810512542725e-02,3.305910527706146240e-02,-1.026357151567935944e-02,5.084645748138427734e-02,1.016379296779632568e-01,-7.000243663787841797e-02,8.681991696357727051e-02,6.294170767068862915e-02,-2.986664772033691406e-01,-4.804395139217376709e-02,-3.211630135774612427e-02,-6.822577118873596191e-02,1.438093334436416626e-01,-3.291597962379455566e-02,-5.273468419909477234e-02,1.895077899098396301e-02,-9.732022881507873535e-02,3.122567012906074524e-02,1.814860664308071136e-02,1.867821812629699707e-01,1.165706571191549301e-02,1.527425274252891541e-02,2.941398620605468750e-01,-2.630408108234405518e-02,-8.091248571872711182e-02,8.313111960887908936e-02,7.708285748958587646e-02,3.790810704231262207e-02,1.647223345935344696e-02,-9.403621405363082886e-02,1.870630532503128052e-01,-1.286273896694183350e-01,-6.453345715999603271e-02,-7.466618716716766357e-02,5.294437287375330925e-04,7.810122519731521606e-02,-8.766940236091613770e-02,-4.003406316041946411e-02,1.361485123634338379e-01,-5.701247602701187134e-02,-8.121451735496520996e-02,-1.272687613964080811e-01,-2.345154620707035065e-02,-1.033429950475692749e-01,-1.926566101610660553e-02,-2.339744567871093750e-02,8.638973534107208252e-02,-5.184241384267807007e-02,1.851305514574050903e-01,4.688033089041709900e-02,-8.192005008459091187e-02,-5.179693549871444702e-02,2.491072192788124084e-02,-5.089188739657402039e-02,3.617712110280990601e-02,3.757550194859504700e-02,-1.118535697460174561e-01,-2.028152495622634888e-01,-9.946177899837493896e-02,-2.063764818012714386e-02,-6.417365372180938721e-02,2.565345726907253265e-02
-1.037130411714315414e-02,2.209740728139877319e-01,-1.036109849810600281e-01,-2.021129801869392395e-02,-1.695817708969116211e-01,2.248295210301876068e-02,-1.240510866045951843e-01,-1.352736540138721466e-02,2.189301187172532082e-03,2.616132982075214386e-02,7.937709987163543701e-02,-1.588635444641113281e-01,-1.377793867141008377e-02,1.045536324381828308e-01,-6.217795610427856445e-02,1.604092270135879517e-01,1.560764759778976440e-01,6.205208599567413330e-02,-1.319676190614700317e-01,4.145198315382003784e-02,5.558418575674295425e-03,3.811759129166603088e-02,6.107017770409584045e-02,2.047118730843067169e-02,-6.303466111421585083e-02,2.654445469379425049e-01,-6.948879361152648926e-02,4.141896963119506836e-02,-1.604692637920379639e-01,1.435334384441375732e-01,-1.943153678439557552e-03,-3.075597062706947327e-02,1.580844074487686157e-01,1.069760173559188843e-01,-1.028010249137878418e-01,-1.230101753026247025e-02,-2.220499888062477112e-02,-1.206890493631362915e-01,-1.713639311492443085e-02,-1.834349334239959717e-02,1.138276010751724243e-01,2.831030078232288361e-02,-7.310940325260162354e-02,3.055256232619285583e-02,-1.300121098756790161e-01,1.324778944253921509e-01,-3.875587135553359985e-02,-1.180535405874252319e-01,-1.184763666242361069e-02,2.758038043975830078e-01,-1.404244154691696167e-01,-1.691347919404506683e-02,-1.445556879043579102e-01,-9.186820127069950104e-03,8.444673568010330200e-02,5.761424452066421509e-02,1.446198672056198120e-01,1.115032583475112915e-01,-1.150006521493196487e-02,5.255181808024644852e-03,9.662787616252899170e-02,-5.637396872043609619e-02,-1.324760317802429199e-01,-3.653169870376586914e-01,-2.944981120526790619e-02,-1.990721328184008598e-03,-1.375399529933929443e-01,-1.261233352124691010e-02,-4.008092358708381653e-02,7.019343972206115723e-02,-2.616423182189464569e-02,7.274333711393410340e-06,-1.213703490793704987e-02,-1.485761553049087524e-01,-4.047244321554899216e-03,9.396950155496597290e-02,-2.168719023466110229e-01,-2.293376624584197998e-01,3.691425314173102379e-03,6.240394711494445801e-02,3.982123732566833496e-02,1.322141289710998535e-01,5.883295834064483643e-02,9.595122188329696655e-03,-6.244525313377380371e-02,-6.497284024953842163e-02,-6.507571786642074585e-02,-2.945578098297119141e-02,3.170544514432549477e-03,1.184490602463483810e-02,5.089177563786506653e-02,2.768816985189914703e-02,-1.379888951778411865e-01,-8.478836156427860260e-03,5.474445223808288574e-02,-1.232111379504203796e-01,-4.410358145833015442e-02,8.732119202613830566e-02,-6.465420871973037720e-02,-4.404200986027717590e-02,-9.761677682399749756e-02,1.067657116800546646e-02,-6.083384528756141663e-02,-8.216384798288345337e-03,-1.302568707615137100e-02,4.602555930614471436e-02,8.288786560297012329e-02,-3.531683981418609619e-02,-9.058886766433715820e-02,-5.717518553137779236e-02,-2.188629098236560822e-02,9.171035140752792358e-02,-9.017115086317062378e-02,-1.817621439695358276e-01,-1.092091053724288940e-01,-1.182180568575859070e-01,-2.165825664997100830e-01,-6.336690485477447510e-02,5.035411193966865540e-02,8.426532894372940063e-02,5.415901169180870056e-02,-3.031822852790355682e-02,-8.691979944705963135e-02,-3.036850392818450928e-01,5.073607712984085083e-02,-1.056309789419174194e-01,-4.834741353988647461e-02,8.265212178230285645e-02,3.705538809299468994e-02,1.046101823449134827e-01,-5.207959190011024475e-02,1.087989564985036850e-02,-2.717743217945098877e-01,-1.159379482269287109e-01,4.903183877468109131e-02,-7.682991027832031250e-02,-1.013404428958892822e-01,-1.628605090081691742e-02,3.237665444612503052e-02,-2.183495089411735535e-02,-2.145410701632499695e-02,-1.385830640792846680e-01,2.327790297567844391e-02,8.114215731620788574e-02,-8.981903642416000366e-02,-1.416419148445129395e-01,-9.974189847707748413e-02,-1.280337721109390259e-01,1.146378740668296814e-01,-7.540604472160339355e-02,9.071782976388931274e-02,-9.281587786972522736e-03,1.234155381098389626e-03,3.014733269810676575e-02,7.844309508800506592e-02,-1.156723201274871826e-01,-7.471168786287307739e-02,-2.040815204381942749e-01,-8.852127939462661743e-03,-1.786791980266571045e-01,4.085624963045120239e-02,-4.436952993273735046e-02,-1.041857060045003891e-02,6.495118141174316406e-02,1.966315321624279022e-02,5.082571506500244141e-02,-1.130005717277526855e-01,-2.225298881530761719e-01,7.924935780465602875e-03,-1.313114771619439125e-03,-1.555035728961229324e-02,-1.860394477844238281e-01,-9.691148251295089722e-02,-1.598410904407501221e-01,-7.148095220327377319e-02,-6.333549506962299347e-03,2.431027144193649292e-01,-8.340682089328765869e-02,2.459397614002227783e-01,4.660275578498840332e-02,6.334684323519468307e-03,1.477281451225280762e-01,-8.779939264059066772e-02
-4.333448410034179688e-02,-4.701995104551315308e-02,2.747727558016777039e-02,8.433153480291366577e-02,-3.343737125396728516e-02,-1.508008409291505814e-02,-1.578402221202850342e-01,-9.888990968465805054e-02,7.821597903966903687e-02,6.409129500389099121e-02,-2.992315776646137238e-02,-1.022100150585174561e-01,2.099727652966976166e-02,-3.610603213310241699e-01,6.442793458700180054e-02,1.000364348292350769e-01,7.268933206796646118e-02,4.654064029455184937e-02,-1.276563704013824463e-01,-9.490328282117843628e-02,3.542703390121459961e-02,-2.313154041767120361e-01,5.361272394657135010e-02,1.291786283254623413e-01,8.850923180580139160e-02,-5.231206491589546204e-02,2.547657582908868790e-03,-4.216731712222099304e-02,2.329221181571483612e-02,1.063743457198143005e-01,1.182465553283691406e-01,-8.003447204828262329e-02,1.135001629590988159e-01,-2.306193411350250244e-01,-1.516182273626327515e-01,-4.461862146854400635e-02,2.637085132300853729e-02,1.279588639736175537e-01,1.143914312124252319e-01,1.642052382230758667e-01,-1.430158317089080811e-01,-1.210875585675239563e-01,8.639345318078994751e-02,5.333513021469116211e-03,-1.688337326049804688e-02,1.912628114223480225e-01,-1.017575152218341827e-02,2.751822210848331451e-02,-3.045264258980751038e-02,-3.331586346030235291e-02,1.229996308684349060e-01,-2.729866206645965576e-01,-1.149382665753364563e-01,1.091687083244323730e-01,4.034352302551269531e-02,-1.557108759880065918e-01,6.385015696287155151e-02,1.428996305912733078e-02,-1.647127605974674225e-02,-7.778872549533843994e-02,-7.691472023725509644e-02,-4.780989512801170349e-02,1.232779994606971741e-01,9.090557694435119629e-02,-7.731354981660842896e-02,-9.409465640783309937e-02,7.337161898612976074e-02,5.846980214118957520e-02,6.083362177014350891e-02,2.399825863540172577e-02,7.224076986312866211e-02,1.211221423000097275e-02,7.268030196428298950e-02,5.027466104365885258e-04,-8.691430091857910156e-02,4.025597125291824341e-02,1.815177053213119507e-01,4.276506602764129639e-02,9.610692411661148071e-02,1.080739498138427734e-01,-2.478813752532005310e-02,1.646340936422348022e-01,4.065955057740211487e-02,-3.977099061012268066e-02,5.471929535269737244e-02,-7.084874808788299561e-02,1.267288774251937866e-01,1.602627038955688477e-01,-1.992450058460235596e-01,-2.644629450514912605e-03,1.121811643242835999e-01,-4.918548744171857834e-03,-4.598496109247207642e-02,-3.005228191614151001e-02,4.191174730658531189e-02,9.898545593023300171e-02,2.156964093446731567e-01,1.248483196832239628e-03,1.086169108748435974e-01,5.408637598156929016e-02,1.188709884881973267e-01,-3.390816599130630493e-02,1.922311931848526001e-01,5.966121703386306763e-02,-9.089501202106475830e-02,6.448574364185333252e-02,-7.132072001695632935e-02,3.745955601334571838e-02,1.298977732658386230e-01,2.557737985625863075e-03,1.339929997920989990e-01,4.373934492468833923e-02,-9.349270164966583252e-02,9.372077882289886475e-03,1.128956153988838196e-01,6.782142072916030884e-02,-2.687123371288180351e-03,-9.977111965417861938e-02,-1.193289607763290405e-01,-1.827494055032730103e-01,-3.600432304665446281e-03,1.504836529493331909e-01,-9.295354038476943970e-02,4.505994147621095181e-04,-2.418590337038040161e-02,-1.112765595316886902e-01,1.068341434001922607e-01,-4.221526533365249634e-02,4.448347911238670349e-02,-4.329155758023262024e-02,2.170862630009651184e-02,-8.259713649749755859e-02,-1.718880683183670044e-01,-9.253636002540588379e-02,-2.713040076196193695e-02,1.076493635773658752e-01,3.176654689013957977e-03,-1.049566827714443207e-02,7.580132037401199341e-02,9.100358933210372925e-02,-8.646869659423828125e-02,-1.004273146390914917e-01,-1.338695436716079712e-01,1.659892615862190723e-03,1.491953134536743164e-01,-2.128166258335113525e-01,-8.914556354284286499e-03,-7.490921765565872192e-02,1.163922995328903198e-01,1.005672067403793335e-01,-9.318816475570201874e-03,-3.395992517471313477e-02,5.789991095662117004e-02,-1.460732333362102509e-02,-1.360746622085571289e-01,1.567095220088958740e-01,2.362895607948303223e-01,-1.326723545789718628e-01,-4.741509631276130676e-02,-4.750483110547065735e-02,2.617795020341873169e-02,3.497280552983283997e-02,-1.266281306743621826e-01,1.904144436120986938e-01,-4.403357580304145813e-02,2.968168072402477264e-02,7.301034033298492432e-02,5.148306488990783691e-02,-1.229308545589447021e-01,2.471282705664634705e-02,-3.348393738269805908e-02,4.247383028268814087e-02,-3.447294980287551880e-02,-1.214243751019239426e-02,-3.373535722494125366e-02,-1.618598401546478271e-01,1.140164583921432495e-01,-1.266295760869979858e-01,-1.589668840169906616e-01,4.157733917236328125e-02,-4.235260188579559326e-03,1.259126663208007812e-01,4.432148486375808716e-02
5.471982434391975403e-02,2.344976551830768585e-02,-5.664670094847679138e-02,2.159440964460372925e-01,-8.849982917308807373e-02,6.679695099592208862e-02,1.657245457172393799e-01,3.938949480652809143e-02,-6.424032151699066162e-02,9.595276415348052979e-02,5.395802110433578491e-02,5.306124314665794373e-02,1.534205824136734009e-01,7.963088899850845337e-02,-3.188436478376388550e-02,2.551694810390472412e-01,-1.032157428562641144e-02,-5.752740427851676941e-02,-1.699194610118865967e-01,-5.003094300627708435e-02,8.147620409727096558e-02,1.814503967761993408e-01,4.879041388630867004e-02,5.568474903702735901e-02,4.352474585175514221e-02,7.868678122758865356e-02,1.634852141141891479e-01,-1.268930286169052124e-01,2.445704303681850433e-02,3.201454505324363708e-02,-1.161997765302658081e-02,1.085212752223014832e-01,-3.281753659248352051e-01,8.168259263038635254e-02,9.087109565734863281e-02,1.065192278474569321e-02,-2.516752667725086212e-02,-3.427725750952959061e-03,6.665702164173126221e-02,1.719492077827453613e-01,-1.910324692726135254e-01,-1.188307814300060272e-02,-6.988485157489776611e-02,5.110774561762809753e-02,-1.692857444286346436e-01,-2.628694772720336914e-01,-1.190999224781990051e-01,7.455790787935256958e-02,-5.265650153160095215e-02,-9.664138406515121460e-02,1.314224898815155029e-01,-5.129027739167213440e-02,1.375905424356460571e-01,-1.020823568105697632e-01,1.061999872326850891e-01,-2.338244765996932983e-02,1.182670369744300842e-01,2.988011389970779419e-02,8.796998858451843262e-02,-9.583937376737594604e-02,-4.664476588368415833e-02,1.492118276655673981e-02,-8.477885276079177856e-02,-3.888088837265968323e-02,-1.024510562419891357e-01,-9.429273754358291626e-02,-1.132979542016983032e-01,-2.484879493713378906e-01,-6.242031231522560120e-02,-6.530535221099853516e-02,-1.249768212437629700e-02,9.878629446029663086e-02,-7.924035191535949707e-02,-8.915329724550247192e-02,9.466103464365005493e-02,1.829087734222412109e-01,6.185437366366386414e-02,-1.430735439062118530e-01,-1.202284172177314758e-01,1.476213615387678146e-02,-2.160542607307434082e-01,8.784870803356170654e-02,-8.436178416013717651e-02,3.729812055826187134e-02,-2.911332808434963226e-02,-1.563424058258533478e-02,-7.354125380516052246e-02,7.209447771310806274e-02,-7.849448919296264648e-02,-9.092768654227256775e-03,4.547645896673202515e-02,-4.898636043071746826e-02,9.401153773069381714e-02,1.978314481675624847e-02,-1.338216010481119156e-02,-7.008539140224456787e-02,-1.358982641249895096e-02,1.388749666512012482e-02,-1.254611015319824219e-01,3.469393029808998108e-02,-1.517342478036880493e-01,5.518699530512094498e-03,-2.650068402290344238e-01,1.718072146177291870e-01,-2.497759833931922913e-02,1.234748288989067078e-01,-7.788557559251785278e-03,9.726397693157196045e-02,-3.577626496553421021e-02,6.015140190720558167e-02,4.287315160036087036e-02,8.099573105573654175e-02,-6.883636116981506348e-02,1.319057345390319824e-01,2.356181666254997253e-02,-1.890069060027599335e-02,4.060162231326103210e-02,-1.794425994157791138e-01,-5.441142618656158447e-02,-2.170565724372863770e-02,7.258442696183919907e-03,-1.873641312122344971e-01,1.567212282679975033e-03,-8.058156073093414307e-02,6.160609424114227295e-02,-5.338938906788825989e-02,4.192152619361877441e-02,-5.470199882984161377e-02,1.105607394129037857e-02,1.786337643861770630e-01,-1.108416244387626648e-01,-1.547790765762329102e-01,-5.068305134773254395e-02,8.450891822576522827e-02,-6.486990302801132202e-02,2.389295846223831177e-01,7.808498293161392212e-02,2.645291388034820557e-01,-8.516380935907363892e-02,-2.116083949804306030e-01,-4.524741694331169128e-02,5.163715779781341553e-02,1.144099682569503784e-01,7.694249600172042847e-02,-1.101902220398187637e-02,2.065577507019042969e-01,3.429618477821350098e-02,1.383438855409622192e-01,-3.627051040530204773e-02,-1.716503947973251343e-01,1.137578636407852173e-01,1.103348061442375183e-01,2.011804142966866493e-03,-6.525266915559768677e-02,1.584093831479549408e-02,1.343733370304107666e-01,7.049362361431121826e-02,-4.218092188239097595e-02,1.391903311014175415e-02,1.058208271861076355e-01,2.148873172700405121e-02,2.385647408664226532e-02,-3.094840794801712036e-02,-5.201617628335952759e-02,4.667188972234725952e-02,4.005521908402442932e-02,-1.678532809019088745e-01,-4.565060511231422424e-02,1.014870330691337585e-01,-7.119946181774139404e-02,-9.459069371223449707e-02,5.077357217669487000e-02,-1.297373473644256592e-01,5.836659297347068787e-02,-3.787296125665307045e-03,8.749752491712570190e-02,1.716802641749382019e-02,-6.842990964651107788e-02,5.129847303032875061e-02,2.771094441413879395e-02,-6.605234742164611816e-02,1.574940532445907593e-01,9.327379614114761353e-02
-2.360903620719909668e-01,-4.863309487700462341e-02,1.084737852215766907e-01,6.402050703763961792e-02,1.737319082021713257e-01,1.497476734220981598e-02,-1.691565662622451782e-01,-3.635287284851074219e-02,-5.846809223294258118e-02,-1.944599151611328125e-01,1.130589768290519714e-01,-3.331509977579116821e-02,-2.314462661743164062e-01,-5.919500719755887985e-03,-1.431481689214706421e-01,-2.228844612836837769e-01,2.204113155603408813e-01,1.865368336439132690e-02,-1.361383590847253799e-02,1.021821945905685425e-01,-1.037713810801506042e-01,-7.779730856418609619e-02,7.015369087457656860e-02,4.317405633628368378e-03,-1.953087598085403442e-01,-4.992784932255744934e-02,-5.786872655153274536e-02,2.739891111850738525e-01,7.649523019790649414e-02,-1.944113150238990784e-02,4.770730622112751007e-03,-2.034991830587387085e-01,-4.562799260020256042e-02,-6.461155414581298828e-02,-1.090319454669952393e-02,-7.201612740755081177e-02,-2.691794373095035553e-02,2.437823414802551270e-01,1.751362383365631104e-01,-5.356171354651451111e-02,-6.523337960243225098e-02,8.452106267213821411e-03,-8.638966828584671021e-02,-1.708002984523773193e-01,-1.347590535879135132e-01,1.128208264708518982e-01,6.236786022782325745e-02,-8.243557065725326538e-02,-1.194748356938362122e-01,7.513760030269622803e-02,-8.240901678800582886e-02,2.081551402807235718e-02,2.987205684185028076e-01,3.995343297719955444e-02,1.085380539298057556e-01,4.465169832110404968e-02,-1.984302103519439697e-01,1.584787815809249878e-01,3.135359659790992737e-02,-1.894486546516418457e-01,7.504626363515853882e-02,-2.037260495126247406e-02,1.595319807529449463e-01,-1.009226813912391663e-01,-5.605224892497062683e-02,9.211561828851699829e-02,5.327275395393371582e-02,7.879783213138580322e-02,9.254706650972366333e-02,7.947098463773727417e-02,-2.540428340435028076e-01,6.363674532622098923e-03,6.747637409716844559e-03,-5.702666565775871277e-02,-9.698252193629741669e-03,-5.762015655636787415e-02,9.568729996681213379e-02,-9.497658908367156982e-02,6.046432629227638245e-02,-1.004852652549743652e-01,-1.042329967021942139e-01,2.890728227794170380e-02,6.580398082733154297e-01,-6.794533878564834595e-02,-1.481496542692184448e-01,1.513915061950683594e-01,-3.536177054047584534e-02,2.920881658792495728e-02,-9.202160686254501343e-02,1.541320979595184326e-01,-1.068446435965597630e-03,-5.007462948560714722e-02,1.384885702282190323e-02,-1.728788465261459351e-01,-9.441996365785598755e-02,5.139241740107536316e-02,9.522478282451629639e-02,6.179630011320114136e-02,1.926545351743698120e-01,1.674816906452178955e-01,1.174746006727218628e-01,-1.058249622583389282e-01,-1.335652470588684082e-01,7.532629370689392090e-02,-4.781045392155647278e-02,-3.644908592104911804e-02,-1.031950712203979492e-01,5.561509728431701660e-02,6.047800555825233459e-02,1.101845651865005493e-01,-2.497474700212478638e-01,2.363647222518920898e-01,-8.866058290004730225e-02,-8.632296323776245117e-02,-5.572109296917915344e-02,7.581358402967453003e-02,-1.867022663354873657e-01,2.399360388517379761e-01,1.240280121564865112e-01,1.563632339239120483e-01,2.847900092601776123e-01,-6.641949713230133057e-02,-2.166862040758132935e-01,-9.602805599570274353e-03,-8.212935924530029297e-02,5.780657008290290833e-02,6.543954461812973022e-02,-2.918459773063659668e-01,4.787471145391464233e-02,-1.093921735882759094e-01,-5.479658767580986023e-02,1.400329023599624634e-01,-8.843212574720382690e-02,-1.370457261800765991e-01,-1.164160296320915222e-01,2.377367578446865082e-02,9.175606071949005127e-02,-6.560544669628143311e-02,1.545976102352142334e-01,-6.842603534460067749e-02,-6.662733107805252075e-02,-7.922613620758056641e-02,6.338845193386077881e-02,-6.616348028182983398e-02,-8.956760168075561523e-03,-1.040994226932525635e-01,3.708481788635253906e-02,2.124716043472290039e-01,1.755255758762359619e-01,-2.030165046453475952e-01,-8.802150189876556396e-02,1.403842587023973465e-02,-1.968377456068992615e-02,2.783154323697090149e-02,5.179400369524955750e-02,-3.491738811135292053e-02,-3.759690746665000916e-02,8.003713190555572510e-02,-6.110471487045288086e-02,5.120462924242019653e-02,-7.278045266866683960e-02,-4.722789302468299866e-02,-2.892286330461502075e-02,3.413988947868347168e-01,-1.502126157283782959e-01,-1.248731091618537903e-02,1.189003586769104004e-01,-6.353877484798431396e-02,-6.546603888273239136e-02,4.186742007732391357e-01,-1.653003320097923279e-02,-3.219655901193618774e-02,-6.961123645305633545e-02,7.128048688173294067e-02,7.992046885192394257e-03,-5.274406820535659790e-02,1.234413906931877136e-01,1.652964055538177490e-01,-1.268598586320877075e-01,1.034867716953158379e-03,-2.957918308675289154e-02,-2.485020644962787628e-02,-1.947149052284657955e-03
-2.908329851925373077e-02,9.886872023344039917e-02,6.703994423151016235e-02,3.765820711851119995e-02,-1.718199104070663452e-01,6.867654621601104736e-02,3.487422689795494080e-02,8.895017206668853760e-03,-8.351062983274459839e-02,2.480617351830005646e-02,3.995130956172943115e-02,1.168527826666831970e-01,-3.897235915064811707e-02,-8.929904550313949585e-02,2.689508348703384399e-02,-6.353861838579177856e-02,-2.573931217193603516e-01,-1.018058657646179199e-01,-1.709199100732803345e-01,-8.408651500940322876e-02,-8.575483411550521851e-02,-5.062376335263252258e-02,-1.768684089183807373e-01,3.032137267291545868e-02,-1.220678687095642090e-01,-1.816763076931238174e-03,-8.982598036527633667e-02,1.876056492328643799e-01,-5.162409041076898575e-03,7.827468961477279663e-02,-8.232026547193527222e-02,2.620623074471950531e-02,-5.775412917137145996e-02,-3.139567375183105469e-02,-5.329278483986854553e-02,1.207969486713409424e-01,2.850994840264320374e-02,-9.469456039369106293e-03,1.101763695478439331e-01,3.744474379345774651e-03,-1.160000264644622803e-01,-2.733679860830307007e-02,2.563085872679948807e-03,4.725556448101997375e-02,7.629373669624328613e-02,4.220606014132499695e-02,5.007077753543853760e-02,6.965788453817367554e-02,-1.340549439191818237e-01,-1.112321391701698303e-01,2.488907128572463989e-01,-2.186504602432250977e-01,6.998337060213088989e-02,-1.766390055418014526e-01,-4.154681041836738586e-02,-1.201496571302413940e-01,7.457977533340454102e-02,2.160229980945587158e-01,-5.010524764657020569e-03,-1.008619815111160278e-01,-1.082507744431495667e-01,8.840928971767425537e-02,-7.925079762935638428e-02,-4.511988162994384766e-02,-1.086852699518203735e-01,-7.019291818141937256e-02,1.393781602382659912e-01,6.577016413211822510e-02,1.371542457491159439e-02,-8.381889015436172485e-02,-2.742214314639568329e-02,-7.341429591178894043e-02,2.369122505187988281e-01,-1.231111958622932434e-01,2.183112688362598419e-02,8.622635900974273682e-02,-5.403576046228408813e-02,-1.750062704086303711e-01,-3.046191297471523285e-02,2.001778036355972290e-02,-3.611018508672714233e-02,-2.951225033029913902e-04,5.196454524993896484e-01,1.634631901979446411e-01,1.294149905443191528e-01,4.347337409853935242e-02,-3.421411663293838501e-02,2.594565451145172119e-01,-1.320236474275588989e-01,3.128718584775924683e-02,-3.199143707752227783e-02,-1.266843676567077637e-01,1.718694418668746948e-01,1.066524088382720947e-01,-1.618987135589122772e-02,-1.755199208855628967e-02,-8.578427881002426147e-02,2.331866621971130371e-01,-3.025064803659915924e-02,6.594460457563400269e-02,-1.435176585800945759e-03,1.628185212612152100e-01,-3.170202299952507019e-02,7.040340453386306763e-02,1.059689186513423920e-02,1.256222873926162720e-01,-2.453225851058959961e-02,-1.125352159142494202e-01,-6.645736843347549438e-02,-1.732722520828247070e-01,-1.119164004921913147e-01,1.533224582672119141e-01,-4.181537777185440063e-02,5.651417747139930725e-02,2.157811075448989868e-01,-7.317359745502471924e-02,9.964033216238021851e-02,1.521900296211242676e-02,9.346922859549522400e-03,1.484538614749908447e-01,1.611272245645523071e-01,5.940539389848709106e-02,-1.331050843000411987e-01,-7.997312396764755249e-02,1.222549472004175186e-02,-5.487443134188652039e-02,8.499163389205932617e-02,-5.597882345318794250e-02,-1.857884111814200878e-03,-4.214207455515861511e-02,2.630447223782539368e-02,1.059448942542076111e-01,3.274823352694511414e-02,-2.353429421782493591e-02,3.217933699488639832e-02,2.138369483873248100e-03,8.381444215774536133e-02,5.756703764200210571e-02,3.095053508877754211e-02,6.887140125036239624e-02,3.274478949606418610e-03,9.401807561516761780e-03,-2.922458387911319733e-02,1.361858472228050232e-02,1.072776503860950470e-02,6.535258144140243530e-03,-9.851790964603424072e-02,-1.994887888431549072e-01,6.393857300281524658e-02,1.967459917068481445e-02,2.105679921805858612e-02,-5.816779099404811859e-03,8.412777632474899292e-02,-1.369663421064615250e-02,-3.772164136171340942e-02,7.907943427562713623e-02,-5.157652497291564941e-02,1.607750654220581055e-01,-6.709916144609451294e-02,-5.060651525855064392e-02,8.966156840324401855e-02,-2.906591072678565979e-02,5.894676223397254944e-02,-4.723847843706607819e-03,-7.147219777107238770e-02,-1.392778009176254272e-01,1.475620549172163010e-02,-7.675611972808837891e-02,-9.253080934286117554e-02,3.240871429443359375e-01,-7.652096450328826904e-02,-7.579755783081054688e-02,1.902442574501037598e-01,-7.347807288169860840e-02,1.594164222478866577e-01,5.910212919116020203e-02,3.781726583838462830e-02,-1.639198511838912964e-02,6.622257828712463379e-02,8.710455894470214844e-02,1.715594828128814697e-01,1.985034719109535217e-02,1.012728959321975708e-01
-1.258114073425531387e-02,1.218497976660728455e-01,-7.044224441051483154e-02,6.587579846382141113e-02,-1.495123505592346191e-01,-7.244125753641128540e-02,4.039236344397068024e-03,-2.888255938887596130e-02,-1.000857427716255188e-01,6.804014742374420166e-02,2.571521140635013580e-02,-1.991124898195266724e-01,-1.454271562397480011e-02,4.452367871999740601e-02,2.482212334871292114e-02,-5.055091157555580139e-02,-3.877478418871760368e-03,-2.263837866485118866e-02,3.715756908059120178e-02,-1.129340156912803650e-01,1.477007102221250534e-02,3.342136368155479431e-02,1.321516633033752441e-01,1.427249163389205933e-01,2.052685171365737915e-01,2.638903632760047913e-02,5.065850913524627686e-02,6.058325991034507751e-02,4.323609173297882080e-02,2.525238394737243652e-01,-1.171805709600448608e-02,1.050361096858978271e-01,8.981622755527496338e-02,-2.034357562661170959e-02,4.849586635828018188e-02,3.574210032820701599e-02,5.169410631060600281e-02,-2.956794202327728271e-02,-8.254684507846832275e-03,-6.483378261327743530e-02,5.107247084379196167e-02,8.483506739139556885e-02,-7.417630404233932495e-02,3.094694763422012329e-02,2.049586176872253418e-02,-3.696786472573876381e-03,5.543336272239685059e-02,1.178739145398139954e-01,-4.657528176903724670e-02,-8.826343715190887451e-02,9.420870244503021240e-02,9.137722104787826538e-02,5.540016293525695801e-02,-9.483030438423156738e-02,8.641415834426879883e-02,6.942827999591827393e-02,1.365651190280914307e-01,1.835805326700210571e-01,-3.345553204417228699e-02,5.548451468348503113e-02,-1.989008337259292603e-01,1.908040046691894531e-01,2.345978170633316040e-01,-9.835443459451198578e-03,-1.244987174868583679e-01,-3.492010384798049927e-02,-3.938332200050354004e-02,6.736132502555847168e-02,-3.895649686455726624e-02,-2.097508758306503296e-01,-9.147599921561777592e-04,-2.971890009939670563e-02,1.331158280372619629e-01,-2.750426232814788818e-01,-1.691275388002395630e-01,1.692575663328170776e-01,1.640702933073043823e-01,-1.174322962760925293e-01,-3.727714717388153076e-02,1.517844945192337036e-02,5.759854987263679504e-02,6.981606781482696533e-02,1.166765615344047546e-01,-2.906217426061630249e-02,-7.397302426397800446e-03,2.738409908488392830e-03,-2.371568083763122559e-01,-2.098756097257137299e-02,1.051789596676826477e-01,-4.535886272788047791e-02,-1.211757510900497437e-01,8.051262050867080688e-02,7.784783095121383667e-02,2.450709231197834015e-03,-1.960761547088623047e-01,-6.827157735824584961e-02,-2.534616589546203613e-01,8.525387942790985107e-02,-1.099073439836502075e-01,-2.131939232349395752e-01,-8.560431748628616333e-02,1.228199452161788940e-01,-1.009303331375122070e-01,-1.578064560890197754e-01,1.477493792772293091e-01,7.122077047824859619e-02,-5.539030954241752625e-02,-2.605333924293518066e-01,-3.102767169475555420e-01,-6.386285275220870972e-02,3.599433973431587219e-02,2.068919129669666290e-02,-2.200381597504019737e-03,-1.540528982877731323e-01,-5.846647173166275024e-02,-3.516774252057075500e-02,-1.515857130289077759e-01,-5.013046413660049438e-02,1.542453318834304810e-01,1.127813979983329773e-01,-2.490220777690410614e-02,1.337160319089889526e-01,3.149214759469032288e-02,1.752204447984695435e-01,-2.134117111563682556e-02,-3.582558408379554749e-02,-1.493274420499801636e-01,-1.125048324465751648e-01,-1.560870260000228882e-01,2.110461890697479248e-01,-6.955695152282714844e-02,-3.027194878086447716e-03,1.975997090339660645e-01,1.489073410630226135e-02,-6.750144995748996735e-03,2.772229164838790894e-02,-9.867022931575775146e-02,-1.034556105732917786e-01,1.018857881426811218e-01,-6.141477823257446289e-02,-1.801174730062484741e-01,7.891345024108886719e-02,1.262780874967575073e-01,-1.519745886325836182e-01,-2.136386334896087646e-01,2.507973834872245789e-02,-1.683997213840484619e-01,-7.830688357353210449e-02,3.589113056659698486e-02,-7.442441582679748535e-02,-3.436830267310142517e-02,8.501336723566055298e-02,-5.992041900753974915e-02,-7.746189832687377930e-02,8.105225116014480591e-02,-3.917502239346504211e-02,6.713258475065231323e-02,-3.115125559270381927e-02,1.365535259246826172e-01,-6.372373551130294800e-02,-9.737876057624816895e-02,6.174006313085556030e-02,-4.119142889976501465e-02,9.097875654697418213e-02,-2.882028929889202118e-02,3.386218100786209106e-02,-7.356683909893035889e-02,1.889278925955295563e-02,7.388813793659210205e-02,-9.156914055347442627e-02,6.862297654151916504e-02,2.422203682363033295e-02,-1.737266033887863159e-02,-1.295271329581737518e-02,-1.324274837970733643e-01,3.252032445743680000e-03,2.362266480922698975e-01,3.017288260161876678e-02,5.000229924917221069e-02,-3.694112598896026611e-02,-1.215766444802284241e-01,2.100359275937080383e-02,-1.231607720255851746e-01
-1.426279991865158081e-01,-4.166788887232542038e-03,7.635121047496795654e-02,-1.730215251445770264e-01,8.917162776924669743e-04,-1.281775981187820435e-01,1.358051598072052002e-01,8.629656396806240082e-03,-1.114783361554145813e-01,2.561864070594310760e-02,8.816566318273544312e-02,-1.254809349775314331e-01,-1.067773848772048950e-01,2.369621396064758301e-01,1.019697785377502441e-01,6.525449454784393311e-02,-9.230032563209533691e-02,1.543818600475788116e-02,4.601549822837114334e-03,-1.993570774793624878e-01,-4.893416538834571838e-02,1.749539189040660858e-02,1.450807042419910431e-02,-1.184320822358131409e-01,-1.715096682310104370e-01,-7.036954164505004883e-02,-1.823742501437664032e-02,-1.385900825262069702e-01,-2.139376997947692871e-01,-2.028201222419738770e-01,3.146404400467872620e-02,1.440814584493637085e-01,7.040414214134216309e-02,1.428737193346023560e-01,-8.755104988813400269e-02,2.461407035589218140e-01,-1.062147691845893860e-01,-4.314452037215232849e-02,4.131409153342247009e-02,-1.595413237810134888e-01,7.310990989208221436e-02,-1.267254948616027832e-01,-1.008450984954833984e-01,6.946512311697006226e-02,1.348020043224096298e-02,3.271231427788734436e-02,-4.287907853722572327e-02,-7.056256383657455444e-02,-8.070261031389236450e-02,1.851901598274707794e-02,-1.746462434530258179e-01,9.292698651552200317e-02,8.279825747013092041e-02,-1.250813454389572144e-01,1.991415917873382568e-01,3.969332948327064514e-02,1.423072442412376404e-02,2.356478571891784668e-02,-1.123335734009742737e-01,2.253726571798324585e-01,1.693284511566162109e-01,-3.456938778981566429e-03,8.738698810338973999e-02,1.415690779685974121e-01,-1.195149794220924377e-01,-1.594674885272979736e-01,-5.139413289725780487e-03,-6.676895171403884888e-02,3.840453177690505981e-02,3.417247161269187927e-02,-1.899949461221694946e-02,5.791482701897621155e-02,-3.513612598180770874e-02,-5.527796223759651184e-02,-3.790179640054702759e-02,-1.738854050636291504e-01,2.923788875341415405e-02,-1.415243297815322876e-01,1.540637910366058350e-01,-1.047089621424674988e-01,1.002043634653091431e-01,1.178367063403129578e-01,1.020142585039138794e-01,-4.026301670819520950e-03,1.382163166999816895e-01,5.287363380193710327e-02,1.351752877235412598e-02,4.521716386079788208e-02,-5.684113129973411560e-02,1.071281209588050842e-01,-4.594135656952857971e-02,2.541346242651343346e-03,1.151619255542755127e-01,3.259479999542236328e-02,-5.801327899098396301e-02,1.127997338771820068e-01,8.081233501434326172e-02,-7.100997120141983032e-02,-1.296670176088809967e-02,1.896000653505325317e-01,4.818935692310333252e-02,-1.112178415060043335e-01,-8.632616139948368073e-03,-9.460409730672836304e-02,1.078381319530308247e-03,2.317716367542743683e-03,3.558323904871940613e-02,-2.594182640314102173e-02,-1.081134974956512451e-01,-7.098245620727539062e-02,-8.813041448593139648e-02,1.088322419673204422e-02,1.335393637418746948e-01,-1.591873317956924438e-01,3.525522723793983459e-02,-3.569701313972473145e-02,3.475620597600936890e-02,-7.077398896217346191e-02,4.332624375820159912e-02,5.761394277215003967e-02,-1.294462382793426514e-01,1.711547672748565674e-01,3.849117830395698547e-02,-4.657815396785736084e-02,3.268630430102348328e-02,-5.408719927072525024e-02,1.736667901277542114e-01,1.102461200207471848e-02,4.696354735642671585e-03,-1.260887086391448975e-01,-1.729530096054077148e-01,7.039602845907211304e-02,1.002843677997589111e-02,-1.424970030784606934e-01,1.189161986112594604e-01,-1.250016540288925171e-01,4.684568569064140320e-02,-8.796676993370056152e-02,4.863362386822700500e-02,1.355241388082504272e-01,1.604722887277603149e-01,-1.333409845829010010e-01,1.723672747611999512e-01,-1.061869859695434570e-01,1.351250112056732178e-01,8.272799849510192871e-02,8.247514814138412476e-02,-6.267116963863372803e-02,1.575150936841964722e-01,-1.769685298204421997e-01,2.231940999627113342e-02,6.277699023485183716e-03,-6.699428707361221313e-02,-2.245460748672485352e-01,-3.253855556249618530e-02,-3.900667652487754822e-02,-6.704732030630111694e-02,-1.089436188340187073e-01,4.975320026278495789e-02,-2.285581640899181366e-02,1.073720231652259827e-01,-5.400174995884299278e-04,2.375489920377731323e-01,1.619804054498672485e-01,8.421678096055984497e-02,8.425127714872360229e-02,1.073850169777870178e-01,8.684327453374862671e-02,5.180534347891807556e-02,-3.592692315578460693e-02,-1.379449814558029175e-01,1.097795367240905762e-01,-2.541274204850196838e-02,-2.154755890369415283e-01,-6.949640810489654541e-02,1.730472594499588013e-02,9.961447119712829590e-02,3.765470162034034729e-02,-9.864661097526550293e-02,1.057594199664890766e-03,1.153890788555145264e-01,-1.694785356521606445e-01,3.051211684942245483e-02
-1.647134497761726379e-02,-1.473859250545501709e-01,-7.346306741237640381e-02,-3.419668972492218018e-02,9.843096882104873657e-02,-1.776531189680099487e-01,-3.029714897274971008e-02,1.237893104553222656e-01,-9.733898192644119263e-02,5.007014051079750061e-02,-1.305771768093109131e-01,1.371532529592514038e-01,-7.536902278661727905e-02,5.134307220578193665e-02,-3.270031139254570007e-02,-1.654876321554183960e-01,9.138578921556472778e-02,1.317246556282043457e-01,7.854833453893661499e-02,-1.367380917072296143e-01,2.844508551061153412e-02,8.708019554615020752e-02,-9.249366074800491333e-02,-3.187552094459533691e-02,8.323346823453903198e-02,3.441283106803894043e-02,-5.424116924405097961e-02,-5.409264191985130310e-02,-1.545988917350769043e-01,-4.305774345993995667e-02,-5.608475208282470703e-02,-2.188209258019924164e-02,-7.576052844524383545e-02,-4.183475300669670105e-02,1.078677102923393250e-01,6.804681569337844849e-02,1.358869373798370361e-01,6.551947444677352905e-02,2.478727847337722778e-01,2.584192156791687012e-01,1.189151778817176819e-02,-1.041230410337448120e-01,2.633358836174011230e-01,2.215964160859584808e-02,-1.184794306755065918e-01,2.023736536502838135e-01,-1.035858243703842163e-01,3.467188030481338501e-02,-1.473633795976638794e-01,-2.244423329830169678e-01,-5.317025631666183472e-02,-9.997503459453582764e-02,-8.692854642868041992e-02,1.791965514421463013e-01,6.466564536094665527e-02,1.898426562547683716e-03,1.733064502477645874e-01,7.849286496639251709e-02,4.015956446528434753e-02,1.205932721495628357e-01,1.145813092589378357e-01,2.245719917118549347e-02,1.133490502834320068e-01,-2.013296037912368774e-01,-3.505539894104003906e-02,4.692696034908294678e-02,-4.885265603661537170e-02,-2.054686993360519409e-01,-1.056595668196678162e-01,-4.584738612174987793e-02,-1.263787038624286652e-02,-2.423282712697982788e-03,4.014773666858673096e-02,1.948158070445060730e-02,-1.372478753328323364e-01,1.291174590587615967e-01,1.290423609316349030e-02,6.068393588066101074e-02,-9.859088063240051270e-02,1.096755787730216980e-01,8.876994252204895020e-03,-1.985114663839340210e-01,4.921520501375198364e-02,-4.944099485874176025e-02,8.316870778799057007e-02,9.921032935380935669e-03,-4.733940958976745605e-02,4.041696339845657349e-02,2.661661505699157715e-01,9.739216184243559837e-04,7.937695831060409546e-02,-9.672625921666622162e-03,7.320330291986465454e-02,1.054029092192649841e-01,-8.201161026954650879e-02,5.217980593442916870e-02,4.406814649701118469e-02,-1.466697305440902710e-01,6.761563569307327271e-02,-1.985444426536560059e-01,-4.953550174832344055e-03,6.359607912600040436e-03,-7.674004137516021729e-02,3.845645114779472351e-02,-2.854226343333721161e-02,-1.169045455753803253e-02,-2.048945128917694092e-01,2.632124722003936768e-02,1.184647530317306519e-01,-9.051997959613800049e-02,1.541584879159927368e-01,5.390750989317893982e-02,-1.476521342992782593e-01,-1.772647500038146973e-01,6.064941734075546265e-02,-1.956845372915267944e-01,3.528081998229026794e-02,6.948391348123550415e-02,-1.130027920007705688e-01,1.747042685747146606e-01,1.148211434483528137e-01,1.163702644407749176e-02,4.097355529665946960e-03,-3.170188888907432556e-02,-5.675453320145606995e-02,1.374432165175676346e-02,2.596988081932067871e-01,-1.594758778810501099e-01,-1.147096604108810425e-02,6.975112855434417725e-02,-6.576249748468399048e-02,3.826092556118965149e-02,1.015808805823326111e-02,-3.133836016058921814e-02,8.259953558444976807e-02,-2.427824214100837708e-02,6.500593572854995728e-02,4.383783414959907532e-02,-1.088058352470397949e-01,-1.544103026390075684e-01,-5.872350558638572693e-02,-6.531688570976257324e-02,2.565954998135566711e-02,1.673564128577709198e-02,-8.475369215011596680e-02,4.985589161515235901e-02,-3.177272975444793701e-01,2.166433185338973999e-01,-2.103897184133529663e-02,9.094106405973434448e-02,-1.127961464226245880e-02,3.911474347114562988e-02,-9.045616537332534790e-02,-1.251605302095413208e-01,-1.219873875379562378e-01,-2.207656651735305786e-01,9.273251891136169434e-02,-1.351725459098815918e-01,3.710700571537017822e-02,-4.722358286380767822e-02,-1.230234950780868530e-01,1.094522979110479355e-02,-7.646029442548751831e-02,-2.845124900341033936e-02,3.363825753331184387e-02,-1.793075650930404663e-01,-3.221700713038444519e-02,-8.670669794082641602e-02,-9.114348888397216797e-02,-9.537404775619506836e-02,-9.198863990604877472e-03,-7.500898838043212891e-02,6.871937960386276245e-02,5.872619524598121643e-02,3.089870698750019073e-02,5.917080864310264587e-02,3.345018252730369568e-02,-1.647472679615020752e-01,-3.193857893347740173e-02,-1.447832733392715454e-01,1.318590492010116577e-01,2.114249616861343384e-01,-1.468963623046875000e-01
5.904124677181243896e-02,-7.870324701070785522e-02,-6.035311520099639893e-02,-9.111510962247848511e-02,3.372651524841785431e-03,1.609925627708435059e-01,-9.655784070491790771e-02,1.106335073709487915e-01,-3.080362640321254730e-02,2.013870775699615479e-01,-4.156562685966491699e-02,-5.698722600936889648e-02,7.521516084671020508e-02,-2.432498931884765625e-01,7.599890232086181641e-02,-6.873507797718048096e-02,-1.299811750650405884e-01,-1.382367312908172607e-01,2.512679621577262878e-02,-1.871112585067749023e-01,-2.189976423978805542e-01,5.306355655193328857e-02,-1.722855418920516968e-01,-1.361864209175109863e-01,9.208042174577713013e-02,9.602417051792144775e-02,6.544858217239379883e-02,6.077759712934494019e-02,5.660883709788322449e-02,-6.145557854324579239e-03,-1.921147555112838745e-01,6.099117174744606018e-02,-1.792178303003311157e-02,-5.815593153238296509e-02,4.427820816636085510e-02,2.082988619804382324e-01,-4.069378972053527832e-02,3.971156850457191467e-02,-1.119024902582168579e-01,-4.571919143199920654e-02,8.875147998332977295e-02,1.008436642587184906e-02,-5.425130948424339294e-02,6.021342054009437561e-02,-7.205589115619659424e-02,-1.277745366096496582e-01,-6.587042659521102905e-02,7.693214714527130127e-02,4.742094129323959351e-02,1.206014156341552734e-01,1.071483120322227478e-01,-1.472353748977184296e-02,-1.152285784482955933e-01,4.556907340884208679e-02,1.708425730466842651e-01,8.078791946172714233e-02,8.450005203485488892e-03,5.220283195376396179e-02,-2.344311922788619995e-01,1.557241678237915039e-01,6.077214702963829041e-02,-5.773328244686126709e-02,4.275961592793464661e-02,7.183290086686611176e-03,-6.938810646533966064e-02,3.596295369789004326e-03,-7.493860088288784027e-03,1.473587471991777420e-02,-1.451669931411743164e-01,-6.126942485570907593e-02,2.607608214020729065e-02,-2.603001594543457031e-01,-2.165871560573577881e-01,1.982533931732177734e-02,-6.942693144083023071e-02,-7.303556054830551147e-02,-4.085799679160118103e-02,-1.252571493387222290e-01,-2.576214261353015900e-02,4.109260626137256622e-03,-5.239659547805786133e-02,2.527279965579509735e-02,-4.522350430488586426e-02,-5.543452128767967224e-02,1.149426326155662537e-01,6.843494623899459839e-02,2.635336108505725861e-02,-1.470898389816284180e-01,1.515608094632625580e-02,1.003188118338584900e-01,-3.454683721065521240e-02,1.457863748073577881e-01,3.452957421541213989e-02,2.928331494331359863e-02,-5.544378608465194702e-02,-4.885738343000411987e-02,-7.686363160610198975e-02,2.810131944715976715e-02,1.035040840506553650e-01,2.798639424145221710e-02,-1.102341189980506897e-01,-5.182156711816787720e-02,-7.621154934167861938e-02,8.776226639747619629e-02,-8.324805647134780884e-02,1.876686960458755493e-01,8.650192618370056152e-02,1.784662902355194092e-01,-6.934303324669599533e-03,-7.894387841224670410e-02,-4.509218037128448486e-02,-1.853101328015327454e-02,-2.069391310214996338e-01,-2.803855538368225098e-01,1.689125448465347290e-01,-1.075768172740936279e-01,8.760441094636917114e-02,-6.695707887411117554e-02,5.100120231509208679e-02,-1.934608966112136841e-01,-1.021738871932029724e-01,7.923562079668045044e-02,-5.326377972960472107e-02,1.719109266996383667e-01,1.520792245864868164e-01,-9.683053195476531982e-02,-1.168250385671854019e-02,-8.560825884342193604e-02,-2.649431116878986359e-02,-1.978217065334320068e-01,1.146199996583163738e-03,-3.487938642501831055e-02,-1.806416315957903862e-03,4.513929411768913269e-02,-6.802190095186233521e-02,2.494578249752521515e-02,-1.492528766393661499e-01,-1.768456101417541504e-01,-1.941211521625518799e-02,2.978906559292227030e-04,2.511397562921047211e-02,5.082575604319572449e-02,-9.932910650968551636e-02,-9.469611197710037231e-02,7.758796215057373047e-02,-1.088941246271133423e-01,2.288215793669223785e-02,-3.552497923374176025e-02,-2.570710144937038422e-02,9.328521043062210083e-02,-2.280809283256530762e-01,1.059990003705024719e-01,2.886949479579925537e-02,8.340128511190414429e-02,-1.192884743213653564e-01,-7.301459088921546936e-03,8.934205770492553711e-02,-1.403452754020690918e-01,2.292181551456451416e-02,-1.929146349430084229e-01,-1.548606157302856445e-02,7.034639269113540649e-02,-5.758550018072128296e-02,-5.991870537400245667e-02,1.209613382816314697e-01,2.047165483236312866e-01,1.606237590312957764e-01,2.084372937679290771e-02,-5.249977856874465942e-02,-1.508716121315956116e-02,-1.332397907972335815e-01,-2.471650689840316772e-01,-2.820500731468200684e-01,2.914876304566860199e-02,5.480797216296195984e-02,8.700954914093017578e-02,-7.173467427492141724e-02,-3.083308227360248566e-02,3.110325895249843597e-02,1.768321916460990906e-02,7.637570798397064209e-02,-9.200928360223770142e-02,-9.174009785056114197e-03
1.010469719767570496e-01,-5.012469831854104996e-03,-7.468095421791076660e-02,6.404452025890350342e-02,1.888453587889671326e-02,5.225110799074172974e-03,-2.854895964264869690e-02,-3.125396966934204102e-01,6.845524162054061890e-02,-6.854461133480072021e-02,9.005422145128250122e-02,5.802475661039352417e-02,-1.757184974849224091e-02,1.753369867801666260e-01,5.013893824070692062e-03,8.256295323371887207e-02,7.011940330266952515e-02,8.787944912910461426e-02,-2.011289447546005249e-01,1.565398089587688446e-02,5.932663008570671082e-02,1.434831768274307251e-01,-3.672688305377960205e-01,1.801440268754959106e-01,1.338461190462112427e-01,1.874949038028717041e-01,-4.986104369163513184e-02,6.907930970191955566e-02,9.707687795162200928e-02,-9.130132943391799927e-02,9.390688687562942505e-02,-1.986771672964096069e-01,-1.344204694032669067e-01,1.108021885156631470e-01,-2.091331481933593750e-01,-3.064224496483802795e-02,-9.513255208730697632e-02,1.525166183710098267e-01,2.004614099860191345e-02,-1.724735647439956665e-02,-7.988334447145462036e-02,-1.335456594824790955e-02,-3.995926305651664734e-02,2.390045439824461937e-03,2.093087323009967804e-02,1.372344940900802612e-01,-8.045679330825805664e-02,-4.803523421287536621e-03,-1.243776679039001465e-01,-2.988017722964286804e-02,1.189002767205238342e-01,-1.347114741802215576e-01,-1.998736411333084106e-01,-9.535980969667434692e-02,-7.101240009069442749e-02,7.634419598616659641e-04,-5.746270716190338135e-02,-1.683138497173786163e-02,1.577777788043022156e-02,8.072035014629364014e-02,6.765370815992355347e-02,-7.449232786893844604e-02,1.026375517249107361e-01,2.330148126929998398e-03,-9.253431856632232666e-02,9.412652999162673950e-02,1.382581442594528198e-01,1.344142556190490723e-01,-1.396873593330383301e-01,-4.592297598719596863e-02,-4.792437329888343811e-02,-2.414819449186325073e-01,7.091360539197921753e-02,-1.281781196594238281e-01,1.787645071744918823e-01,7.495200634002685547e-02,5.531768873333930969e-02,1.293544471263885498e-01,-9.930391609668731689e-02,2.129546999931335449e-01,-1.798904389142990112e-01,-7.158517837524414062e-02,1.526540815830230713e-01,-5.284231901168823242e-02,4.447910562157630920e-02,-2.584232250228524208e-03,-3.659112751483917236e-02,-1.477187722921371460e-01,7.352083176374435425e-02,1.352073699235916138e-01,4.305663704872131348e-02,-1.564363837242126465e-01,1.000307574868202209e-01,1.562894582748413086e-01,7.969188690185546875e-02,2.023298144340515137e-01,-2.050884515047073364e-01,-1.112564653158187866e-01,-4.376652464270591736e-02,1.980046927928924561e-02,1.229822710156440735e-01,-6.577944010496139526e-02,-1.089616045355796814e-01,3.599654510617256165e-02,7.552319020032882690e-02,2.310142815113067627e-01,-2.191087752580642700e-01,-1.222567539662122726e-02,-6.594550609588623047e-02,-8.715058863162994385e-02,-1.958722621202468872e-02,2.432043701410293579e-01,-5.755819380283355713e-02,4.371150583028793335e-02,2.342929132282733917e-02,-8.371446281671524048e-02,1.179012134671211243e-01,7.008013874292373657e-02,-1.450721826404333115e-02,1.848474740982055664e-01,-7.500038295984268188e-02,1.407923847436904907e-01,-1.650992184877395630e-01,-2.526839263737201691e-02,2.322073429822921753e-01,1.528030484914779663e-01,-9.202594310045242310e-02,-6.386722624301910400e-02,9.492132067680358887e-02,1.450791507959365845e-01,1.532131284475326538e-01,5.552360042929649353e-02,-2.097248733043670654e-01,-3.357199579477310181e-02,1.639609970152378082e-02,1.647488474845886230e-01,2.353681251406669617e-02,-6.856891512870788574e-02,2.206349186599254608e-02,-1.003282889723777771e-01,8.440335094928741455e-02,6.986650824546813965e-02,-5.224670097231864929e-02,-8.414866775274276733e-02,1.502340435981750488e-01,2.735016345977783203e-01,7.048351690173149109e-03,3.790527954697608948e-02,2.539463639259338379e-01,-1.055859178304672241e-01,-5.978205800056457520e-02,4.338645935058593750e-02,7.449247688055038452e-02,1.261982917785644531e-01,-1.461581438779830933e-01,1.341375894844532013e-02,2.952064201235771179e-02,-1.056244000792503357e-01,-2.390559576451778412e-02,1.840980499982833862e-01,5.636389926075935364e-02,-6.894268840551376343e-02,4.921584576368331909e-02,5.054944008588790894e-02,-6.977485865354537964e-02,8.279322832822799683e-02,-6.403010338544845581e-02,3.803649742621928453e-04,-6.037364527583122253e-02,-3.959643095731735229e-02,-5.197361484169960022e-02,-1.416940521448850632e-02,7.718832790851593018e-02,-7.119151204824447632e-02,2.039607614278793335e-01,-1.708180755376815796e-01,-1.775152832269668579e-01,-5.014170706272125244e-02,1.686262339353561401e-01,6.220699101686477661e-02,1.217786073684692383e-01,-3.154232865199446678e-03,-1.808037515729665756e-03
5.395019799470901489e-02,7.821640372276306152e-02,5.565273389220237732e-02,-1.499197036027908325e-01,-1.241569891571998596e-01,9.697954356670379639e-02,1.323328018188476562e-01,-1.157828606665134430e-02,-2.061252146959304810e-01,-1.128417924046516418e-01,6.818383932113647461e-02,-3.338608518242835999e-02,1.514228992164134979e-02,-1.619137474335730076e-03,-4.908821545541286469e-03,1.385295689105987549e-01,-9.330645203590393066e-02,5.993255972862243652e-02,2.186554670333862305e-01,-2.950808778405189514e-02,6.956949830055236816e-02,-6.844290182925760746e-04,-1.610320359468460083e-01,-5.720660462975502014e-02,-8.143861591815948486e-02,1.861680597066879272e-01,-1.300780847668647766e-02,-5.502669140696525574e-02,2.810304798185825348e-02,-4.973963834345340729e-03,3.020951710641384125e-02,-5.098086968064308167e-02,7.567016035318374634e-02,8.864140510559082031e-02,-3.983630239963531494e-02,-1.012383028864860535e-01,1.720325797796249390e-01,-3.151916712522506714e-02,2.456557452678680420e-01,7.389391213655471802e-02,-2.077394537627696991e-02,-1.854815334081649780e-02,-1.636526584625244141e-01,9.929894655942916870e-02,5.662478134036064148e-02,5.775611847639083862e-02,1.138315275311470032e-01,7.545667141675949097e-02,-4.183774068951606750e-02,-1.085593551397323608e-02,-3.417336195707321167e-02,-3.488864377140998840e-02,1.494069248437881470e-01,-6.328606978058815002e-03,2.242850959300994873e-01,5.065911635756492615e-02,4.414388537406921387e-02,4.360031336545944214e-02,4.923230409622192383e-02,-7.044532150030136108e-02,-3.454420268535614014e-01,-1.159675186499953270e-03,-1.916992664337158203e-01,1.355515122413635254e-01,-1.802431344985961914e-01,-1.304490715265274048e-01,1.220986992120742798e-01,2.440218580886721611e-03,-7.558456808328628540e-02,9.362670779228210449e-02,1.005093306303024292e-01,7.032445073127746582e-02,-8.914640545845031738e-02,-2.075426429510116577e-01,-2.015946805477142334e-02,6.911998242139816284e-02,1.437721680849790573e-02,1.090687438845634460e-01,-1.427140682935714722e-01,1.199066862463951111e-01,-2.665633335709571838e-02,1.264093257486820221e-02,1.290694326162338257e-01,5.877356510609388351e-03,-1.154755204916000366e-01,-4.438863694667816162e-02,-1.031295359134674072e-01,1.309050023555755615e-01,6.332349777221679688e-02,3.781441226601600647e-02,1.184873878955841064e-01,1.241829246282577515e-02,-3.052546270191669464e-02,-5.021405965089797974e-02,-2.006293684244155884e-01,5.450621247291564941e-02,-1.258481442928314209e-01,3.482745029032230377e-03,-5.080394819378852844e-02,1.612059473991394043e-01,-4.740627855062484741e-02,2.913009375333786011e-02,-4.065174981951713562e-02,1.019799187779426575e-01,-4.068216681480407715e-02,-1.342029273509979248e-01,6.434187758713960648e-03,-1.221750527620315552e-01,-7.570916786789894104e-03,-2.313620038330554962e-02,-2.600310556590557098e-02,-8.228900283575057983e-02,-3.426059707999229431e-02,-1.612401604652404785e-01,1.009220331907272339e-01,2.224608361721038818e-01,-2.226438373327255249e-01,-2.262853272259235382e-02,-1.383307576179504395e-01,1.684920638799667358e-01,-9.355801343917846680e-02,-8.402857929468154907e-02,5.692948028445243835e-02,-1.118175964802503586e-02,-7.600957155227661133e-02,-6.895281374454498291e-02,1.588026583194732666e-01,-1.026466265320777893e-01,-1.971424967050552368e-01,1.584850102663040161e-01,5.317346379160881042e-02,-1.512240320444107056e-01,-4.716289043426513672e-02,-8.290923386812210083e-02,-1.096437573432922363e-01,1.528855711221694946e-01,9.280973672866821289e-02,-2.361396551132202148e-01,-2.714817039668560028e-02,-1.689708381891250610e-01,-4.680734500288963318e-02,3.198253223672509193e-03,-1.315741683356463909e-03,7.399278134107589722e-02,-2.141833119094371796e-02,-9.861315600574016571e-03,1.367446221411228180e-02,5.723030492663383484e-02,-5.389445275068283081e-02,7.605099678039550781e-02,-1.020946577191352844e-01,-1.552531421184539795e-01,-5.316270515322685242e-02,1.747244447469711304e-01,-3.549823537468910217e-02,7.020343095064163208e-02,-1.162011697888374329e-01,-5.089153721928596497e-02,-1.511484533548355103e-01,3.347244858741760254e-02,6.460461765527725220e-02,6.741285324096679688e-02,-1.347729861736297607e-01,1.805181801319122314e-02,-5.371923372149467468e-02,3.164931014180183411e-02,-5.837831273674964905e-02,-4.331535845994949341e-02,9.628003090620040894e-02,-1.677007228136062622e-02,3.997823223471641541e-02,3.056452982127666473e-02,7.754230499267578125e-02,-9.629322215914726257e-03,-6.439058482646942139e-02,-1.084602698683738708e-01,1.816837936639785767e-01,-1.105683296918869019e-01,2.970997057855129242e-02,-2.645391821861267090e-01,8.918486535549163818e-03,5.782103165984153748e-02,4.230417311191558838e-02
1.028154492378234863e-01,7.694317400455474854e-02,1.684233546257019043e-02,-1.963583193719387054e-02,-1.060061752796173096e-01,1.046928912401199341e-01,-8.583398535847663879e-03,-2.285248367115855217e-03,5.864336714148521423e-02,-1.450064182281494141e-01,2.041756659746170044e-01,6.990647315979003906e-02,1.007489189505577087e-01,-5.825870856642723083e-02,4.328145831823348999e-02,1.639845222234725952e-01,-1.296655535697937012e-01,7.880021631717681885e-02,4.760535061359405518e-02,3.854482248425483704e-02,-4.997852817177772522e-02,-1.005588620901107788e-01,6.705552339553833008e-02,5.399398133158683777e-02,-8.311652392148971558e-02,-4.107093065977096558e-02,-1.536791771650314331e-01,-1.255502458661794662e-02,-6.193664297461509705e-02,-1.022288948297500610e-01,1.032326892018318176e-01,9.232635796070098877e-02,2.578017674386501312e-02,2.935323491692543030e-02,7.308524101972579956e-02,4.122553393244743347e-03,4.260116722434759140e-03,6.849488615989685059e-02,1.208308860659599304e-01,-5.883502960205078125e-02,8.877838030457496643e-03,1.380892544984817505e-01,-1.018420383334159851e-01,-1.344678848981857300e-01,-2.631176710128784180e-01,-1.614538580179214478e-02,-1.411959677934646606e-01,2.267483174800872803e-01,-1.119408234953880310e-01,-4.195398092269897461e-02,-3.610097616910934448e-02,-7.875842601060867310e-02,4.833312332630157471e-02,-4.613504931330680847e-02,-1.603880375623703003e-01,1.341948658227920532e-01,-4.241823684424161911e-03,6.664976477622985840e-02,1.370154041796922684e-02,1.896049380302429199e-01,1.016161739826202393e-01,7.412671297788619995e-02,1.453545540571212769e-01,-4.457753524184226990e-02,1.593692302703857422e-01,-1.878216415643692017e-01,-1.768125221133232117e-02,-7.162124663591384888e-02,-6.363529711961746216e-02,-1.729289442300796509e-01,2.421207726001739502e-01,6.457655131816864014e-02,1.259252578020095825e-01,-8.752832561731338501e-02,1.184997558593750000e-01,-6.380216777324676514e-02,-1.271799951791763306e-01,-3.683254122734069824e-02,-1.025012060999870300e-01,-1.927514560520648956e-02,2.312151715159416199e-02,-9.952270239591598511e-02,3.330266103148460388e-02,1.855895854532718658e-02,-4.253522306680679321e-02,-6.355400383472442627e-02,3.531926870346069336e-02,-6.275582313537597656e-02,1.995437592267990112e-01,-1.161020845174789429e-01,4.150064662098884583e-02,8.488722890615463257e-02,-5.463455617427825928e-02,3.959902375936508179e-02,-1.063999235630035400e-01,7.958641648292541504e-02,7.871736586093902588e-02,1.369063854217529297e-01,1.523109227418899536e-01,-2.693781815469264984e-02,-1.425528675317764282e-01,1.457496136426925659e-01,-1.263430714607238770e-01,-4.032075870782136917e-03,-1.108008995652198792e-01,2.433703094720840454e-01,4.659402742981910706e-02,1.005944535136222839e-01,1.996339857578277588e-02,-1.163704991340637207e-01,-8.151569217443466187e-02,-5.691435188055038452e-02,7.013081759214401245e-02,-2.115384042263031006e-01,-1.500377207994461060e-01,-1.756909936666488647e-01,-1.606214940547943115e-01,9.198730438947677612e-02,2.294286638498306274e-01,-1.245306432247161865e-01,7.030703127384185791e-02,1.717964187264442444e-02,-6.031114608049392700e-02,-2.105328887701034546e-01,-6.487508770078420639e-03,4.277886077761650085e-02,1.155677214264869690e-01,1.141471639275550842e-01,-2.609481848776340485e-02,1.457788236439228058e-02,8.685769140720367432e-02,1.685213446617126465e-01,5.999404937028884888e-02,-5.175585672259330750e-02,-5.737483128905296326e-02,-9.806437045335769653e-02,1.544926911592483521e-01,9.212515503168106079e-02,7.238496094942092896e-02,1.000969782471656799e-01,9.981410950422286987e-02,1.331084072589874268e-01,-1.709448099136352539e-01,1.288844197988510132e-01,7.254280894994735718e-02,8.354887366294860840e-02,-7.385967671871185303e-02,5.730636790394783020e-02,2.137032710015773773e-02,1.838562339544296265e-01,7.884208858013153076e-02,5.230765044689178467e-02,8.309962600469589233e-02,2.641018107533454895e-02,-5.613214150071144104e-02,-1.151706799864768982e-01,-3.706892207264900208e-02,7.187056541442871094e-02,2.358124963939189911e-02,7.572569698095321655e-02,6.562262028455734253e-02,-7.698756456375122070e-02,-3.192984163761138916e-01,6.244990974664688110e-02,-1.793702393770217896e-01,-2.002741992473602295e-01,1.308276057243347168e-01,2.023195475339889526e-02,-3.848251421004533768e-03,-4.743454977869987488e-03,-1.168545559048652649e-01,-4.570721462368965149e-02,1.195995882153511047e-01,-8.681044727563858032e-02,7.773590832948684692e-02,2.146585285663604736e-02,-7.239086925983428955e-02,2.070679515600204468e-02,-9.823431074619293213e-02,-8.283921331167221069e-02,-6.343292444944381714e-02,9.356600791215896606e-02,-2.287635020911693573e-02
-4.804193601012229919e-02,-1.476913243532180786e-01,1.063034385442733765e-01,1.147129237651824951e-01,1.579434573650360107e-01,-7.390210777521133423e-02,3.419381380081176758e-02,-5.795355886220932007e-02,-1.702172607183456421e-01,3.615441545844078064e-02,3.921080380678176880e-02,-3.971249982714653015e-02,5.331377685070037842e-02,9.839200973510742188e-02,6.932799518108367920e-02,-1.906321346759796143e-01,3.968110680580139160e-02,8.412949740886688232e-02,9.300569444894790649e-02,1.119756102561950684e-01,-6.073016673326492310e-02,3.346082195639610291e-02,6.308602541685104370e-02,1.028434857726097107e-01,3.186769410967826843e-02,8.214586973190307617e-02,1.337570846080780029e-01,6.951386481523513794e-02,7.984984666109085083e-03,-7.595437113195657730e-03,7.833306491374969482e-02,1.230442803353071213e-02,-1.748246103525161743e-01,1.005893349647521973e-01,-6.871804594993591309e-02,-3.214013949036598206e-02,8.452587574720382690e-02,1.521392017602920532e-01,-7.462740875780582428e-03,-1.456504315137863159e-01,-1.429096609354019165e-01,-1.260451525449752808e-01,-2.222519814968109131e-01,-1.241832301020622253e-01,-4.881016165018081665e-02,-2.395225316286087036e-02,1.803885027766227722e-02,5.298179388046264648e-02,1.727834492921829224e-01,-8.498162776231765747e-02,-5.792107433080673218e-02,-2.174440324306488037e-01,1.677612308412790298e-03,4.470705613493919373e-02,7.195645570755004883e-02,1.389911174774169922e-01,7.884322106838226318e-02,-1.493094414472579956e-01,1.509280689060688019e-02,6.210231408476829529e-02,1.561515126377344131e-02,2.362306416034698486e-02,6.320116668939590454e-02,8.525830693542957306e-03,-7.674822211265563965e-02,7.505626231431961060e-02,-3.573445975780487061e-02,-1.713590323925018311e-01,-1.154019031673669815e-02,-8.320663869380950928e-02,8.360432088375091553e-02,-8.136794716119766235e-02,-5.973951518535614014e-02,7.353631313890218735e-03,3.111517615616321564e-02,-2.057977318763732910e-01,1.691212691366672516e-02,1.370365917682647705e-02,1.318079829216003418e-01,-1.175574809312820435e-01,-7.334335893392562866e-02,3.895349800586700439e-02,2.150786966085433960e-01,-6.571567058563232422e-02,-2.447465062141418457e-02,1.004132032394409180e-01,-1.177744492888450623e-01,1.083288565278053284e-01,-2.062563039362430573e-02,2.957760356366634369e-02,-1.744188368320465088e-01,-7.847478613257408142e-03,1.998847164213657379e-02,-6.176815554499626160e-02,8.970897644758224487e-03,3.193972632288932800e-02,1.427911072969436646e-01,1.369597017765045166e-01,-2.062882035970687866e-01,8.983008563518524170e-02,-1.104349121451377869e-01,-6.830048561096191406e-02,4.084253683686256409e-02,-1.916809976100921631e-01,-1.565991789102554321e-01,-3.566427528858184814e-02,3.701111674308776855e-02,5.871894583106040955e-02,1.731622219085693359e-01,1.829728037118911743e-01,-1.882187277078628540e-02,1.012269174680113792e-03,-1.626246869564056396e-01,2.744725346565246582e-02,-7.048698514699935913e-02,9.687259793281555176e-02,1.003310922533273697e-02,-9.549918025732040405e-02,1.254326403141021729e-01,-6.724045425653457642e-02,1.122086644172668457e-01,8.498359471559524536e-02,6.904189288616180420e-02,3.919498249888420105e-02,-3.075957670807838440e-02,-2.888952381908893585e-02,-5.321601871401071548e-03,1.213119179010391235e-01,-1.763681620359420776e-01,-3.679255768656730652e-02,-5.360270664095878601e-02,-1.981382519006729126e-01,-1.262651681900024414e-01,-2.211790978908538818e-01,1.710540801286697388e-02,4.921922460198402405e-02,5.997896939516067505e-02,5.242828279733657837e-02,-4.647865716833621264e-04,9.124785661697387695e-02,7.938792556524276733e-02,7.726781070232391357e-03,-4.149749130010604858e-02,-7.177156861871480942e-03,1.075418293476104736e-01,6.802760064601898193e-02,1.219396945089101791e-02,-4.909343644976615906e-02,7.438007742166519165e-02,1.120257303118705750e-01,1.459101121872663498e-02,-9.390998631715774536e-02,8.319696038961410522e-02,4.911990463733673096e-02,8.699996024370193481e-02,-9.184231609106063843e-02,1.079258844256401062e-01,5.953538417816162109e-02,1.622841954231262207e-01,5.854908376932144165e-02,6.786273419857025146e-02,1.336502879858016968e-01,1.641981452703475952e-01,3.686167299747467041e-02,1.949750818312168121e-02,5.573242157697677612e-02,2.045431174337863922e-02,-1.168129369616508484e-01,-3.012236021459102631e-02,-1.228776872158050537e-01,7.260289043188095093e-02,-5.850701779127120972e-02,5.084060505032539368e-02,-1.435322016477584839e-01,6.674493104219436646e-02,5.050828680396080017e-02,1.666832715272903442e-01,-6.983392685651779175e-02,-1.959222853183746338e-01,-4.119120538234710693e-02,-3.523596003651618958e-02,-1.633525192737579346e-01,1.651616953313350677e-02
-4.302547499537467957e-02,-2.785031683743000031e-02,3.950548125430941582e-04,-1.560826227068901062e-02,9.210166335105895996e-02,-3.778095245361328125e-01,-1.038048639893531799e-01,-5.989608168601989746e-02,5.579475685954093933e-02,4.713253118097782135e-03,1.789049245417118073e-02,7.251206785440444946e-02,-2.389489561319351196e-01,1.410029642283916473e-02,-6.189158931374549866e-02,-8.620833605527877808e-02,-2.100720852613449097e-01,3.524186834692955017e-02,2.718359231948852539e-01,-6.633700430393218994e-02,-3.441154956817626953e-02,-1.908119022846221924e-02,3.810976073145866394e-02,-3.563126549124717712e-02,2.281276732683181763e-01,1.575028002262115479e-01,4.576298967003822327e-02,4.953905194997787476e-02,-6.631482392549514771e-02,-1.334889233112335205e-02,1.601930409669876099e-01,5.930377915501594543e-02,1.794549375772476196e-01,-1.056519374251365662e-01,-8.808367699384689331e-02,-1.928969621658325195e-01,-1.234545856714248657e-01,-2.856125496327877045e-02,-1.153958663344383240e-01,-1.569853536784648895e-02,-4.991806671023368835e-02,-1.648207902908325195e-01,-5.191553756594657898e-02,2.486790530383586884e-02,-1.060814037919044495e-02,-5.452023819088935852e-02,3.994572162628173828e-02,-1.982588320970535278e-02,1.573270708322525024e-01,1.837588250637054443e-01,-1.899356245994567871e-01,-1.596816480159759521e-01,1.000353768467903137e-01,-1.057737879455089569e-02,-1.754932105541229248e-02,-1.084017157554626465e-01,2.292585559189319611e-02,1.213490962982177734e-02,2.733184583485126495e-02,1.767454743385314941e-01,-3.091181814670562744e-02,4.407647624611854553e-02,-1.598649770021438599e-01,1.742715090513229370e-01,7.548314332962036133e-02,-9.041131287813186646e-02,3.140364587306976318e-02,-1.838243156671524048e-01,-7.908547669649124146e-02,-1.176621764898300171e-01,-7.563902530819177628e-03,1.448255777359008789e-02,-1.121526467613875866e-03,-2.335561215877532959e-01,2.091546952724456787e-01,-1.776514202356338501e-02,-1.927607506513595581e-01,-2.211194252595305443e-03,-1.505767852067947388e-01,-2.392341941595077515e-01,3.060303628444671631e-01,-4.093461669981479645e-03,2.688299417495727539e-01,-2.871345914900302887e-02,1.008650064468383789e-01,-3.629784658551216125e-02,-1.650061830878257751e-02,9.085602313280105591e-02,-6.605467200279235840e-02,4.730060696601867676e-02,-6.001573428511619568e-02,-9.633230417966842651e-02,-1.841963529586791992e-01,-2.015467584133148193e-01,7.795929163694381714e-02,-1.765282899141311646e-01,1.830263137817382812e-01,1.598571240901947021e-02,-1.893617361783981323e-01,-8.420769125223159790e-02,-8.021033555269241333e-02,5.343145132064819336e-02,1.481579244136810303e-01,-1.263596490025520325e-02,2.193600498139858246e-02,1.849181577563285828e-02,5.702194198966026306e-02,-4.241212084889411926e-02,-2.442339435219764709e-03,3.705454245209693909e-02,5.742920562624931335e-02,1.239035353064537048e-01,-1.413654536008834839e-01,1.968486607074737549e-02,8.891751617193222046e-02,1.268528550863265991e-01,4.808667674660682678e-02,-2.825509011745452881e-02,1.601322293281555176e-01,6.857605278491973877e-02,1.013532876968383789e-01,1.217352822422981262e-01,-5.459076911211013794e-02,-5.376894026994705200e-03,2.817894890904426575e-02,2.363201975822448730e-02,1.009492278099060059e-01,4.380701109766960144e-02,-1.586682908236980438e-02,-9.519338607788085938e-02,-7.545951753854751587e-02,1.826117634773254395e-01,-1.060137227177619934e-01,1.679990738630294800e-01,8.547557145357131958e-02,-5.005998164415359497e-02,1.126478542573750019e-03,-5.330049991607666016e-02,-3.947500139474868774e-02,-1.123256012797355652e-01,-7.191164046525955200e-02,-6.396440416574478149e-02,-5.921074002981185913e-02,-1.845603883266448975e-01,3.200754150748252869e-02,8.339233696460723877e-03,-7.974968105554580688e-02,-1.496767438948154449e-02,-9.306370338890701532e-05,-1.002679914236068726e-01,1.788878254592418671e-02,-7.713140547275543213e-02,5.415885522961616516e-02,3.423225134611129761e-03,8.116700500249862671e-02,-1.095392927527427673e-01,-5.444233119487762451e-02,-5.875169858336448669e-02,2.826020307838916779e-02,1.031123772263526917e-01,-1.090557426214218140e-01,-1.685352325439453125e-01,4.394454881548881531e-02,1.413687169551849365e-01,-2.002019621431827545e-02,-8.693815767765045166e-02,-8.601681143045425415e-02,2.555856108665466309e-02,-7.852291315793991089e-02,1.566530615091323853e-01,1.283382475376129150e-01,1.492149829864501953e-01,-6.065145507454872131e-02,-9.856275469064712524e-02,1.102897245436906815e-02,2.152236178517341614e-02,-1.099074110388755798e-01,-1.160579323768615723e-01,1.768819428980350494e-02,-5.190956220030784607e-02,1.338996440172195435e-01,-1.026210337877273560e-01,-4.846222326159477234e-02
1.121881082653999329e-01,-1.316543817520141602e-01,-2.684039995074272156e-02,-8.062656223773956299e-02,1.444392353296279907e-01,-2.928011119365692139e-02,-4.042859375476837158e-02,-1.047296151518821716e-01,7.408481836318969727e-02,4.363327845931053162e-02,-6.939437240362167358e-02,-6.779845058917999268e-02,-3.408005088567733765e-02,-2.591361291706562042e-02,3.386452049016952515e-02,-1.548988968133926392e-01,-6.593348830938339233e-02,8.750982582569122314e-02,7.443007826805114746e-02,-3.184759244322776794e-02,2.194003947079181671e-02,7.578195631504058838e-02,-9.364059567451477051e-02,1.112525686621665955e-01,2.105310112237930298e-01,1.085604503750801086e-01,1.153926476836204529e-01,-9.238144010305404663e-02,-5.562268197536468506e-03,5.197550356388092041e-02,-3.637466952204704285e-02,1.180209890007972717e-01,-1.766230314970016479e-01,-8.238257467746734619e-02,1.112176924943923950e-01,2.980866096913814545e-02,-1.662563979625701904e-01,9.370662271976470947e-02,1.040119528770446777e-01,1.684948205947875977e-01,8.388134092092514038e-02,-6.075187772512435913e-02,1.333094090223312378e-01,-1.745453290641307831e-02,3.999887779355049133e-02,9.132874757051467896e-02,8.370760083198547363e-02,-1.849924772977828979e-01,3.391114622354507446e-02,-1.139813363552093506e-01,1.786678433418273926e-01,-1.741843819618225098e-01,-6.569126248359680176e-02,7.502809911966323853e-02,2.359464168548583984e-01,-1.363850086927413940e-01,-3.322055190801620483e-02,-1.690147072076797485e-01,-4.523074626922607422e-02,-8.647505939006805420e-02,-8.081497251987457275e-02,-8.088743686676025391e-02,-1.680273003876209259e-02,1.946423947811126709e-01,6.175562739372253418e-02,-1.587894186377525330e-02,4.458246007561683655e-02,-1.482803374528884888e-01,-7.299654185771942139e-02,-4.585839062929153442e-02,-1.140886172652244568e-02,-8.206620067358016968e-02,-2.459835819900035858e-02,-1.532615721225738525e-01,6.236256659030914307e-02,2.066513299942016602e-01,-1.344674229621887207e-01,5.795184522867202759e-02,-5.802018940448760986e-02,6.607916206121444702e-02,1.830162853002548218e-02,2.067387551069259644e-01,1.629332304000854492e-01,1.245228946208953857e-01,-1.251895576715469360e-01,2.294455468654632568e-02,2.899855561554431915e-02,-4.174076393246650696e-02,-4.791460931301116943e-02,7.223976776003837585e-03,-1.016144230961799622e-01,2.599873393774032593e-02,4.312822595238685608e-02,-3.968861699104309082e-02,5.102163553237915039e-02,3.082937328144907951e-04,-1.893886923789978027e-02,8.619190752506256104e-02,-1.477578431367874146e-01,5.950156226754188538e-02,-1.536695659160614014e-01,-1.110170930624008179e-01,8.049209415912628174e-02,-8.658473938703536987e-02,-7.810194790363311768e-02,-1.852961070835590363e-02,-1.168872788548469543e-01,-5.975949391722679138e-02,-1.003560274839401245e-01,-6.582488864660263062e-02,2.712240815162658691e-01,1.259529739618301392e-01,-1.458992063999176025e-01,-8.608970046043395996e-02,1.552001535892486572e-01,-1.683108508586883545e-01,-1.714282482862472534e-01,-7.895985245704650879e-02,-8.281679451465606689e-02,9.322335571050643921e-02,-5.634170491248369217e-03,1.112453360110521317e-02,4.147157818078994751e-02,-2.584268450736999512e-01,9.671514481306076050e-02,-1.854426562786102295e-01,1.551192998886108398e-01,-1.062050759792327881e-01,-8.767116814851760864e-02,-2.648074366152286530e-02,3.356609120965003967e-02,-6.141788884997367859e-02,-9.868989884853363037e-02,8.847278356552124023e-02,-9.499287605285644531e-02,-1.183069031685590744e-02,8.272220939397811890e-02,1.118825748562812805e-02,-3.239842131733894348e-02,-9.205823391675949097e-02,3.166754916310310364e-02,-7.083617895841598511e-02,2.202669903635978699e-02,3.615875542163848877e-02,-1.365013718605041504e-01,1.457820832729339600e-02,-1.151218861341476440e-01,5.871139839291572571e-02,1.402301192283630371e-01,1.032086368650197983e-02,6.249770522117614746e-02,8.061766624450683594e-02,-4.004733636975288391e-03,1.537587493658065796e-01,5.291937664151191711e-02,-9.808461368083953857e-02,9.590783715248107910e-02,-1.231621578335762024e-01,-1.259470731019973755e-01,1.247584968805313110e-01,-1.485988944768905640e-01,-9.644128149375319481e-04,-2.955981530249118805e-02,-9.787099808454513550e-02,-2.033573687076568604e-01,-4.259580280631780624e-03,-5.529130995273590088e-02,6.943045556545257568e-02,-9.781311266124248505e-03,1.369560509920120239e-01,-8.734281291253864765e-04,2.175662294030189514e-02,-6.076198816299438477e-02,-2.132360488176345825e-01,-1.107126753777265549e-02,-1.069847494363784790e-02,-1.847710013389587402e-01,-1.446253061294555664e-01,7.926923781633377075e-02,-1.059531345963478088e-01,-3.689647465944290161e-02,4.140763357281684875e-02,-1.375379711389541626e-01
2.011807113885879517e-01,1.123639866709709167e-01,-4.475942626595497131e-02,-2.964496910572052002e-01,-1.103451941162347794e-02,-4.586005210876464844e-02,1.585357040166854858e-01,-9.678286314010620117e-02,9.812624752521514893e-02,6.984794512391090393e-03,-4.947662726044654846e-02,7.807764410972595215e-02,7.683517038822174072e-02,-1.226349361240863800e-02,7.819593697786331177e-02,1.215790435671806335e-01,-7.034717500209808350e-02,7.240511476993560791e-02,-6.895840167999267578e-02,-1.820511929690837860e-02,-4.011269286274909973e-02,2.120697796344757080e-01,1.634883083170279860e-04,3.056360781192779541e-02,4.718816839158535004e-03,3.323046863079071045e-02,-1.047830060124397278e-01,-9.629632532596588135e-02,-1.721236258745193481e-01,-1.892493851482868195e-02,4.928464815020561218e-02,1.288072913885116577e-01,1.473369598388671875e-01,1.160066202282905579e-01,1.785597391426563263e-02,6.469575222581624985e-03,1.640105694532394409e-01,4.359005019068717957e-02,2.331679463386535645e-01,2.231226414442062378e-01,-1.612893342971801758e-01,1.579915639013051987e-03,-1.727021932601928711e-01,-1.129079461097717285e-01,-3.443733230233192444e-02,8.492794632911682129e-02,-1.095188558101654053e-01,-2.084903046488761902e-02,-7.717293687164783478e-03,5.673296749591827393e-02,2.027271315455436707e-03,-2.026777714490890503e-02,1.525160521268844604e-01,-3.958896547555923462e-02,6.386461853981018066e-02,-6.380800157785415649e-02,3.042717278003692627e-02,-1.046271547675132751e-01,-2.804601006209850311e-02,-9.248752892017364502e-02,-2.170688807964324951e-01,1.206682547926902771e-01,-1.282723695039749146e-01,2.769421413540840149e-02,-4.304052144289016724e-02,6.403893977403640747e-02,7.990279048681259155e-02,-9.451776742935180664e-03,8.008234947919845581e-02,5.441052094101905823e-02,-1.293521281331777573e-02,3.878426924347877502e-02,-6.303960084915161133e-02,-3.334557637572288513e-02,-5.250507220625877380e-02,5.691746622323989868e-02,1.468186676502227783e-01,-4.456847906112670898e-02,2.208751626312732697e-02,1.190304234623908997e-01,2.205617129802703857e-01,-1.196652837097644806e-02,1.046790182590484619e-01,1.882973313331604004e-01,-8.561114966869354248e-02,-1.173948962241411209e-02,4.197224602103233337e-02,-2.639480680227279663e-02,-6.567919999361038208e-02,2.037100642919540405e-01,-6.063885614275932312e-02,3.922141715884208679e-02,-1.537146139889955521e-02,-1.688137948513031006e-01,8.377730101346969604e-02,1.363352388143539429e-01,-2.112182974815368652e-02,7.406047731637954712e-02,-3.799336031079292297e-02,1.036172136664390564e-01,7.117024064064025879e-02,-1.234306171536445618e-01,-6.003316491842269897e-02,-1.058065593242645264e-01,-4.433052986860275269e-02,1.265303939580917358e-01,-6.382967531681060791e-02,-9.689542651176452637e-02,-1.164555028080940247e-01,-8.748047053813934326e-02,2.536423504352569580e-01,1.593479216098785400e-01,6.970836967229843140e-02,4.406688362360000610e-02,5.405050236731767654e-03,-6.491899490356445312e-02,-9.697946161031723022e-02,-4.401794448494911194e-02,1.672227978706359863e-01,-9.894746355712413788e-03,6.876952201128005981e-02,-1.032055616378784180e-01,-3.826441476121544838e-03,1.483851969242095947e-01,6.597119849175214767e-03,-5.885154008865356445e-02,1.090334057807922363e-01,-1.292263865470886230e-01,-2.685447335243225098e-01,-2.623038180172443390e-02,-2.001569122076034546e-01,-7.310687005519866943e-02,-5.181550234556198120e-02,-2.234570086002349854e-01,-2.840547636151313782e-02,2.878105640411376953e-02,9.135159850120544434e-02,1.861512102186679840e-02,6.388462334871292114e-02,-2.004721760749816895e-02,-3.345447406172752380e-02,-1.144387200474739075e-02,1.201974451541900635e-01,4.436453059315681458e-02,9.389173239469528198e-02,1.307810097932815552e-01,-8.086680620908737183e-02,4.013451188802719116e-02,-4.121227562427520752e-02,-1.767437756061553955e-01,-2.605375275015830994e-02,1.880372166633605957e-01,-1.961933225393295288e-01,-1.042135711759328842e-02,-1.070058252662420273e-02,2.022461742162704468e-01,-9.250176697969436646e-02,-8.659564889967441559e-03,1.229916140437126160e-01,-1.091149151325225830e-01,-9.917059540748596191e-02,-1.231559813022613525e-01,6.027719378471374512e-02,-1.712777465581893921e-01,-3.816331550478935242e-02,-4.260259494185447693e-02,-1.137616261839866638e-01,8.158995956182479858e-02,-5.036636441946029663e-02,-3.231379203498363495e-03,-2.025185972452163696e-01,5.648234486579895020e-02,-6.711477041244506836e-02,-1.685851365327835083e-01,-3.029777668416500092e-02,-1.304627805948257446e-01,1.115283891558647156e-01,-3.703357651829719543e-02,1.202665418386459351e-01,-1.341139674186706543e-01,1.759921759366989136e-01,8.985517174005508423e-02,5.964902415871620178e-02
7.693623192608356476e-03,3.593586618080735207e-03,9.099575690925121307e-03,-5.312542431056499481e-03,2.092485688626766205e-02,-1.259470582008361816e-01,-5.515498295426368713e-02,-1.263227760791778564e-01,1.270528882741928101e-01,-3.369206488132476807e-01,-1.675796806812286377e-01,-2.921973541378974915e-02,-7.249853108078241348e-03,1.113830953836441040e-01,-3.197869956493377686e-01,5.907131358981132507e-02,-2.094049379229545593e-02,1.977817714214324951e-01,-1.567946374416351318e-01,6.966489553451538086e-02,-1.136029809713363647e-01,-1.241751536726951599e-01,8.645596913993358612e-03,1.500869169831275940e-02,-4.684871807694435120e-02,1.806284785270690918e-01,-9.419272094964981079e-02,9.834806434810161591e-03,2.752517536282539368e-02,2.327811419963836670e-01,-1.261372199223842472e-05,1.228512153029441833e-01,-7.242748886346817017e-02,5.777500104159116745e-03,-3.664352372288703918e-02,3.218046575784683228e-02,8.945977687835693359e-02,2.388116531074047089e-02,7.675781846046447754e-02,5.042306613177061081e-03,1.139423251152038574e-01,1.513425707817077637e-01,-3.449108824133872986e-02,1.175412610173225403e-01,4.386916011571884155e-02,-1.438211351633071899e-01,6.826105061918497086e-03,8.432185649871826172e-02,-1.267059799283742905e-02,1.428789645433425903e-01,-1.165855452418327332e-01,5.472513381391763687e-03,3.261560946702957153e-02,-1.591626107692718506e-01,-1.648630499839782715e-01,1.236862987279891968e-01,4.100774973630905151e-02,-7.388965692371129990e-03,-6.419188529253005981e-02,-8.450822532176971436e-02,-2.724740467965602875e-02,-1.777875125408172607e-01,6.632234901189804077e-02,2.644971385598182678e-02,1.856106817722320557e-01,7.543217390775680542e-02,-9.195665270090103149e-02,-1.413739025592803955e-01,6.250648200511932373e-02,-1.107856556773185730e-01,-1.978564634919166565e-02,-3.301177930552512407e-04,-7.143577933311462402e-02,-1.412067841738462448e-02,-9.353242069482803345e-02,1.529241818934679031e-02,-3.679935354739427567e-03,1.296380721032619476e-02,3.198650106787681580e-02,-2.532828971743583679e-02,-1.256385743618011475e-01,7.931193709373474121e-02,5.569434762001037598e-01,2.756008803844451904e-01,-3.883499279618263245e-02,2.920612879097461700e-02,-4.751196596771478653e-03,2.074832171201705933e-01,-1.471350491046905518e-01,1.971320621669292450e-02,2.100691944360733032e-02,2.041704356670379639e-01,-7.049139589071273804e-02,1.807726472616195679e-01,-2.877214550971984863e-02,-1.525256186723709106e-01,2.131783664226531982e-01,4.888631030917167664e-02,-3.321145847439765930e-02,1.352896820753812790e-02,-9.602099657058715820e-02,-1.999665945768356323e-01,-1.137506365776062012e-01,8.821652829647064209e-02,3.152113780379295349e-02,-9.129281342029571533e-02,1.807972975075244904e-02,4.268849268555641174e-02,-2.712558209896087646e-01,-2.003383189439773560e-01,-2.653400599956512451e-01,5.439543128013610840e-01,-2.058451175689697266e-01,1.205248236656188965e-01,1.685387641191482544e-01,2.236444689333438873e-02,1.233520507812500000e-01,-8.733329921960830688e-02,-1.060519441962242126e-01,2.818852066993713379e-01,6.194818764925003052e-02,1.056850254535675049e-01,-1.674214452505111694e-01,6.307639181613922119e-02,1.400326341390609741e-01,6.750920787453651428e-03,1.447048131376504898e-02,-1.096442993730306625e-02,-1.040394008159637451e-01,7.111606188118457794e-03,7.455224543809890747e-02,8.684640750288963318e-03,-8.007358014583587646e-02,-6.338714808225631714e-02,-5.958285555243492126e-02,1.212741881608963013e-01,4.364528879523277283e-02,7.313425093889236450e-02,-1.424424443393945694e-02,-2.226196415722370148e-02,-6.246433407068252563e-02,-1.439332775771617889e-02,7.495442777872085571e-02,1.345753222703933716e-01,1.783221215009689331e-02,1.876490563154220581e-01,6.413062661886215210e-02,7.391439378261566162e-02,3.690426051616668701e-02,-3.409484028816223145e-02,4.368640109896659851e-02,2.090720385313034058e-01,-3.978382796049118042e-02,7.090231031179428101e-02,2.077883575111627579e-03,7.105553150177001953e-02,-1.457524746656417847e-01,6.235124543309211731e-02,-9.565868228673934937e-02,9.835208207368850708e-02,3.136924654245376587e-02,-1.895627379417419434e-01,9.242496639490127563e-02,-7.418507244437932968e-03,-1.357629597187042236e-01,7.210265845060348511e-02,6.454093847423791885e-03,1.837184429168701172e-01,2.902585268020629883e-02,3.421819210052490234e-01,3.926978632807731628e-02,8.281053975224494934e-03,3.482835367321968079e-02,1.079542487859725952e-01,-7.574187964200973511e-02,5.540012568235397339e-02,1.139802485704421997e-01,-1.173695772886276245e-01,-2.797773666679859161e-02,2.411795593798160553e-02,-7.677059620618820190e-02,-5.647019296884536743e-02,1.106179412454366684e-02
-6.693057715892791748e-02,8.557017892599105835e-03,-1.791792064905166626e-01,5.441103130578994751e-02,-1.366208866238594055e-02,-4.006707668304443359e-02,-7.383206486701965332e-02,1.006100140511989594e-02,1.559845544397830963e-02,-2.235797978937625885e-02,-1.350132226943969727e-01,1.405357718467712402e-01,-2.299824655055999756e-01,2.046795748174190521e-02,-1.664560884237289429e-01,-6.813145428895950317e-02,-4.344308376312255859e-02,-7.434088736772537231e-02,2.959764935076236725e-02,8.837274461984634399e-02,-1.686461269855499268e-02,-9.532318264245986938e-02,-2.163579128682613373e-02,-1.567117683589458466e-02,-8.166243322193622589e-03,-1.241326034069061279e-01,-7.528474926948547363e-02,-2.414174564182758331e-02,4.403028171509504318e-03,-9.028588235378265381e-02,1.678376644849777222e-02,-1.538392454385757446e-01,2.420892193913459778e-02,6.598930060863494873e-02,-6.630214862525463104e-03,3.414442017674446106e-02,-2.252239361405372620e-02,-1.110544353723526001e-01,-1.855588145554065704e-02,1.814152747392654419e-01,-5.052212998270988464e-02,2.300440333783626556e-02,8.028893731534481049e-03,-8.416511863470077515e-02,-1.978632062673568726e-02,1.471834331750869751e-01,1.622465439140796661e-02,-4.145535081624984741e-02,-2.129396796226501465e-01,1.187723353505134583e-01,3.445260226726531982e-01,-8.523786813020706177e-02,-1.211660448461771011e-02,-5.089109390974044800e-02,-2.142428047955036163e-02,1.678887568414211273e-02,-2.398739606142044067e-01,-2.319814115762710571e-01,-1.506725847721099854e-01,-9.520902484655380249e-02,7.078272849321365356e-02,1.492882519960403442e-01,-2.215345650911331177e-01,-1.637898385524749756e-01,-1.596838086843490601e-01,2.004487961530685425e-01,1.642105169594287872e-02,-1.479287296533584595e-01,-3.917608782649040222e-02,4.055481031537055969e-02,1.315424144268035889e-01,-1.825266778469085693e-01,-2.134423553943634033e-01,4.337764903903007507e-02,-7.320966571569442749e-02,9.958728402853012085e-02,4.659489169716835022e-02,-5.434342473745346069e-02,-1.788840144872665405e-01,6.014586240053176880e-02,2.046167850494384766e-01,8.016835898160934448e-02,5.482452511787414551e-01,-2.569638937711715698e-02,-1.362238451838493347e-02,-1.599925905466079712e-01,7.940616458654403687e-02,-1.343308538198471069e-01,4.615168645977973938e-02,-1.489704698324203491e-01,1.409913897514343262e-01,-2.995058149099349976e-02,4.333420470356941223e-02,8.900277316570281982e-02,6.948226690292358398e-02,-1.686788052320480347e-01,-1.161071658134460449e-01,1.968860626220703125e-02,4.198656603693962097e-02,-2.001464962959289551e-01,7.838837802410125732e-02,-1.862566471099853516e-01,5.148997530341148376e-02,1.405733972787857056e-01,7.832244783639907837e-02,-1.499172449111938477e-01,7.028757780790328979e-02,1.035299152135848999e-01,2.541244216263294220e-02,8.179111778736114502e-02,1.780321449041366577e-01,4.445853829383850098e-01,6.460590288043022156e-03,-2.795361354947090149e-02,-1.866244524717330933e-01,1.197342649102210999e-01,-1.685541719198226929e-01,-7.667122781276702881e-02,-1.535524874925613403e-01,3.614434003829956055e-01,-2.852066606283187866e-02,1.231685429811477661e-01,3.628718852996826172e-02,-4.678298160433769226e-02,2.151977121829986572e-01,1.539817312732338905e-03,3.743062540888786316e-02,-3.212215751409530640e-02,1.482697427272796631e-01,-1.524651348590850830e-01,-6.419765204191207886e-02,-1.634527295827865601e-01,2.612196803092956543e-01,1.568677276372909546e-01,4.882508143782615662e-02,-7.747252285480499268e-02,-1.120736449956893921e-01,-6.594590842723846436e-02,-1.047817021608352661e-01,-2.009865827858448029e-02,4.962607845664024353e-02,-9.221883490681648254e-03,-2.076266109943389893e-01,-1.765792667865753174e-01,-6.587371230125427246e-02,-1.787654310464859009e-01,-1.940869241952896118e-01,-5.668742954730987549e-02,2.176460064947605133e-02,4.748001694679260254e-02,-9.819564968347549438e-02,3.007411770522594452e-02,-2.005119323730468750e-01,1.360938996076583862e-01,7.047227770090103149e-02,1.449353098869323730e-01,1.175745502114295959e-01,1.406707763671875000e-01,-1.628349572420120239e-01,-1.141861528158187866e-01,-1.422237157821655273e-01,1.705685863271355629e-03,-7.829836755990982056e-02,-7.572743110358715057e-03,1.335131675004959106e-01,-1.195077821612358093e-01,1.130703911185264587e-01,-2.816534042358398438e-02,-1.118091195821762085e-01,5.644752979278564453e-01,1.174650788307189941e-01,-2.414275854825973511e-01,8.103809505701065063e-02,-4.106344655156135559e-02,7.261950522661209106e-02,-2.608368098735809326e-01,-1.869879513978958130e-01,-1.917736977338790894e-01,-1.017246022820472717e-02,-4.973519593477249146e-02,-2.913497760891914368e-02,-1.537046730518341064e-01,-9.564795345067977905e-02
-6.770136952400207520e-02,-8.141554892063140869e-02,1.227554306387901306e-01,-2.290414571762084961e-01,-2.970763714984059334e-03,-9.449463337659835815e-02,-6.479865312576293945e-02,-2.660654950886964798e-03,-2.287382446229457855e-02,-1.757939159870147705e-01,3.786111995577812195e-02,-1.473351032473146915e-03,8.498291671276092529e-02,2.883774042129516602e-02,-1.392500698566436768e-01,8.787230402231216431e-02,-5.165670439600944519e-02,-1.095055341720581055e-01,-6.722287833690643311e-02,-9.234911948442459106e-02,-6.129963789135217667e-03,1.167703792452812195e-01,1.507046259939670563e-02,7.358316332101821899e-02,-8.391996473073959351e-02,-6.594078987836837769e-02,5.245237424969673157e-02,-7.704304903745651245e-02,-2.699568867683410645e-02,6.227105855941772461e-02,1.395390182733535767e-01,4.143156856298446655e-02,2.394176833331584930e-02,1.756298094987869263e-01,-7.576668262481689453e-02,1.859292536973953247e-01,-3.493047505617141724e-02,-7.071819622069597244e-03,7.471708208322525024e-02,6.411434710025787354e-02,-5.636098328977823257e-03,-2.256090939044952393e-02,-3.258237615227699280e-02,2.868104167282581329e-02,4.030164331197738647e-02,1.659696847200393677e-01,-5.052330344915390015e-02,1.455658972263336182e-01,-8.283584564924240112e-02,3.638872876763343811e-02,-2.391676045954227448e-02,5.705251917243003845e-02,-6.102021783590316772e-03,-4.307090491056442261e-02,1.306137889623641968e-01,1.496879309415817261e-01,-1.487195193767547607e-01,-4.553987458348274231e-02,-3.741897409781813622e-03,5.989774316549301147e-02,3.945413976907730103e-02,-6.857214868068695068e-02,-7.317915558815002441e-02,-1.228145440109074116e-03,1.263886243104934692e-01,-1.489875912666320801e-01,1.015675663948059082e-01,8.175874128937721252e-03,-1.679143309593200684e-01,8.048563450574874878e-02,-6.186668947339057922e-02,-6.467988342046737671e-02,6.739162374287843704e-03,-4.574289917945861816e-02,-1.581818610429763794e-01,3.195829316973686218e-02,-1.376789957284927368e-01,-6.366632878780364990e-02,3.032219130545854568e-03,1.090956479310989380e-01,-2.031100243330001831e-01,2.509333752095699310e-02,-5.265499930828809738e-03,-1.002175211906433105e-01,6.116713210940361023e-02,-1.177005562931299210e-02,1.086554005742073059e-01,-1.257341951131820679e-01,2.697220146656036377e-01,2.555230557918548584e-01,-1.890728026628494263e-01,-3.231166675686836243e-02,1.478968095034360886e-02,-1.039406955242156982e-01,-1.618704944849014282e-01,2.220442295074462891e-01,-2.781454287469387054e-02,-1.724667847156524658e-01,-6.301375478506088257e-02,-1.370340436697006226e-01,1.213006153702735901e-01,-4.758555442094802856e-02,-1.040407568216323853e-01,2.182853370904922485e-01,-1.260279770940542221e-02,2.566106617450714111e-01,-6.462990492582321167e-02,1.555231306701898575e-02,1.020136177539825439e-01,-3.118887916207313538e-02,9.974906221032142639e-03,-8.398640900850296021e-02,-2.199051380157470703e-01,1.120748445391654968e-01,-1.177006214857101440e-01,-1.084635555744171143e-01,-1.364979445934295654e-01,-1.027347594499588013e-01,-1.823556721210479736e-01,-1.055608615279197693e-01,3.258304204791784286e-03,-6.978977471590042114e-02,-2.087493240833282471e-02,-1.915404945611953735e-01,2.301855385303497314e-01,1.184270083904266357e-01,1.422168910503387451e-01,-1.519329696893692017e-01,1.502808779478073120e-01,1.448994427919387817e-01,1.274444311857223511e-01,-1.294513046741485596e-01,1.920832842588424683e-01,6.820325553417205811e-02,-1.328008621931076050e-01,1.452607214450836182e-01,-1.705008558928966522e-02,-2.907157875597476959e-02,-7.052297145128250122e-02,-6.741623580455780029e-02,7.313422858715057373e-02,-1.739129237830638885e-02,-8.004506677389144897e-02,-2.066150493919849396e-02,1.776503622531890869e-01,2.455365806818008423e-01,1.524019092321395874e-01,1.507177948951721191e-01,7.014289498329162598e-02,-1.925983279943466187e-01,7.275222986936569214e-02,1.747704148292541504e-01,2.338293194770812988e-02,3.568505868315696716e-02,-8.236047625541687012e-02,1.021863818168640137e-01,-4.053074866533279419e-02,1.130573898553848267e-01,9.906527400016784668e-02,-2.464669756591320038e-02,-2.307564467191696167e-01,-1.482425257563591003e-02,1.711673587560653687e-01,-1.754121482372283936e-01,2.041490226984024048e-01,1.480788439512252808e-01,-9.032104909420013428e-02,-6.204518675804138184e-02,5.412421002984046936e-02,1.169364228844642639e-01,1.385283023118972778e-01,2.189401350915431976e-02,2.714237868785858154e-01,-1.736146062612533569e-01,6.811399944126605988e-03,-2.507303282618522644e-02,3.698985651135444641e-02,-1.388956755399703979e-01,7.391786575317382812e-02,2.707327902317047119e-02,1.447097957134246826e-01,1.429666280746459961e-01,-5.809425562620162964e-02
7.177400868386030197e-03,-1.376923825591802597e-02,1.186658293008804321e-01,3.315368294715881348e-02,1.795132607221603394e-01,2.955989725887775421e-02,-4.598461091518402100e-02,5.366358533501625061e-02,6.906792521476745605e-02,8.200017362833023071e-02,-1.825931668281555176e-01,-1.414647698402404785e-01,-3.032380640506744385e-01,9.182795882225036621e-02,-1.237113252282142639e-01,5.489591881632804871e-02,-1.325209289789199829e-01,4.486264660954475403e-02,1.000285297632217407e-01,6.833598017692565918e-02,-1.512676104903221130e-02,1.834056377410888672e-01,-3.981098160147666931e-02,-7.994006574153900146e-02,1.782882772386074066e-02,1.570299416780471802e-01,4.037113115191459656e-02,1.219589337706565857e-01,-8.706361055374145508e-02,8.958605118095874786e-03,5.629281699657440186e-02,-3.862792998552322388e-02,-9.163904935121536255e-02,-1.587815433740615845e-01,-5.182549729943275452e-02,-7.925564050674438477e-02,2.756482362747192383e-02,2.849754132330417633e-02,-2.246044576168060303e-01,2.552085928618907928e-02,-8.775554597377777100e-02,-7.700275629758834839e-02,1.470614373683929443e-01,-8.609902858734130859e-02,-2.203172296285629272e-01,1.641544103622436523e-01,-1.175251752138137817e-01,8.807366341352462769e-02,-2.446359209716320038e-02,-2.442448213696479797e-02,-2.065074443817138672e-01,7.424148917198181152e-02,-1.063159629702568054e-01,-2.054087221622467041e-01,-1.365656256675720215e-01,-1.580239385366439819e-01,2.270563691854476929e-02,9.940920025110244751e-02,1.350584626197814941e-02,-8.030807226896286011e-02,-4.881657194346189499e-03,-1.476115733385086060e-01,5.395368486642837524e-02,5.783976614475250244e-02,-3.334578126668930054e-02,-7.816104590892791748e-02,-1.506894081830978394e-01,5.502891540527343750e-02,1.449740529060363770e-01,8.605001866817474365e-02,9.203841537237167358e-02,4.489399492740631104e-02,1.402892172336578369e-02,-4.743615165352821350e-02,-5.595660302788019180e-03,-1.112394109368324280e-01,-1.078645363450050354e-01,-1.219723373651504517e-01,-5.664986744523048401e-02,7.713782042264938354e-02,-9.228315949440002441e-02,3.724922135006636381e-04,1.688497364521026611e-01,1.782636195421218872e-01,-4.539224877953529358e-02,-2.904215268790721893e-02,6.294637918472290039e-02,4.580078274011611938e-02,-9.273714385926723480e-03,4.891640692949295044e-02,-7.051897794008255005e-02,-1.744883954524993896e-01,-5.991534516215324402e-02,7.037013024091720581e-02,-9.664907306432723999e-02,-5.502915009856224060e-02,-3.093269653618335724e-02,-2.971755899488925934e-02,-6.464555859565734863e-02,-3.812930732965469360e-02,5.667759850621223450e-02,1.295400112867355347e-01,1.144728902727365494e-02,-2.202937752008438110e-02,-8.884669840335845947e-02,2.604333311319351196e-02,-2.587163262069225311e-02,-1.117212101817131042e-01,-3.345989584922790527e-01,1.075955554842948914e-01,4.914191365242004395e-02,1.732331365346908569e-01,-1.186164170503616333e-01,-2.390458062291145325e-02,-8.460620045661926270e-02,-3.318623825907707214e-02,-3.416600823402404785e-01,4.235688596963882446e-02,-1.360797733068466187e-01,2.446681819856166840e-02,6.391187757253646851e-02,-1.612321138381958008e-01,5.920047685503959656e-02,1.670465688221156597e-03,2.402042448520660400e-01,-1.057768240571022034e-01,5.291515961289405823e-02,-2.151646018028259277e-01,-2.585924267768859863e-01,-9.875974804162979126e-02,-6.771958619356155396e-02,-1.044808304868638515e-03,-1.800324916839599609e-01,-5.541209504008293152e-02,-1.752770990133285522e-01,3.176378086209297180e-03,3.321563126519322395e-03,-1.892614960670471191e-01,-3.246486559510231018e-02,-2.718782983720302582e-03,1.629549264907836914e-01,4.228563234210014343e-02,1.685411334037780762e-01,1.242597326636314392e-01,7.009880989789962769e-02,2.119735442101955414e-02,2.197795957326889038e-01,1.790657080709934235e-02,-1.402857452630996704e-01,1.725243031978607178e-01,-2.486666291952133179e-02,1.459635198116302490e-01,-1.372977495193481445e-01,1.194553151726722717e-01,-9.308782964944839478e-02,9.480991959571838379e-02,7.465924602001905441e-03,4.088409990072250366e-02,-1.376745700836181641e-01,3.925424069166183472e-02,-6.623183935880661011e-02,-7.414280902594327927e-03,8.638949692249298096e-02,-2.144055627286434174e-02,-2.826490104198455811e-01,9.210570715367794037e-03,1.931938230991363525e-01,7.512287795543670654e-02,-6.789862364530563354e-02,2.348214238882064819e-01,7.895796746015548706e-02,-2.934944070875644684e-02,8.511032164096832275e-02,1.944731920957565308e-01,-3.648514300584793091e-02,-4.157737269997596741e-02,3.211122751235961914e-02,4.055777937173843384e-02,-4.244651272892951965e-02,8.846841752529144287e-02,-1.112462729215621948e-01,-9.239115566015243530e-02,6.873185187578201294e-02
4.176883399486541748e-02,-2.193354070186614990e-02,-8.713592588901519775e-02,-2.054239362478256226e-01,-5.621620640158653259e-02,-7.562863826751708984e-02,4.648959264159202576e-02,-1.376453787088394165e-01,1.239170134067535400e-01,-3.124128654599189758e-02,1.586020551621913910e-02,8.431706577539443970e-02,7.387818768620491028e-03,1.096463277935981750e-01,6.970779597759246826e-02,1.457192897796630859e-01,4.619401693344116211e-02,-5.377491936087608337e-02,1.774398684501647949e-01,8.759702742099761963e-02,6.140635907649993896e-02,-5.785986315459012985e-03,8.767630904912948608e-02,1.910343021154403687e-01,-1.480877050198614597e-03,1.369003802537918091e-01,-5.388516560196876526e-02,-1.726739555597305298e-01,1.681379228830337524e-01,-1.413671076297760010e-01,5.802915245294570923e-02,9.657736867666244507e-02,9.416645020246505737e-02,-1.765859127044677734e-02,9.618191421031951904e-02,8.868197351694107056e-02,6.660214811563491821e-02,-6.187831237912178040e-02,5.311678163707256317e-03,1.560784038156270981e-02,-1.464727073907852173e-01,1.623214185237884521e-01,1.333443634212017059e-02,6.337457895278930664e-02,-6.968582980334758759e-03,1.023493185639381409e-01,-6.587745249271392822e-02,-1.118954122066497803e-01,-4.740246105939149857e-03,-8.650536090135574341e-02,-1.312674582004547119e-02,2.819287404417991638e-02,-4.574881400913000107e-03,1.023208051919937134e-01,5.469140782952308655e-02,4.994043335318565369e-02,1.447633206844329834e-01,5.186541378498077393e-02,-4.913561791181564331e-02,4.351964220404624939e-02,-5.477878078818321228e-02,-2.736195456236600876e-03,-7.847558706998825073e-02,1.820495724678039551e-01,-2.035273797810077667e-02,-6.578020751476287842e-02,2.401506155729293823e-02,1.222787890583276749e-02,6.173729524016380310e-02,-5.617632344365119934e-02,-1.897340714931488037e-01,-8.219876140356063843e-02,-1.601239442825317383e-01,4.200782999396324158e-02,-9.116932749748229980e-02,-1.187462285161018372e-01,5.787450820207595825e-02,1.328800469636917114e-01,-6.290356069803237915e-02,6.445318460464477539e-02,4.305440559983253479e-02,1.986630447208881378e-02,-1.551061719655990601e-01,-1.622559735551476479e-03,5.607027560472488403e-02,-1.413697749376296997e-01,-1.066634580492973328e-01,-2.595672942698001862e-02,-8.525516837835311890e-02,1.548102945089340210e-01,-6.924093514680862427e-02,3.411877527832984924e-02,-2.133431583642959595e-01,-4.567815735936164856e-02,-8.402124047279357910e-03,3.789481148123741150e-02,2.965430170297622681e-02,-6.332348287105560303e-02,1.737284287810325623e-02,5.956155713647603989e-03,-6.187574192881584167e-02,2.429628819227218628e-01,-1.542851030826568604e-01,1.372558772563934326e-01,-8.004925400018692017e-02,1.326992809772491455e-01,-4.562704637646675110e-02,1.061934977769851685e-01,-5.433987081050872803e-02,1.431872602552175522e-02,2.032517641782760620e-01,9.596208482980728149e-02,-1.008417159318923950e-01,-2.129316627979278564e-01,-1.411136090755462646e-01,9.717258065938949585e-02,-8.669349551200866699e-02,3.096835613250732422e-01,6.304316222667694092e-02,-5.788423120975494385e-02,5.420939624309539795e-02,7.328693568706512451e-02,-5.361026898026466370e-02,-1.498178690671920776e-01,-1.875559985637664795e-01,2.743828296661376953e-01,8.092663250863552094e-03,1.150340028107166290e-02,6.010092422366142273e-02,1.374797672033309937e-01,-2.033208124339580536e-02,1.228561699390411377e-01,-1.055366843938827515e-01,1.036972850561141968e-01,-8.012774586677551270e-02,1.015362069010734558e-01,-2.914536744356155396e-02,7.671038806438446045e-02,-2.478852123022079468e-01,1.099431887269020081e-01,1.851502209901809692e-01,3.493011370301246643e-02,-4.976265132427215576e-02,4.818036779761314392e-02,-6.997614353895187378e-02,1.359374523162841797e-01,1.265595853328704834e-01,2.122244797646999359e-02,-8.574183285236358643e-02,2.429628521203994751e-01,2.738025486469268799e-01,-2.238405309617519379e-02,6.574065238237380981e-02,-5.004034936428070068e-02,9.994257986545562744e-02,7.622676342725753784e-02,-4.051994159817695618e-02,-4.553349688649177551e-02,-6.873090565204620361e-02,5.650569871068000793e-02,-2.931506931781768799e-02,5.777438730001449585e-02,-1.741782948374748230e-02,-1.195921301841735840e-01,1.016501858830451965e-01,5.145227164030075073e-02,-5.528400093317031860e-02,1.745015978813171387e-01,3.633664548397064209e-02,-1.360836178064346313e-01,7.755877077579498291e-02,-1.046760305762290955e-01,-1.177646666765213013e-01,-1.753918081521987915e-02,-9.239403903484344482e-02,1.228641793131828308e-01,-1.007567625492811203e-02,-5.494250729680061340e-02,-1.489298045635223389e-01,9.315577149391174316e-02,-1.836322247982025146e-01,-1.276162415742874146e-01,3.885103017091751099e-02
1.404170691967010498e-01,-7.344488799571990967e-02,1.595011800527572632e-01,7.934368401765823364e-02,1.014264896512031555e-01,-2.362489104270935059e-01,2.833724208176136017e-02,2.066680043935775757e-02,3.972872719168663025e-02,-7.365783303976058960e-02,4.473322257399559021e-02,-1.225783955305814743e-02,-1.455898135900497437e-01,-4.969318956136703491e-02,-8.982203900814056396e-02,-7.884149998426437378e-02,1.076399814337491989e-02,-1.390428096055984497e-01,4.618195816874504089e-02,1.521902065724134445e-02,-1.793367043137550354e-02,2.444035932421684265e-02,-3.847697284072637558e-03,-7.749438751488924026e-03,1.612729728221893311e-01,-5.957082659006118774e-02,-9.253729879856109619e-02,1.010951921343803406e-01,-9.354446083307266235e-02,-9.667973220348358154e-02,1.412729322910308838e-01,1.108284741640090942e-01,-1.665686219930648804e-01,-2.069620639085769653e-01,-6.267868727445602417e-02,7.819259166717529297e-02,-1.137839183211326599e-01,-1.365766674280166626e-02,2.061294764280319214e-01,-6.301847100257873535e-02,2.410200797021389008e-02,7.852199673652648926e-02,-4.740123823285102844e-02,-1.106235664337873459e-02,3.320891782641410828e-02,-1.113426289521157742e-03,8.107329905033111572e-02,-1.457581669092178345e-01,-1.070931106805801392e-01,-2.684564143419265747e-02,1.723454594612121582e-01,-2.987432852387428284e-02,-8.634901791810989380e-02,-6.859695911407470703e-02,-6.961990892887115479e-02,-6.179191917181015015e-02,-6.787316501140594482e-02,-9.736476093530654907e-02,1.785791851580142975e-02,1.320718228816986084e-01,8.928387425839900970e-03,4.315273463726043701e-02,6.856403499841690063e-02,-3.953863400965929031e-03,2.165257185697555542e-02,-1.206001564860343933e-01,-4.257428646087646484e-02,-1.642530597746372223e-02,4.303544759750366211e-03,-2.320441156625747681e-01,-1.345098763704299927e-01,8.093588054180145264e-02,-3.471841290593147278e-02,-1.040101647377014160e-01,1.818312853574752808e-01,2.921555377542972565e-02,-2.026410540565848351e-03,-3.009942919015884399e-02,-4.515491053462028503e-02,-4.648809321224689484e-03,-4.616662859916687012e-03,-1.251243650913238525e-01,-1.570791378617286682e-02,7.568690925836563110e-02,1.648573391139507294e-02,3.107267548330128193e-04,2.663697116076946259e-02,7.054702192544937134e-02,-2.997745759785175323e-03,-2.446828410029411316e-02,7.773290574550628662e-02,-2.088462263345718384e-01,7.182510942220687866e-02,-9.226159006357192993e-02,1.290305983275175095e-02,-1.470986753702163696e-01,1.239323243498802185e-01,1.680390834808349609e-01,-3.813227266073226929e-02,2.224275767803192139e-01,1.153390556573867798e-01,-5.455478560179471970e-03,-1.008882671594619751e-01,1.127736084163188934e-02,-1.827623508870601654e-02,-4.433758184313774109e-02,2.048430033028125763e-02,-2.450216859579086304e-01,-6.689862906932830811e-02,-7.342967391014099121e-02,7.609191536903381348e-02,9.806583076715469360e-02,1.198669970035552979e-01,-2.845848537981510162e-02,1.443045027554035187e-02,-2.685419283807277679e-02,2.093931436538696289e-01,1.442175805568695068e-01,-8.707244694232940674e-02,2.290734946727752686e-01,-6.421821564435958862e-02,-3.960873559117317200e-02,2.872085198760032654e-02,1.371364295482635498e-02,-1.352067291736602783e-02,6.628581136465072632e-02,-2.743941545486450195e-02,1.455110609531402588e-01,-1.787169426679611206e-01,8.746160566806793213e-02,1.084637120366096497e-01,-2.312420494854450226e-02,-1.627510339021682739e-01,4.942005500197410583e-02,-4.475962743163108826e-02,-3.958136308938264847e-03,-1.651912182569503784e-02,1.688163913786411285e-02,-9.523566067218780518e-02,-3.104509972035884857e-02,1.973018348217010498e-01,-2.347587794065475464e-01,-1.127462461590766907e-01,5.090140551328659058e-02,1.002993658185005188e-01,3.008656017482280731e-02,1.276919096708297729e-01,8.453523367643356323e-02,-2.153650484979152679e-02,2.480039298534393311e-01,6.438666023313999176e-03,-1.858288943767547607e-01,1.953651309013366699e-01,-8.095283061265945435e-03,1.795064508914947510e-01,-2.142918668687343597e-02,-6.919636577367782593e-02,-7.597837597131729126e-02,6.993135809898376465e-02,1.322548836469650269e-02,-3.284110873937606812e-02,-1.804933883249759674e-02,-7.223162800073623657e-02,3.381436690688133240e-03,3.039018251001834869e-02,1.521938387304544449e-02,-1.147464960813522339e-01,-3.200810402631759644e-02,7.574321329593658447e-02,1.124945506453514099e-01,7.225408405065536499e-02,-2.816907688975334167e-02,-2.103695124387741089e-01,5.265979841351509094e-02,8.708975464105606079e-02,-2.626222670078277588e-01,-1.174072362482547760e-02,-8.863560110330581665e-02,2.452391572296619415e-02,-5.482883006334304810e-02,4.739896580576896667e-02,1.078081876039505005e-02,4.696885589510202408e-03
-1.029395237565040588e-01,1.290920190513134003e-03,1.165305897593498230e-01,-2.942309249192476273e-03,2.332415990531444550e-02,4.415002092719078064e-02,-5.924980714917182922e-02,-1.060518771409988403e-01,-7.033661752939224243e-02,-9.526206180453300476e-03,-5.762598291039466858e-02,-8.824406564235687256e-02,-4.860567301511764526e-02,7.785892486572265625e-02,-1.423844601958990097e-02,5.645125359296798706e-02,-5.928735807538032532e-02,-4.129825904965400696e-02,-8.446556329727172852e-02,-2.052590437233448029e-02,1.282072626054286957e-02,1.896405518054962158e-01,7.290866225957870483e-03,4.745301324874162674e-03,-1.159846261143684387e-01,-2.817637287080287933e-02,-9.988156706094741821e-02,2.338490337133407593e-01,1.968740671873092651e-02,4.871407896280288696e-02,2.182314731180667877e-02,-1.431002616882324219e-01,-1.520866155624389648e-01,4.148792102932929993e-02,7.330278307199478149e-02,-2.335285022854804993e-02,-4.812249541282653809e-02,2.238286584615707397e-01,-5.834512785077095032e-02,-1.175533682107925415e-01,-1.100244149565696716e-01,8.562662452459335327e-02,-7.543965429067611694e-02,-2.516061067581176758e-02,1.073392760008573532e-02,-1.319307237863540649e-01,-2.589598894119262695e-01,9.409272111952304840e-03,5.093686282634735107e-02,9.643873572349548340e-02,1.432296931743621826e-01,2.854874916374683380e-02,1.716700643301010132e-01,3.324980288743972778e-02,1.750575453042984009e-01,1.178625226020812988e-01,-6.084595993161201477e-02,-9.708668291568756104e-02,-1.220744252204895020e-01,-2.873449772596359253e-02,-9.179853647947311401e-02,-8.647832274436950684e-02,-5.795281752943992615e-02,1.716691106557846069e-01,-3.097936511039733887e-02,1.474822461605072021e-01,-4.241338744759559631e-02,-3.233696799725294113e-03,-5.094583332538604736e-02,-1.141885370016098022e-01,-3.666311502456665039e-03,8.312790840864181519e-02,-2.554075419902801514e-01,1.108376607298851013e-01,2.922047860920429230e-03,1.510295551270246506e-02,-6.318317027762532234e-04,4.820346087217330933e-02,-4.226168151944875717e-03,-8.330380171537399292e-02,-9.034337103366851807e-02,6.139609217643737793e-02,5.582734197378158569e-02,-3.189843520522117615e-02,-1.147495657205581665e-01,1.088103726506233215e-01,-4.035115614533424377e-02,-1.315769739449024200e-02,2.084398716688156128e-01,2.204644307494163513e-02,-7.152809295803308487e-03,-8.854320272803306580e-03,-3.919311612844467163e-02,-7.949429750442504883e-02,-9.619695693254470825e-02,2.268314175307750702e-02,8.880740404129028320e-02,3.788966313004493713e-02,-1.961658149957656860e-01,8.184643834829330444e-02,2.158023864030838013e-01,-6.922922283411026001e-02,-2.711990475654602051e-02,-2.013757675886154175e-01,-1.072958782315254211e-01,-1.042558401823043823e-01,-8.231678046286106110e-03,1.107795387506484985e-01,-9.317946434020996094e-02,7.102128863334655762e-02,9.113008528947830200e-02,-1.838765107095241547e-02,-1.038331687450408936e-01,-9.606496244668960571e-02,-1.032830700278282166e-01,2.828269302845001221e-01,2.366413362324237823e-02,4.653949290513992310e-03,-1.589314788579940796e-01,-4.536928609013557434e-02,-9.809920191764831543e-02,1.004000678658485413e-01,-4.555344581604003906e-03,-2.610780000686645508e-01,1.767213344573974609e-01,-1.680323332548141479e-01,-1.073229312896728516e-01,-8.537451177835464478e-02,8.755712211132049561e-02,4.907554015517234802e-03,-9.463232755661010742e-02,-1.134188100695610046e-02,2.227609977126121521e-02,-5.421862751245498657e-02,1.627591997385025024e-02,1.169341057538986206e-01,-1.807241141796112061e-01,-5.468956753611564636e-02,9.531422704458236694e-02,5.302431061863899231e-02,6.761548668146133423e-02,-1.336532533168792725e-01,4.941126331686973572e-02,-3.157200291752815247e-02,2.691128849983215332e-01,-6.187971681356430054e-02,4.387782141566276550e-02,6.109144166111946106e-02,-1.674349978566169739e-02,-7.461073249578475952e-02,-1.127885356545448303e-01,1.633475869894027710e-01,-3.642783313989639282e-02,8.721163868904113770e-02,-4.543557763099670410e-03,6.466080993413925171e-02,-1.057527363300323486e-01,3.875526040792465210e-02,1.330494582653045654e-01,5.006219074130058289e-02,-9.980878233909606934e-02,-5.552442744374275208e-02,-4.475498944520950317e-02,-1.032792851328849792e-01,-7.730806246399879456e-03,-1.036283187568187714e-02,-2.078535221517086029e-02,3.031310997903347015e-02,-9.375254064798355103e-02,-2.024442330002784729e-02,3.594160312786698341e-03,-8.750887215137481689e-02,-1.161978095769882202e-01,-1.250926405191421509e-01,-1.207797974348068237e-01,-1.016185358166694641e-01,8.209647983312606812e-02,-3.619544953107833862e-02,1.470250338315963745e-01,-1.850141882896423340e-01,9.103479981422424316e-02,2.439947240054607391e-02,3.210774064064025879e-02
1.195164322853088379e-01,-8.137039095163345337e-02,-1.776425726711750031e-02,-8.733203262090682983e-02,1.429010927677154541e-02,6.105505302548408508e-02,1.200204156339168549e-02,-4.225502535700798035e-02,-1.320081353187561035e-01,4.664170742034912109e-02,3.571001812815666199e-02,1.350789330899715424e-03,7.160811871290206909e-02,-1.263345181941986084e-01,1.175700873136520386e-01,-2.491986379027366638e-02,2.193011716008186340e-02,-6.975131481885910034e-02,3.863734379410743713e-02,-2.216453850269317627e-01,4.327430203557014465e-02,-1.083659753203392029e-01,-1.224026158452033997e-01,6.596513092517852783e-02,-2.275645919144153595e-02,-1.163693219423294067e-01,-2.253922261297702789e-02,2.030979096889495850e-01,1.107371374964714050e-01,-4.557834938168525696e-02,-9.601093083620071411e-02,7.640321273356676102e-03,-1.141408011317253113e-01,1.939715892076492310e-01,-1.020789705216884613e-02,-2.024591565132141113e-01,3.628168255090713501e-02,5.862300843000411987e-02,6.306412816047668457e-02,6.482223421335220337e-02,-7.779894024133682251e-02,-7.152014970779418945e-02,1.157168000936508179e-01,-1.817680746316909790e-01,-1.987830176949501038e-02,-6.069122627377510071e-02,-8.054158836603164673e-02,3.084130771458148956e-02,1.098592877388000488e-01,1.330142188817262650e-02,-1.139554381370544434e-01,-7.885598391294479370e-02,-1.213865652680397034e-01,-1.577274203300476074e-01,5.834613740444183350e-02,4.376820474863052368e-02,5.434245988726615906e-02,-4.187496006488800049e-02,1.138990279287099838e-02,-9.060523658990859985e-02,1.080302000045776367e-01,7.860814221203327179e-03,1.386871212162077427e-03,5.206076055765151978e-02,1.020364370197057724e-02,3.263546526432037354e-02,5.527850240468978882e-02,7.706295698881149292e-03,7.393760979175567627e-02,1.665741391479969025e-02,-4.473914578557014465e-02,-5.102819576859474182e-02,7.623025774955749512e-02,1.186852529644966125e-01,-8.852858841419219971e-02,5.940652266144752502e-02,-3.310347199440002441e-01,-1.052890941500663757e-01,1.879573166370391846e-01,-4.102195799350738525e-02,-3.490839153528213501e-02,2.729304507374763489e-02,3.077955543994903564e-01,2.770659886300563812e-02,1.380614936351776123e-01,2.249016314744949341e-01,-2.064795196056365967e-01,-4.781719297170639038e-02,-1.932190963998436928e-03,-6.311219930648803711e-02,-2.756298482418060303e-01,-7.849097996950149536e-02,-1.350696086883544922e-01,-1.535257548093795776e-01,-2.748199179768562317e-02,-2.652914822101593018e-01,-7.611248176544904709e-03,3.039330244064331055e-02,-1.558543145656585693e-01,-8.963026106357574463e-02,-1.315868198871612549e-01,-6.073797587305307388e-03,-2.078825980424880981e-02,-1.672150790691375732e-01,-6.949125975370407104e-02,-1.820684783160686493e-02,1.296858191490173340e-01,9.072298556566238403e-02,8.945131301879882812e-02,5.819144472479820251e-02,6.393343210220336914e-02,3.636568486690521240e-01,2.419983409345149994e-02,5.306994915008544922e-02,-1.177490130066871643e-01,-9.590177983045578003e-02,1.745235770940780640e-01,1.728793419897556305e-02,9.392105042934417725e-02,1.152001768350601196e-01,-6.987686455249786377e-02,9.029035270214080811e-02,-2.426868490874767303e-02,-6.720033288002014160e-02,-2.843116782605648041e-02,8.495200425386428833e-03,-5.583480373024940491e-02,-1.110565364360809326e-01,2.338747959583997726e-03,2.866159975528717041e-01,9.669946879148483276e-02,-3.308843821287155151e-02,2.327943779528141022e-02,5.961251631379127502e-02,-7.313840836286544800e-02,-1.276762932538986206e-01,1.657587289810180664e-02,-1.625265926122665405e-01,-6.863214820623397827e-02,6.483175093308091164e-05,-1.287676580250263214e-02,-1.290655285120010376e-01,-7.949745655059814453e-02,-1.961209774017333984e-01,1.461508800275623798e-03,7.749709486961364746e-02,-6.453639268875122070e-02,8.073785156011581421e-02,-2.440763264894485474e-01,-3.140966296195983887e-01,4.752060770988464355e-02,-3.958333749324083328e-03,-2.763189747929573059e-02,-5.808926746249198914e-02,-1.674941182136535645e-02,-6.594300270080566406e-02,-1.808313131332397461e-01,5.526861548423767090e-02,2.355944924056529999e-02,8.883815258741378784e-02,-7.389851659536361694e-02,-1.510669756680727005e-02,2.307626977562904358e-02,-9.826083481311798096e-02,4.298768192529678345e-02,-3.847454860806465149e-02,-3.958559781312942505e-02,-1.061318367719650269e-01,-5.527427792549133301e-02,3.038875758647918701e-01,-2.568965554237365723e-01,-4.703508689999580383e-02,-5.422230809926986694e-02,-3.045540116727352142e-02,1.656998842954635620e-01,1.052375286817550659e-01,-2.085373550653457642e-01,-1.424758583307266235e-01,-4.319389350712299347e-03,-1.170626431703567505e-01,5.348323658108711243e-02,-1.571090221405029297e-01,-2.080450206995010376e-01
-5.712611228227615356e-02,1.743053048849105835e-01,-1.335770171135663986e-02,-8.270239084959030151e-02,-1.099191009998321533e-01,-9.221922606229782104e-02,1.319825351238250732e-01,2.611786127090454102e-01,1.809043735265731812e-01,-1.221837326884269714e-01,2.320927083492279053e-01,-3.453936055302619934e-02,-3.560148924589157104e-02,-8.622328191995620728e-02,-9.461244940757751465e-02,5.252969264984130859e-02,-4.775476828217506409e-02,7.984929531812667847e-02,1.278307884931564331e-01,1.187310069799423218e-01,-7.877067476511001587e-02,-1.872403621673583984e-01,1.974855214357376099e-01,-1.142480894923210144e-01,-7.113139331340789795e-02,1.312025338411331177e-01,1.456487691029906273e-03,-1.713194400072097778e-01,1.304550189524888992e-02,1.264169216156005859e-01,-3.552826866507530212e-02,-8.593586832284927368e-02,1.334757655858993530e-01,7.138385623693466187e-02,-1.853993907570838928e-02,6.541342288255691528e-02,-8.882573246955871582e-02,-1.380487680435180664e-01,7.020629011094570160e-03,4.730463027954101562e-02,1.766746938228607178e-01,-2.220872230827808380e-02,2.377092689275741577e-01,-1.141824275255203247e-01,2.238211967051029205e-02,-8.926571160554885864e-02,9.317941963672637939e-02,1.015183627605438232e-01,-1.125106438994407654e-01,-9.618959575891494751e-02,-9.220393002033233643e-02,1.526873260736465454e-01,8.700765669345855713e-02,-7.060743402689695358e-03,-2.085460126399993896e-01,-1.753231436014175415e-01,-2.520538493990898132e-02,4.756206274032592773e-02,9.292004629969596863e-03,1.000240817666053772e-01,2.197008207440376282e-02,5.796748772263526917e-02,6.874739378690719604e-02,-4.625527933239936829e-02,-1.347030512988567352e-02,-1.018669605255126953e-01,-1.518267095088958740e-01,-3.014622628688812256e-02,-6.384577602148056030e-02,3.342973068356513977e-02,1.805545296519994736e-03,-9.946586936712265015e-02,-7.089067995548248291e-02,2.977124154567718506e-01,-3.924935683608055115e-02,1.792768090963363647e-01,4.900826513767242432e-02,-4.907515645027160645e-02,2.116691023111343384e-01,-8.023202419281005859e-02,-5.212916433811187744e-02,-1.508210599422454834e-02,5.535455942153930664e-01,8.079922199249267578e-02,-1.621648520231246948e-01,2.080352418124675751e-02,-9.832807630300521851e-02,9.140132367610931396e-02,4.484566301107406616e-02,-1.048389151692390442e-01,-4.901902750134468079e-02,1.014735400676727295e-01,-1.544137746095657349e-01,-5.197560042142868042e-02,-2.039324678480625153e-02,1.945001259446144104e-02,-9.708321839570999146e-02,-9.739018976688385010e-03,1.548441648483276367e-01,-2.563918828964233398e-01,-3.767114505171775818e-02,3.485557809472084045e-02,5.903727188706398010e-02,1.760631650686264038e-01,-4.566864517983049154e-04,-4.667198657989501953e-02,-1.319650560617446899e-01,-9.892300516366958618e-02,-6.738071143627166748e-02,-8.632836490869522095e-02,-6.712897866964340210e-02,2.114289253950119019e-01,-4.370523989200592041e-02,-1.275364458560943604e-01,-3.508527949452400208e-02,3.789692744612693787e-02,-7.068021595478057861e-02,1.238580867648124695e-01,-7.712514698505401611e-02,5.626587197184562683e-02,1.076620742678642273e-01,-1.530624628067016602e-01,-1.228376999497413635e-01,3.297263011336326599e-02,9.166721999645233154e-02,2.321593165397644043e-01,-8.586262911558151245e-02,3.335672372486442327e-04,-1.347630172967910767e-01,-3.490268439054489136e-02,1.259611397981643677e-01,-1.775979623198509216e-02,1.151467710733413696e-01,-3.063919581472873688e-02,-2.561031281948089600e-01,-1.767446286976337433e-02,-1.021660640835762024e-01,1.725189834833145142e-01,7.147081941366195679e-02,-7.937298156321048737e-03,-2.098313532769680023e-02,6.659637391567230225e-02,-5.924810096621513367e-02,1.267433762550354004e-01,-5.025491118431091309e-02,-6.440188735723495483e-02,-6.157433241605758667e-02,-2.702199295163154602e-02,1.320984587073326111e-02,1.605660170316696167e-01,-1.427159411832690239e-03,1.190172582864761353e-01,-8.227171003818511963e-02,5.425992235541343689e-02,-1.552526056766510010e-01,2.528604120016098022e-02,-9.489861875772476196e-02,8.839391916990280151e-02,-1.304232031106948853e-01,7.543324027210474014e-03,-1.419886648654937744e-01,-9.557330608367919922e-02,9.949497133493423462e-02,-1.237796321511268616e-01,5.524628981947898865e-02,4.335922375321388245e-02,1.516739185899496078e-02,-8.519258350133895874e-02,1.240080446004867554e-01,4.515765607357025146e-01,-1.928706765174865723e-01,-4.188562184572219849e-02,-1.410534381866455078e-01,-4.598860815167427063e-02,1.164308097213506699e-02,-9.104347229003906250e-02,-6.327959895133972168e-02,2.129631489515304565e-02,6.335858255624771118e-02,1.378611773252487183e-01,-1.292257606983184814e-01,-1.404765546321868896e-01,7.940191775560379028e-02
-1.053663045167922974e-01,7.007098197937011719e-02,-4.380212351679801941e-02,4.484956618398427963e-03,-1.879080832004547119e-01,-5.785885080695152283e-02,9.879104793071746826e-02,3.084435872733592987e-02,2.350622415542602539e-02,1.304543018341064453e-01,-1.536724865436553955e-01,5.688192322850227356e-02,1.980539262294769287e-01,-1.986721754074096680e-01,1.807944923639297485e-01,1.363307833671569824e-01,-3.714971989393234253e-02,-1.277188677340745926e-02,-2.079591527581214905e-02,-6.259360164403915405e-02,-1.072188019752502441e-01,-5.172005295753479004e-02,-6.373467296361923218e-02,2.048612534999847412e-01,9.879969060420989990e-02,1.284599006175994873e-01,-8.836601674556732178e-02,1.266994774341583252e-01,1.712585799396038055e-02,7.255832664668560028e-03,8.290824294090270996e-02,1.052405163645744324e-01,-2.837633155286312103e-02,-1.524743251502513885e-02,-1.059696748852729797e-01,4.517745226621627808e-02,-3.498005867004394531e-02,-2.229234762489795685e-02,-4.196104779839515686e-02,-5.958049371838569641e-02,-5.632922798395156860e-02,-5.253181606531143188e-02,-6.349568814039230347e-02,-7.300087809562683105e-02,1.923690922558307648e-02,-1.094091832637786865e-01,1.103657633066177368e-01,-5.513645336031913757e-02,1.960055977106094360e-01,5.926891788840293884e-02,2.285496890544891357e-02,9.495019912719726562e-02,5.424651131033897400e-02,1.897714473307132721e-02,-2.413431182503700256e-02,-5.475299805402755737e-02,-1.159837618470191956e-01,9.226147830486297607e-02,-8.305212855339050293e-02,1.369553059339523315e-01,-1.837437856011092663e-03,-2.722588181495666504e-02,5.752059072256088257e-02,1.544634066522121429e-02,-1.577513106167316437e-02,4.871527478098869324e-02,2.599171400070190430e-01,-3.172094225883483887e-01,-6.118805147707462311e-03,-1.228062901645898819e-02,5.764954909682273865e-02,-7.299144566059112549e-02,-1.748681217432022095e-01,-1.150576211512088776e-02,-2.078539729118347168e-01,3.026291728019714355e-02,2.348796874284744263e-01,6.843281444162130356e-04,-6.545631587505340576e-02,1.042502447962760925e-01,-6.604623049497604370e-02,-2.116118371486663818e-01,1.906718243844807148e-04,-1.657458543777465820e-01,6.166551634669303894e-02,-7.758543640375137329e-02,2.925389632582664490e-02,1.346918195486068726e-01,2.009093016386032104e-02,-1.168658435344696045e-01,1.359294950962066650e-01,-4.388096183538436890e-02,-1.183530092239379883e-01,9.058392047882080078e-02,9.530769288539886475e-02,-1.778872311115264893e-02,-1.398081891238689423e-03,1.111929491162300110e-01,-6.693810969591140747e-02,-1.235697045922279358e-01,5.626161769032478333e-02,1.510353572666645050e-02,1.710637360811233521e-01,-6.729221343994140625e-02,-1.730688363313674927e-01,4.006287083029747009e-02,-6.555511802434921265e-02,-8.303219079971313477e-02,1.764557361602783203e-01,2.060869783163070679e-01,1.488623470067977905e-01,-5.367329344153404236e-02,3.240640088915824890e-02,3.455268219113349915e-02,6.422902923077344894e-03,7.925850152969360352e-02,-1.873325854539871216e-01,9.524618834257125854e-02,-6.089489534497261047e-02,1.699834465980529785e-01,2.385554909706115723e-01,2.524984441697597504e-02,4.199820011854171753e-02,1.143428832292556763e-01,-1.170448586344718933e-01,-4.322503134608268738e-02,-1.103970408439636230e-01,1.074236184358596802e-01,5.679162219166755676e-02,3.921659290790557861e-02,1.812578737735748291e-02,-2.369372397661209106e-01,1.570346653461456299e-01,-1.802833378314971924e-01,1.477172523736953735e-01,9.873061440885066986e-03,2.265702784061431885e-01,-1.155899763107299805e-01,6.101457029581069946e-02,-1.656222045421600342e-01,-1.980799436569213867e-01,-2.177244275808334351e-01,4.245286434888839722e-02,-3.016610443592071533e-02,-9.852224029600620270e-03,2.106762528419494629e-01,-1.684947758913040161e-01,2.058644294738769531e-01,-1.163899526000022888e-01,1.041590571403503418e-01,-7.268366962671279907e-02,-5.440882220864295959e-02,2.759236842393875122e-02,-2.696982324123382568e-01,2.199066281318664551e-01,6.366489920765161514e-03,1.619535833597183228e-01,2.555516734719276428e-02,1.140574365854263306e-01,-2.454285472631454468e-01,5.981178581714630127e-02,-1.248533744364976883e-02,1.935578435659408569e-01,-1.035466492176055908e-01,9.214859455823898315e-02,5.434405058622360229e-02,-6.713875383138656616e-02,3.635713830590248108e-02,-1.556132920086383820e-02,-9.363363683223724365e-02,-1.020586341619491577e-01,-1.112004043534398079e-03,-4.492755606770515442e-02,-1.127424463629722595e-02,6.375934183597564697e-02,-4.293482005596160889e-02,-1.896130479872226715e-02,-9.422927349805831909e-02,-1.117723211646080017e-01,-6.174706295132637024e-02,-1.523466408252716064e-01,7.098862528800964355e-02,2.123937010765075684e-01
-3.244507685303688049e-02,5.567719787359237671e-02,-1.568048596382141113e-01,1.351630836725234985e-01,-4.212092608213424683e-02,-8.938810229301452637e-02,-1.438751369714736938e-01,-9.850088506937026978e-03,-2.644060552120208740e-01,-8.632328361272811890e-02,1.135039851069450378e-01,-2.101720497012138367e-02,-1.325666159391403198e-01,3.450914844870567322e-02,-1.436312794685363770e-01,1.365438550710678101e-01,-4.718681331723928452e-03,1.333606243133544922e-01,-3.675242885947227478e-02,9.818118065595626831e-03,5.305168405175209045e-02,8.536405861377716064e-02,-7.310837507247924805e-02,-1.945337951183319092e-01,2.209602855145931244e-02,-1.435864064842462540e-02,1.579502969980239868e-01,1.689898669719696045e-01,-4.137934744358062744e-02,6.919774413108825684e-02,7.781620323657989502e-02,4.334982112050056458e-02,-7.768622040748596191e-02,3.752228617668151855e-02,5.971020460128784180e-02,-7.902769744396209717e-02,3.494986146688461304e-02,-7.122219540178775787e-03,-7.170876860618591309e-02,1.391431689262390137e-01,-1.075525656342506409e-01,-4.798778891563415527e-02,-8.458434604108333588e-03,-1.341170817613601685e-01,-1.098313406109809875e-01,-1.819945313036441803e-02,-1.997961401939392090e-01,7.606046646833419800e-02,-1.055461540818214417e-01,5.724851042032241821e-02,-4.874455556273460388e-02,-1.276727765798568726e-01,-2.418159395456314087e-01,-8.197131007909774780e-02,1.439847052097320557e-01,-1.973950713872909546e-01,1.660945117473602295e-01,1.696421056985855103e-01,5.951713398098945618e-02,-4.209736362099647522e-02,2.460169233381748199e-02,1.553962826728820801e-01,2.245663851499557495e-02,2.289682328701019287e-01,1.276208162307739258e-01,-1.002394780516624451e-01,9.807252138853073120e-02,1.905517093837261200e-02,1.326424777507781982e-01,-9.037037193775177002e-02,-8.351309224963188171e-03,1.605477370321750641e-02,-6.382280588150024414e-02,1.740600913763046265e-02,1.670990437269210815e-01,9.008203446865081787e-02,-4.968874156475067139e-02,1.043738052248954773e-01,-1.194308549165725708e-01,1.780580170452594757e-02,9.124389290809631348e-02,-1.113656610250473022e-01,5.508568882942199707e-01,4.819833487272262573e-02,2.255517803132534027e-02,1.781189292669296265e-01,9.831368923187255859e-02,1.475235819816589355e-01,-6.591550260782241821e-02,1.562862284481525421e-02,-7.619843818247318268e-03,-3.064631856977939606e-02,-8.169388025999069214e-02,-2.935249805450439453e-01,4.934452846646308899e-02,-5.133095011115074158e-02,1.559529602527618408e-01,4.028839059174060822e-03,-8.010021410882472992e-03,1.266590356826782227e-01,1.529622822999954224e-01,2.996991872787475586e-01,-9.773348271846771240e-02,1.870840489864349365e-01,-8.111308515071868896e-02,-1.793908625841140747e-01,8.115248754620552063e-03,-3.512307256460189819e-02,-4.565678071230649948e-03,-6.527547538280487061e-02,1.209993809461593628e-01,4.216890335083007812e-01,-8.851868659257888794e-02,-3.578099608421325684e-02,1.031981781125068665e-01,8.538603782653808594e-02,1.501510851085186005e-02,-5.254799500107765198e-02,5.314449593424797058e-02,1.971172988414764404e-01,-7.170607149600982666e-02,1.770661175251007080e-01,-1.535238325595855713e-01,-6.112613156437873840e-02,4.479951038956642151e-02,7.350263744592666626e-02,-1.323029994964599609e-01,1.114538088440895081e-01,-4.400191456079483032e-02,-3.258464485406875610e-02,1.849355697631835938e-01,-1.090789027512073517e-02,-9.005364030599594116e-02,5.232829600572586060e-02,1.278571188449859619e-01,1.242817845195531845e-02,6.367037445306777954e-02,1.172861550003290176e-02,-4.877162352204322815e-02,-1.754858531057834625e-02,9.818246960639953613e-02,-1.523967683315277100e-01,-2.274105548858642578e-01,5.510823801159858704e-02,-6.714513152837753296e-02,-9.580744057893753052e-02,6.441175937652587891e-02,-4.329540207982063293e-02,-8.382019400596618652e-02,5.763306096196174622e-02,9.045034530572593212e-04,-5.414079502224922180e-02,4.857025295495986938e-02,-8.234968781471252441e-02,-4.260320961475372314e-02,2.530662342905998230e-02,9.622748941183090210e-02,-3.191754966974258423e-02,1.491643935441970825e-01,-2.602798342704772949e-01,6.783848255872726440e-02,4.623928293585777283e-02,2.608675360679626465e-01,1.486198306083679199e-01,-3.851620107889175415e-02,1.452762484550476074e-01,-3.268062695860862732e-02,6.299588084220886230e-02,-1.155842915177345276e-01,4.155587255954742432e-01,5.051396042108535767e-02,-9.729845076799392700e-02,6.852220743894577026e-02,6.710068136453628540e-02,2.140880972146987915e-01,3.827588516287505627e-04,-1.923995651304721832e-02,-8.666703850030899048e-02,7.244906574487686157e-02,1.430531293153762817e-01,1.169447824358940125e-01,-2.400038391351699829e-01,5.730717256665229797e-02
9.583341889083385468e-03,6.236513704061508179e-02,-1.435318589210510254e-01,1.619750708341598511e-01,-3.123569674789905548e-02,1.078379526734352112e-01,6.638561189174652100e-02,-5.349582433700561523e-02,7.664908654987812042e-03,-1.383682191371917725e-01,1.118093505501747131e-01,1.265187561511993408e-01,-6.947349756956100464e-02,-3.249875083565711975e-02,-2.683949656784534454e-02,-1.261158138513565063e-01,8.127351105213165283e-02,1.525218039751052856e-02,4.883481934666633606e-02,1.194666419178247452e-02,1.241872832179069519e-02,-7.333716750144958496e-02,3.698081150650978088e-02,-5.804176442325115204e-03,-7.553873211145401001e-02,2.532424032688140869e-02,-4.585904255509376526e-02,4.126737639307975769e-02,1.435410380363464355e-01,-8.460098505020141602e-02,3.487595319747924805e-01,-4.492073506116867065e-02,-1.447115987539291382e-01,-5.879811942577362061e-02,4.324475675821304321e-02,-2.057943195104598999e-01,4.121714830398559570e-02,-6.427318602800369263e-02,-5.850162357091903687e-02,7.920402288436889648e-02,-1.408871263265609741e-01,-1.659243367612361908e-02,5.563807487487792969e-02,8.882832527160644531e-02,-1.183608397841453552e-01,-5.754289217293262482e-03,-7.903933525085449219e-02,6.497124582529067993e-02,-2.752996422350406647e-02,-4.791972227394580841e-03,6.389581412076950073e-02,2.779538044705986977e-03,4.010365810245275497e-03,8.289881050586700439e-02,8.290233463048934937e-02,-3.555755689740180969e-02,-5.020086467266082764e-02,1.081639975309371948e-01,-1.200692877173423767e-01,-1.561393290758132935e-01,-2.619024307932704687e-04,7.629912812262773514e-03,-1.276677548885345459e-01,-1.628286391496658325e-01,-2.922189533710479736e-01,7.763274759054183960e-02,-8.362024277448654175e-02,1.317838877439498901e-01,-1.683962903916835785e-02,1.139700338244438171e-01,-4.362175241112709045e-02,-1.695849001407623291e-02,5.159086361527442932e-02,-1.289792545139789581e-02,5.677112936973571777e-02,-1.972256749868392944e-01,-7.235201448202133179e-02,-9.865144267678260803e-03,7.229844480752944946e-02,-7.071452587842941284e-02,8.700239472091197968e-03,-1.347743533551692963e-02,-7.188609987497329712e-02,-1.310247033834457397e-01,1.323029398918151855e-01,-3.466882556676864624e-02,-9.772209823131561279e-02,-1.926087737083435059e-01,-7.403844594955444336e-02,-5.938802286982536316e-02,-6.587874144315719604e-02,-2.322860062122344971e-01,-5.158223956823348999e-02,2.622051164507865906e-02,2.202905565500259399e-01,3.810241818428039551e-02,-1.059310659766197205e-01,5.536128580570220947e-02,-2.322319447994232178e-01,1.072705164551734924e-01,9.835036098957061768e-02,3.785992041230201721e-02,-7.339017093181610107e-02,8.564916253089904785e-02,1.432176679372787476e-01,-6.780325621366500854e-02,8.292696624994277954e-02,-4.488246515393257141e-02,7.512699067592620850e-02,-6.085761636495590210e-02,8.204134553670883179e-02,8.713271468877792358e-02,1.292047202587127686e-01,5.955223739147186279e-02,-1.335866302251815796e-01,1.243755593895912170e-01,1.118669137358665466e-01,8.560677617788314819e-02,-7.135327439755201340e-03,9.478611499071121216e-02,4.052086174488067627e-02,1.142541989684104919e-01,8.307530730962753296e-02,-1.454272568225860596e-01,-1.653624176979064941e-01,-2.078548967838287354e-01,-1.934027299284934998e-02,1.269333660602569580e-01,-9.412042796611785889e-02,7.343618571758270264e-02,-5.376634001731872559e-02,-1.470828950405120850e-01,-6.364007294178009033e-02,1.088507249951362610e-01,-1.365904211997985840e-01,7.378088682889938354e-02,1.840108633041381836e-01,5.085011944174766541e-02,1.215083431452512741e-02,2.419007010757923126e-02,2.075138501822948456e-02,-4.517557844519615173e-02,1.788171529769897461e-01,-1.780126988887786865e-01,-1.268229782581329346e-01,-4.871971905231475830e-02,1.106861308217048645e-01,-6.911735050380229950e-03,-9.477149695158004761e-02,2.966648153960704803e-02,-3.739103674888610840e-02,3.108347766101360321e-02,-1.006728261709213257e-01,1.897095739841461182e-01,1.246215030550956726e-01,2.873353064060211182e-01,1.582146505825221539e-03,-2.201307564973831177e-01,1.311154365539550781e-01,1.029419749975204468e-01,-7.148904353380203247e-02,-6.304511427879333496e-02,-6.686607748270034790e-02,-1.120568960905075073e-01,5.785068497061729431e-02,-1.760149896144866943e-01,-9.248769283294677734e-02,-1.542870253324508667e-01,1.839752867817878723e-02,2.090428397059440613e-02,8.152028173208236694e-02,7.731326669454574585e-02,-4.403295461088418961e-03,2.911023423075675964e-02,5.700352042913436890e-02,7.253019511699676514e-02,-2.061896584928035736e-02,8.158095180988311768e-02,1.514911768026649952e-03,8.591096848249435425e-02,9.249940514564514160e-02,9.636066854000091553e-02,5.989389494061470032e-02
-1.252768933773040771e-01,1.901436746120452881e-01,1.791206374764442444e-02,6.137821078300476074e-02,-2.743876576423645020e-01,-8.827730268239974976e-02,-9.801665693521499634e-02,-1.142755299806594849e-01,1.067215763032436371e-02,8.951156400144100189e-03,6.132704019546508789e-02,7.595719397068023682e-02,-1.014417707920074463e-01,-4.874114692211151123e-02,2.444934472441673279e-02,-1.469888072460889816e-02,2.488594949245452881e-01,3.531945943832397461e-01,4.456747323274612427e-02,4.574431851506233215e-02,3.703945875167846680e-02,1.228072047233581543e-01,-9.390097856521606445e-02,-5.951147526502609253e-02,9.904795885086059570e-02,7.261490821838378906e-02,-1.610138565301895142e-01,-7.441911380738019943e-03,-1.102011352777481079e-01,1.652037203311920166e-01,-5.633258447051048279e-02,1.030842736363410950e-01,1.578471437096595764e-02,-2.981575429439544678e-01,-9.545596688985824585e-02,-1.510990690439939499e-02,2.600768394768238068e-02,4.504850506782531738e-02,-3.839086368680000305e-02,-7.614395767450332642e-02,-1.023741718381643295e-02,-1.232705712318420410e-01,-1.472691725939512253e-02,-5.468307062983512878e-02,7.129945605993270874e-02,1.393010169267654419e-01,-4.991947486996650696e-02,1.979059725999832153e-02,-1.602002978324890137e-01,4.819592088460922241e-02,4.818881303071975708e-02,-6.671150773763656616e-02,-3.112885057926177979e-01,-6.628528237342834473e-02,3.601569309830665588e-02,4.484334960579872131e-03,-2.365909330546855927e-02,7.352612167596817017e-02,2.226016297936439514e-02,4.812299832701683044e-02,1.277757883071899414e-01,3.946435078978538513e-02,1.679549664258956909e-01,-1.679811924695968628e-01,4.580698441714048386e-03,3.934569656848907471e-02,-3.275590017437934875e-02,-7.374472916126251221e-02,1.339468508958816528e-01,-5.347153544425964355e-02,-3.373293578624725342e-02,-1.673112809658050537e-02,-3.818556666374206543e-02,-1.654834859073162079e-02,6.505178660154342651e-02,-7.681836187839508057e-02,-2.054611593484878540e-01,3.987746313214302063e-02,5.308268219232559204e-02,-1.031183674931526184e-01,1.994501054286956787e-01,-8.482310175895690918e-02,5.374441742897033691e-01,6.242366135120391846e-02,3.143108636140823364e-02,-1.188117414712905884e-01,-9.652447700500488281e-02,-7.020492106676101685e-02,-1.020586565136909485e-01,2.418865710496902466e-01,4.416614770889282227e-03,-6.027008220553398132e-02,-5.577236786484718323e-02,-2.271723374724388123e-02,-1.334831118583679199e-02,-1.354423165321350098e-01,1.021261066198348999e-01,4.158151522278785706e-02,5.410289764404296875e-02,2.198294177651405334e-02,1.899000853300094604e-01,-1.381865292787551880e-01,-1.565599739551544189e-01,1.195632815361022949e-01,-4.070068150758743286e-02,7.437729090452194214e-02,6.227172166109085083e-02,-1.246256306767463684e-01,8.594495803117752075e-02,-2.009148336946964264e-02,1.944954320788383484e-02,4.476530253887176514e-01,-3.810399677604436874e-03,-8.305617421865463257e-02,-4.336797073483467102e-02,-8.176477253437042236e-02,-1.792885363101959229e-01,1.283366233110427856e-02,-9.452571719884872437e-02,1.010676473379135132e-01,-1.179745141416788101e-02,7.534506916999816895e-02,-9.149252623319625854e-02,8.985392004251480103e-02,-1.388577669858932495e-01,-2.577543957158923149e-03,4.668850079178810120e-02,-5.715201422572135925e-02,-7.400352507829666138e-02,4.863758012652397156e-02,1.987945586442947388e-01,2.036297619342803955e-01,-2.664154022932052612e-02,9.388318657875061035e-02,-1.583390840096399188e-04,4.337681457400321960e-02,-3.247496113181114197e-02,9.923570789396762848e-03,8.958891965448856354e-03,6.779050827026367188e-02,-1.737786270678043365e-02,-4.174130037426948547e-02,-4.621282219886779785e-02,7.006534188985824585e-02,1.208716109395027161e-01,2.122652232646942139e-01,9.811361879110336304e-02,-5.902151763439178467e-02,-7.547848857939243317e-03,-9.849544614553451538e-02,-1.008996665477752686e-01,-3.509239479899406433e-02,-5.937002971768379211e-02,6.227081269025802612e-02,-1.383392810821533203e-01,1.781616061925888062e-01,9.930185042321681976e-03,5.126349627971649170e-02,-9.854398667812347412e-03,-5.745282396674156189e-02,1.239241510629653931e-01,-1.201880499720573425e-01,-7.058651745319366455e-02,1.235793381929397583e-01,-5.481599643826484680e-02,6.538587808609008789e-02,-1.226169243454933167e-01,-1.256369333714246750e-02,5.560283362865447998e-02,4.084392189979553223e-01,-1.083082705736160278e-01,1.856161630712449551e-03,9.022080153226852417e-02,-4.941129311919212341e-02,-2.085838168859481812e-01,4.739499092102050781e-02,1.179682388901710510e-01,5.003076419234275818e-02,-1.689801551401615143e-02,-2.519447915256023407e-02,-1.267103552818298340e-01,-4.210036620497703552e-02,6.093680113554000854e-02
1.066697463393211365e-01,-1.249496415257453918e-01,-2.895521372556686401e-02,1.446237415075302124e-01,1.044454500079154968e-01,7.239704579114913940e-02,6.868346035480499268e-02,-5.430202558636665344e-02,1.829108595848083496e-02,1.076857596635818481e-01,-7.795039564371109009e-02,-6.773274391889572144e-02,3.371639847755432129e-01,-2.992010675370693207e-02,-3.235644847154617310e-02,3.056140244007110596e-02,1.985910385847091675e-01,-8.691847324371337891e-02,3.857834264636039734e-02,1.919611096382141113e-01,6.601195037364959717e-02,1.084856837987899780e-01,-6.365688890218734741e-02,-1.027947291731834412e-02,-1.772822141647338867e-01,-1.005507856607437134e-01,7.013219408690929413e-03,5.569522082805633545e-02,1.508589684963226318e-01,-3.833661973476409912e-02,-7.465542852878570557e-02,-2.185795269906520844e-02,-7.563719898462295532e-02,-2.997819334268569946e-02,2.518554031848907471e-01,2.557258866727352142e-02,4.681478813290596008e-02,-5.047453939914703369e-02,-6.647094339132308960e-02,8.520241081714630127e-02,4.399712383747100830e-02,2.453363537788391113e-01,-1.075815111398696899e-01,6.836093962192535400e-02,1.475573182106018066e-01,-7.817580550909042358e-02,-2.876075915992259979e-02,1.121519356966018677e-01,3.817376494407653809e-02,8.337859809398651123e-02,-6.161214318126440048e-03,-1.322820037603378296e-01,2.343968488276004791e-02,-1.366854161024093628e-01,-3.588489815592765808e-02,8.321307599544525146e-02,3.821671381592750549e-02,4.800238832831382751e-02,-8.752205222845077515e-02,7.776771485805511475e-02,-3.244938794523477554e-03,-8.500034362077713013e-02,3.525812178850173950e-02,-5.750575661659240723e-02,4.662006348371505737e-02,-5.729327909648418427e-03,-1.206815615296363831e-01,-5.585648864507675171e-02,-5.754457041621208191e-02,-9.524033218622207642e-02,-5.960645899176597595e-02,-5.376938357949256897e-02,3.236186504364013672e-02,-6.419354677200317383e-02,-3.314518183469772339e-02,-8.029606193304061890e-02,1.067853439599275589e-02,-1.407991498708724976e-01,-4.081473127007484436e-02,1.910885125398635864e-01,-5.988380406051874161e-03,1.148761212825775146e-01,1.611352898180484772e-02,2.063137292861938477e-01,9.945398569107055664e-02,-1.431380808353424072e-01,-5.258895084261894226e-02,7.585959881544113159e-02,5.851501971483230591e-02,1.286540627479553223e-01,-9.096332639455795288e-02,-1.665670722723007202e-01,4.870250076055526733e-02,-1.582307368516921997e-01,-6.473538279533386230e-02,1.396372467279434204e-01,3.664078935980796814e-02,-4.473449662327766418e-02,3.218261152505874634e-02,-7.284951955080032349e-02,7.729033241048455238e-04,-1.439149081707000732e-01,7.342834770679473877e-02,8.579612523317337036e-02,-4.808634147047996521e-02,-4.573336616158485413e-02,-6.077513843774795532e-02,2.024218440055847168e-02,-1.457665860652923584e-01,2.201398834586143494e-02,6.416655331850051880e-02,5.329968407750129700e-02,4.705072566866874695e-02,5.601901561021804810e-02,-1.551194190979003906e-01,8.733236044645309448e-02,3.096253052353858948e-02,4.976813122630119324e-02,2.273796871304512024e-02,-1.653455197811126709e-01,-1.697531193494796753e-01,1.391080766916275024e-02,7.927880436182022095e-02,-1.405750364065170288e-01,4.059587791562080383e-02,-3.760796040296554565e-02,2.613290771842002869e-02,5.292715877294540405e-02,-8.346505463123321533e-02,-2.258720807731151581e-02,6.501714140176773071e-02,2.759445831179618835e-02,1.151762977242469788e-01,-3.784630820155143738e-02,-4.320873692631721497e-02,8.722097426652908325e-02,-1.406373232603073120e-01,5.589110031723976135e-02,3.245873004198074341e-02,3.162336722016334534e-02,7.186862826347351074e-02,6.553991883993148804e-02,-1.325571388006210327e-01,7.781055569648742676e-02,-2.436528354883193970e-01,4.262075200676918030e-02,1.418398320674896240e-01,8.317185193300247192e-02,7.738025486469268799e-02,3.918741643428802490e-02,8.052923530340194702e-02,-2.677990123629570007e-02,-3.329567238688468933e-02,3.727976977825164795e-02,1.010512188076972961e-01,6.723892688751220703e-02,8.343581855297088623e-02,1.271679997444152832e-01,-1.389785408973693848e-01,4.585780948400497437e-02,-5.092619103379547596e-04,-2.461597695946693420e-02,-1.966340094804763794e-01,-1.669451296329498291e-01,-7.161281257867813110e-02,2.487566322088241577e-03,-7.573562674224376678e-03,-7.392841577529907227e-02,1.397482156753540039e-01,-3.136200457811355591e-02,5.254055559635162354e-02,1.171162202954292297e-01,6.134081259369850159e-02,-5.671413615345954895e-02,-8.031613379716873169e-02,2.750200033187866211e-02,2.216514199972152710e-01,-1.238474547863006592e-01,5.706903757527470589e-04,1.801088266074657440e-02,-1.007501110434532166e-01,-1.059098616242408752e-01,-7.960045337677001953e-02
1.811142116785049438e-01,-6.473367568105459213e-03,1.140293329954147339e-01,-1.584852933883666992e-01,1.188368648290634155e-01,-1.135020107030868530e-01,6.452371180057525635e-02,-1.074886173009872437e-01,-6.782908737659454346e-02,-2.020843513309955597e-02,-4.482188075780868530e-02,1.871336996555328369e-01,-7.115028053522109985e-02,1.692221267148852348e-03,1.501685976982116699e-01,6.162766739726066589e-02,-8.633326739072799683e-02,2.444561123847961426e-01,1.358197182416915894e-01,1.514713317155838013e-01,-9.971291292458772659e-04,-1.162441298365592957e-01,-1.570657938718795776e-01,-1.672241650521755219e-02,1.657333523035049438e-01,1.156005263328552246e-01,-6.431633234024047852e-02,2.077502310276031494e-01,-1.795203685760498047e-01,-1.041977107524871826e-02,-8.990070223808288574e-02,5.815279856324195862e-02,1.119524687528610229e-01,2.566961012780666351e-02,-3.536920249462127686e-02,-1.977730095386505127e-01,-1.923969201743602753e-02,1.178665906190872192e-01,-3.191103786230087280e-02,2.037071734666824341e-01,-7.741633802652359009e-02,1.899719089269638062e-01,-5.806545540690422058e-02,4.595097526907920837e-02,1.210435032844543457e-01,-8.159947395324707031e-02,2.280481904745101929e-02,-6.473058462142944336e-02,-1.426390111446380615e-01,5.953899025917053223e-02,-3.548552840948104858e-02,-9.182079881429672241e-02,7.042025029659271240e-02,-1.025960966944694519e-02,7.987771183252334595e-02,-2.831517532467842102e-02,1.016448959708213806e-01,2.388470806181430817e-03,6.710337847471237183e-02,1.170470565557479858e-02,-4.800420254468917847e-02,1.121569308452308178e-03,-1.006962731480598450e-01,-8.251668512821197510e-02,6.116183008998632431e-03,1.572141051292419434e-02,8.128537982702255249e-02,-1.486593186855316162e-01,4.771034792065620422e-02,-1.632202044129371643e-02,7.409089803695678711e-02,5.786201730370521545e-02,1.609237939119338989e-01,-4.334147647023200989e-02,-4.317422211170196533e-02,4.506193101406097412e-02,-1.857488183304667473e-03,1.466673612594604492e-01,1.156946420669555664e-01,1.513027399778366089e-01,1.806139945983886719e-01,9.757008403539657593e-02,-6.762131303548812866e-02,-4.579131677746772766e-02,-1.828837208449840546e-02,-1.562533713877201080e-02,-2.270821947604417801e-03,2.727957069873809814e-02,-1.299875080585479736e-01,1.654462814331054688e-01,-1.378390658646821976e-02,-6.471095979213714600e-02,2.996375784277915955e-02,-6.042803451418876648e-02,-9.674669057130813599e-02,-1.912264674901962280e-01,1.182314977049827576e-01,1.197367906570434570e-01,-1.064554899930953979e-01,-4.998216778039932251e-02,-1.343947052955627441e-01,5.831902381032705307e-03,9.412806481122970581e-02,1.006440818309783936e-01,-7.866378128528594971e-02,7.801859825849533081e-02,-1.598298996686935425e-01,-9.684964083135128021e-03,-6.689344346523284912e-02,3.993071243166923523e-02,-4.274257645010948181e-02,-2.510343678295612335e-02,9.381589293479919434e-02,-1.393302530050277710e-01,1.056172251701354980e-01,-7.053710520267486572e-02,-1.845082640647888184e-01,-2.648927643895149231e-02,1.415082961320877075e-01,-3.802284225821495056e-02,3.033183328807353973e-02,7.011549174785614014e-02,3.251251950860023499e-02,1.198318824172019958e-01,6.565816700458526611e-02,-8.046008646488189697e-02,7.485766708850860596e-02,-1.356543302536010742e-01,-1.184114590287208557e-01,6.772138178348541260e-03,-1.377359926700592041e-01,5.938435904681682587e-03,4.341406002640724182e-02,3.972629085183143616e-02,-1.505404710769653320e-01,-2.148018777370452881e-01,-5.059488862752914429e-02,3.898967802524566650e-02,-1.741982847452163696e-01,1.024035438895225525e-01,1.627408340573310852e-02,-1.090942025184631348e-01,1.122273206710815430e-01,-1.012781560420989990e-01,3.127213120460510254e-01,-5.351163819432258606e-02,-9.749294072389602661e-02,-6.331557035446166992e-02,1.086985766887664795e-01,8.586471900343894958e-03,-4.932090640068054199e-02,-6.456132978200912476e-02,5.258885025978088379e-02,-5.575166270136833191e-02,-1.092745214700698853e-01,7.874109596014022827e-02,-2.160559641197323799e-03,-1.956561952829360962e-01,-1.019950509071350098e-01,-4.991355910897254944e-02,-9.643161669373512268e-03,-1.828627102077007294e-02,-1.140090599656105042e-01,1.512454263865947723e-02,8.237953484058380127e-02,1.399041861295700073e-01,-1.832368671894073486e-01,1.503084003925323486e-01,1.190423518419265747e-01,8.292718976736068726e-02,-7.205978035926818848e-02,-3.996261581778526306e-02,-8.299490436911582947e-03,-1.076950579881668091e-01,2.617569267749786377e-02,6.020017340779304504e-02,8.668182790279388428e-02,5.038083717226982117e-02,2.801843732595443726e-02,3.475901857018470764e-02,1.876349449157714844e-01,1.365991085767745972e-01,8.229620754718780518e-02
3.171883895993232727e-02,-1.774368137121200562e-01,-2.719696983695030212e-02,1.426468640565872192e-01,-1.260123401880264282e-02,6.861716508865356445e-02,6.991549581289291382e-02,1.164239719510078430e-01,1.669678688049316406e-01,-1.557412743568420410e-01,-7.520813494920730591e-02,-1.746830344200134277e-01,-1.467205733060836792e-01,1.868449449539184570e-01,-7.922674715518951416e-02,-8.368286304175853729e-03,8.027985692024230957e-03,1.232118904590606689e-01,-1.511216908693313599e-01,-4.195447638630867004e-02,1.435094326734542847e-01,-3.223799914121627808e-02,-7.602431625127792358e-02,1.318833976984024048e-01,-5.321277678012847900e-02,5.464761704206466675e-02,-7.586408406496047974e-02,1.819667667150497437e-01,1.477837283164262772e-02,1.087021231651306152e-01,-8.293663710355758667e-02,-1.047009602189064026e-01,5.640540644526481628e-02,1.027006357908248901e-01,-9.417346119880676270e-02,1.124867871403694153e-01,-2.641522139310836792e-02,8.777510374784469604e-02,8.626981638371944427e-03,-1.637395769357681274e-01,-4.779359791427850723e-03,1.285747904330492020e-02,2.799459993839263916e-01,-1.637138128280639648e-01,1.441430300474166870e-01,-1.106132045388221741e-01,1.085524111986160278e-01,1.238568946719169617e-01,-3.534306213259696960e-02,5.644940771162509918e-03,-1.109252572059631348e-01,9.297585487365722656e-02,-8.236662298440933228e-02,1.049665510654449463e-01,-8.966477960348129272e-02,1.785051450133323669e-02,-1.029683575034141541e-01,1.482485979795455933e-01,2.580820322036743164e-01,-5.596489086747169495e-02,1.631670258939266205e-02,-4.945321939885616302e-03,-4.025917500257492065e-02,4.961172863841056824e-02,-6.114094704389572144e-02,-1.092284098267555237e-01,1.686351299285888672e-01,-9.159550070762634277e-02,2.233994379639625549e-02,-1.036335006356239319e-01,1.551798433065414429e-01,-2.887214124202728271e-01,3.505609184503555298e-02,1.242918372154235840e-01,-2.582100406289100647e-02,1.075188666582107544e-01,1.509907003492116928e-02,1.281058639287948608e-01,-7.460641115903854370e-02,1.931573152542114258e-01,-9.054057300090789795e-02,-1.027373448014259338e-01,-8.925199508666992188e-02,-1.671222224831581116e-02,4.929573088884353638e-02,5.467459559440612793e-02,-9.315756708383560181e-02,-4.025467857718467712e-02,-9.383422881364822388e-02,1.612097173929214478e-01,-1.067945510149002075e-01,4.548274446278810501e-03,6.796991080045700073e-02,4.693752154707908630e-02,-3.229206427931785583e-02,1.618397384881973267e-01,5.410340428352355957e-02,1.661381125450134277e-02,5.965081974864006042e-02,8.598911762237548828e-02,-1.776461303234100342e-01,3.935226798057556152e-02,-7.437311112880706787e-03,-1.529914140701293945e-01,-2.401378238573670387e-03,2.479539066553115845e-02,1.239203140139579773e-01,-1.990808099508285522e-01,-4.321992024779319763e-02,1.232395917177200317e-01,1.860437542200088501e-01,3.199912607669830322e-02,5.725833401083946228e-02,-1.168400496244430542e-01,8.277774602174758911e-02,-2.161940932273864746e-01,-6.075311452150344849e-02,1.640278995037078857e-01,9.817641973495483398e-02,-1.757173985242843628e-01,-1.080930009484291077e-01,8.369781076908111572e-02,1.369237434118986130e-02,-8.779433369636535645e-02,-1.846097707748413086e-01,-1.698898375034332275e-01,4.219463840126991272e-02,4.081929102540016174e-02,-1.558939218521118164e-01,-2.579812519252300262e-02,-1.083143427968025208e-02,9.591881930828094482e-02,-4.610768333077430725e-02,-6.907732784748077393e-02,8.074106276035308838e-02,-9.722018241882324219e-02,6.381136924028396606e-02,-4.731081426143646240e-02,3.368859365582466125e-02,2.379518374800682068e-02,2.139948122203350067e-02,-1.609226316213607788e-02,-4.360197484493255615e-02,5.466265603899955750e-02,-6.244701519608497620e-02,1.184813231229782104e-01,-3.712845966219902039e-02,8.499696105718612671e-02,-5.651824548840522766e-02,1.353764161467552185e-02,-1.387334018945693970e-01,-5.564527213573455811e-02,4.370293766260147095e-02,-1.947161108255386353e-01,-1.102908849716186523e-01,4.461229778826236725e-03,1.514631137251853943e-02,3.524929285049438477e-02,-9.660199284553527832e-02,2.214097231626510620e-01,5.781733989715576172e-02,1.788955479860305786e-01,-1.848847121000289917e-01,-1.412361264228820801e-01,7.184481620788574219e-02,-1.227627787739038467e-02,-1.185965016484260559e-01,4.702459648251533508e-02,-1.350934337824583054e-02,1.586219966411590576e-01,-2.196329878643155098e-03,-9.622360765933990479e-02,8.178453892469406128e-02,-2.647060155868530273e-01,1.765972226858139038e-01,1.458039507269859314e-02,-1.997137442231178284e-02,1.547408401966094971e-01,1.189879179000854492e-01,9.706795215606689453e-02,-1.681263446807861328e-01,3.011760115623474121e-02,-2.879952080547809601e-02
8.845130354166030884e-02,7.989928871393203735e-02,-1.020965501666069031e-01,-4.248005896806716919e-02,-8.359742164611816406e-02,4.369337484240531921e-02,3.850823640823364258e-02,4.411780741065740585e-03,6.382644176483154297e-02,-6.884787976741790771e-02,-5.467288941144943237e-02,5.947691947221755981e-02,-1.060268729925155640e-01,1.128793954849243164e-01,7.950434833765029907e-02,-2.974192984402179718e-02,9.613832831382751465e-02,2.249861881136894226e-02,-1.172477602958679199e-01,8.068312704563140869e-02,-3.550384342670440674e-01,4.730134084820747375e-02,-1.111065968871116638e-01,-3.161933273077011108e-02,7.750968635082244873e-02,1.247709523886442184e-02,-6.362596899271011353e-02,-1.021520197391510010e-01,-3.019836917519569397e-02,1.039621904492378235e-01,7.589377462863922119e-02,-3.018793761730194092e-01,-7.730476558208465576e-02,1.280746608972549438e-01,4.476268216967582703e-02,7.110204547643661499e-02,-4.012911580502986908e-03,-5.512518063187599182e-02,7.167704403400421143e-02,4.264235496520996094e-02,1.583251208066940308e-01,7.276006788015365601e-02,-6.979728490114212036e-02,1.098675951361656189e-01,-4.166446626186370850e-02,-1.226412728428840637e-01,8.344067633152008057e-02,-1.290711313486099243e-01,-8.165702968835830688e-02,-4.961832985281944275e-02,-1.517716702073812485e-02,-5.614038184285163879e-02,7.968913018703460693e-02,-1.570072174072265625e-01,-1.326510589569807053e-02,1.553356051445007324e-01,2.308688461780548096e-01,1.138704046607017517e-01,-3.486842662096023560e-02,1.623639315366744995e-01,5.235875397920608521e-02,-9.812735021114349365e-02,-4.072379693388938904e-02,-3.787599503993988037e-02,2.473285980522632599e-02,-7.644839119166135788e-03,1.070432439446449280e-01,-1.613275334239006042e-02,1.461422443389892578e-01,2.011443115770816803e-02,-9.915215894579887390e-03,-1.185431778430938721e-01,1.108737885951995850e-01,4.230739548802375793e-02,3.204033151268959045e-02,-2.688789963722229004e-01,7.418844848871231079e-02,1.528898328542709351e-01,1.558833122253417969e-01,4.004728421568870544e-02,4.792677238583564758e-02,4.517054930329322815e-02,-7.105152588337659836e-03,-5.719192326068878174e-02,7.233679294586181641e-02,-1.698542535305023193e-01,1.089190915226936340e-01,3.260622546076774597e-02,-1.683305948972702026e-02,-9.674733877182006836e-02,1.512366980314254761e-01,-1.352188438177108765e-01,5.328747443854808807e-03,8.246506750583648682e-02,-7.319964468479156494e-02,-3.517883643507957458e-02,3.823277354240417480e-02,-4.699927940964698792e-02,-4.832420498132705688e-02,4.280206188559532166e-02,3.866043407469987869e-03,1.164829730987548828e-02,-6.064683571457862854e-02,-5.716390907764434814e-02,5.044355615973472595e-02,-9.450217336416244507e-02,-7.458129525184631348e-02,5.712666735053062439e-02,1.739919744431972504e-02,4.269566014409065247e-02,2.838716842234134674e-02,-6.910000741481781006e-02,2.023764140903949738e-02,-1.006279513239860535e-01,8.795750141143798828e-02,-2.092031762003898621e-02,-7.878108322620391846e-02,5.177021771669387817e-02,2.279660478234291077e-02,1.050561666488647461e-01,-1.197615563869476318e-01,-4.596842452883720398e-02,-9.934908896684646606e-02,-4.287811927497386932e-03,9.664913266897201538e-02,-7.825924456119537354e-02,-7.888987660408020020e-03,-1.252163648605346680e-01,1.317469030618667603e-01,2.195114940404891968e-01,-1.808845996856689453e-02,3.178455308079719543e-02,-1.182838156819343567e-01,-1.532074809074401855e-01,-6.888127326965332031e-02,-1.800724305212497711e-02,1.114812120795249939e-01,-6.235967949032783508e-02,-7.540444284677505493e-02,9.073495119810104370e-02,4.856911674141883850e-02,-8.920351415872573853e-02,-8.039289154112339020e-03,-3.043137490749359131e-02,-9.868601709604263306e-02,8.761423081159591675e-02,-5.979702249169349670e-02,-3.308610618114471436e-02,1.722018122673034668e-01,3.876463696360588074e-02,-6.350896507501602173e-02,2.692310512065887451e-02,1.526971440762281418e-02,-7.859180122613906860e-02,-9.494838863611221313e-02,2.972246147692203522e-02,2.179874330759048462e-01,3.259854018688201904e-02,4.723613150417804718e-03,-1.008069142699241638e-01,-4.148948192596435547e-02,-1.702140569686889648e-01,1.562275290489196777e-01,9.133710712194442749e-02,5.734740197658538818e-02,3.809231892228126526e-02,-3.216267749667167664e-02,-8.890039473772048950e-02,8.923169225454330444e-02,5.172163993120193481e-02,1.562469303607940674e-01,-1.868997700512409210e-02,2.476545609533786774e-02,9.653669595718383789e-02,1.014867499470710754e-01,4.408440738916397095e-02,1.399508565664291382e-01,1.799032390117645264e-01,4.266289621591567993e-02,-1.410686373710632324e-01,1.423599570989608765e-01,-1.086362004280090332e-01,-2.003631740808486938e-02
1.178122237324714661e-01,1.202523615211248398e-02,-1.772924363613128662e-01,1.233121827244758606e-01,1.021232232451438904e-01,-5.579738412052392960e-03,-1.399768702685832977e-02,2.257334887981414795e-01,-1.673169620335102081e-02,-6.631777621805667877e-03,1.268179267644882202e-01,-2.714827470481395721e-02,1.357544511556625366e-01,1.181553006172180176e-01,-8.150082081556320190e-02,1.362842321395874023e-01,-1.890683025121688843e-01,-2.115356475114822388e-01,4.205945506691932678e-02,1.622726619243621826e-01,-8.600389212369918823e-02,4.750263690948486328e-02,8.704483509063720703e-02,-6.982055492699146271e-03,9.877163916826248169e-02,-1.227188631892204285e-01,-1.640940755605697632e-01,-1.716822013258934021e-02,4.549530148506164551e-01,-4.870036244392395020e-01,-6.688145548105239868e-02,-1.162017509341239929e-01,2.782260440289974213e-02,1.432805508375167847e-01,8.046812564134597778e-02,1.909774839878082275e-01,2.795589901506900787e-02,1.463057994842529297e-01,9.931644052267074585e-02,8.134815096855163574e-02,1.379660665988922119e-01,-5.072941258549690247e-02,-1.195476651191711426e-01,-5.772582814097404480e-02,6.187794730067253113e-02,-6.012036278843879700e-02,-2.059595659375190735e-02,-1.412221491336822510e-01,-1.201342325657606125e-02,2.970584668219089508e-02,2.458637021481990814e-02,-4.671832174062728882e-02,2.837462909519672394e-02,-6.285968236625194550e-03,-1.042590513825416565e-01,-5.594107136130332947e-02,-1.087918207049369812e-01,1.956356130540370941e-02,-7.875916548073291779e-03,-3.878644853830337524e-02,9.416007250547409058e-02,2.575627863407135010e-01,1.402750164270401001e-01,1.409365236759185791e-01,7.864635437726974487e-02,-6.326872110366821289e-02,2.748203277587890625e-01,4.305425658822059631e-02,2.942770533263683319e-02,-2.023027092218399048e-01,-1.912247538566589355e-01,-7.238146662712097168e-02,-1.960010640323162079e-02,1.375846564769744873e-02,8.617360144853591919e-02,1.903102397918701172e-01,3.808557242155075073e-02,1.067527104169130325e-02,1.528617693111300468e-03,-7.071769237518310547e-02,-9.416051954030990601e-02,5.449895933270454407e-02,3.082908876240253448e-02,-5.735948681831359863e-02,1.635345965623855591e-01,4.489567130804061890e-02,-1.998255215585231781e-02,-5.293247476220130920e-02,1.329660415649414062e-01,2.865495160222053528e-02,-1.723872572183609009e-01,5.123264715075492859e-02,1.727172732353210449e-01,-2.831029519438743591e-02,-1.562455892562866211e-01,2.302880026400089264e-02,2.540147304534912109e-01,-1.281646937131881714e-01,8.622359484434127808e-02,-2.178653143346309662e-02,-3.937008604407310486e-02,-1.440907418727874756e-01,-1.392187029123306274e-01,-9.646951220929622650e-03,1.132551282644271851e-01,-5.528883635997772217e-02,-2.906970493495464325e-02,-5.663233622908592224e-02,1.582739353179931641e-01,9.508527815341949463e-02,9.396796114742755890e-03,1.605519801378250122e-01,-7.060550153255462646e-02,6.271490454673767090e-02,2.804644219577312469e-02,-2.985115051269531250e-01,-1.151387467980384827e-01,-9.254219941794872284e-03,-3.745494782924652100e-02,-2.420208603143692017e-02,3.057945519685745239e-02,-1.227330882102251053e-02,-5.633562803268432617e-02,-8.423328399658203125e-03,1.518849432468414307e-01,2.763613760471343994e-01,-1.612378954887390137e-01,8.062634617090225220e-02,-5.544581636786460876e-02,-1.259426772594451904e-01,-1.143152043223381042e-01,2.549750804901123047e-01,-8.630108833312988281e-02,1.062101721763610840e-01,1.309790313243865967e-01,-8.272157609462738037e-02,2.299662232398986816e-01,-3.918451443314552307e-02,-2.089576609432697296e-02,-1.194293051958084106e-01,1.177713945508003235e-01,2.848310582339763641e-02,1.817229539155960083e-01,-7.506938278675079346e-02,-6.047305092215538025e-02,4.030115157365798950e-02,2.991378679871559143e-02,7.453488558530807495e-02,1.016395613551139832e-01,2.402608096599578857e-01,-8.671709150075912476e-02,1.542266178876161575e-02,-6.694755703210830688e-02,2.774604829028248787e-03,1.719299890100955963e-02,-4.393028318881988525e-01,2.325451374053955078e-02,1.368688195943832397e-01,4.801839590072631836e-02,6.073806807398796082e-02,-4.927938338369131088e-03,-8.415997773408889771e-02,1.091982424259185791e-01,-1.485080420970916748e-01,2.232106924057006836e-01,-1.136877685785293579e-01,1.038177758455276489e-01,-4.183910277788527310e-05,-2.605803683400154114e-02,8.980165235698223114e-03,-2.458433806896209717e-02,1.128671914339065552e-01,-1.578126400709152222e-01,-1.204906702041625977e-01,-1.719342470169067383e-01,6.961543112993240356e-03,-7.064571976661682129e-02,8.020803332328796387e-03,-7.576367259025573730e-02,1.978447660803794861e-02,-7.715187966823577881e-02,1.051034480333328247e-01,-8.627343922853469849e-02
9.371908754110336304e-02,-1.352543383836746216e-02,-5.133840814232826233e-02,-1.009598597884178162e-01,8.935007452964782715e-02,1.985769271850585938e-01,3.742046654224395752e-03,1.442960947751998901e-01,-7.774171978235244751e-02,2.289772480726242065e-01,-4.251888394355773926e-02,3.733154013752937317e-02,1.771057583391666412e-02,2.167768478393554688e-01,-8.936003595590591431e-02,9.239374101161956787e-02,8.331947773694992065e-02,-8.078002929687500000e-02,-3.219246119260787964e-02,-5.055005662143230438e-03,-1.020358595997095108e-02,-1.664422266185283661e-02,-1.246764808893203735e-01,2.097359672188758850e-02,4.250421375036239624e-02,-8.383880555629730225e-02,-1.121347118169069290e-02,-1.294854562729597092e-02,-1.644879281520843506e-01,-1.526787760667502880e-03,-5.377293098717927933e-03,9.134852886199951172e-02,-6.589226424694061279e-02,-4.206530377268791199e-02,-3.717042505741119385e-03,2.917229235172271729e-01,1.467741727828979492e-01,7.352761179208755493e-02,1.974605470895767212e-01,3.243235498666763306e-02,-1.918666623532772064e-02,-8.177060633897781372e-02,-1.032409146428108215e-01,-4.475327581167221069e-02,-8.072844147682189941e-02,-7.381113618612289429e-02,-4.157945141196250916e-02,-6.630136631429195404e-03,-3.030370920896530151e-02,-6.397131830453872681e-02,-1.214944049715995789e-01,1.639264263212680817e-02,1.478056758642196655e-01,6.094051897525787354e-02,4.773677140474319458e-02,-1.560544129461050034e-02,-1.803238838911056519e-01,1.223190203309059143e-01,-2.249356359243392944e-03,-8.536192774772644043e-02,-7.988835871219635010e-02,1.083007827401161194e-01,1.997946389019489288e-02,-2.633820772171020508e-01,-8.308860659599304199e-02,7.572289556264877319e-02,-1.183879151940345764e-01,-1.821047961711883545e-01,3.372560441493988037e-02,-1.742682904005050659e-01,-1.330413818359375000e-01,-4.955059848725795746e-03,-2.130909822881221771e-03,4.108013212680816650e-02,-6.586760282516479492e-02,1.294483244419097900e-01,1.539880782365798950e-01,-2.644573450088500977e-01,-2.400611713528633118e-02,2.184307128190994263e-01,-1.564984023571014404e-01,5.763011053204536438e-02,1.351837515830993652e-01,-9.457946568727493286e-02,-7.060578558593988419e-03,6.344774737954139709e-03,-1.283233799040317535e-02,2.873413078486919403e-02,3.049736097455024719e-02,-1.146919839084148407e-02,-6.743831187486648560e-02,8.755522966384887695e-02,1.068932414054870605e-01,-9.575235843658447266e-02,1.116729751229286194e-01,1.306374818086624146e-01,-5.252942070364952087e-02,2.517898194491863251e-02,-1.602417603135108948e-02,6.083196774125099182e-02,-5.419929325580596924e-02,-1.863862574100494385e-01,1.258781761862337589e-03,2.615506350994110107e-01,-1.557918917387723923e-02,2.613172233104705811e-01,-1.881597489118576050e-01,-5.106339976191520691e-02,-6.694810837507247925e-02,3.804564103484153748e-02,3.990441933274269104e-02,-9.926334768533706665e-02,1.277514994144439697e-01,1.503096669912338257e-01,-2.064698934555053711e-02,-1.865547150373458862e-01,1.975081562995910645e-01,-3.726205602288246155e-02,-2.802053689956665039e-01,-1.243620272725820541e-02,-2.030390053987503052e-01,-2.652050256729125977e-01,2.365655824542045593e-02,-3.344584722071886063e-03,-6.067026033997535706e-02,1.230156794190406799e-01,-1.637850850820541382e-01,-2.316724509000778198e-01,6.660591065883636475e-02,2.200038284063339233e-01,-5.029482021927833557e-02,1.503922641277313232e-01,-1.871119812130928040e-02,-1.532643884420394897e-01,-3.686001524329185486e-02,1.737964600324630737e-01,7.574688643217086792e-02,8.217702805995941162e-02,1.188420429825782776e-01,2.609521709382534027e-02,-4.518745094537734985e-02,-5.974601581692695618e-02,2.487984895706176758e-01,-1.192546710371971130e-01,4.775711521506309509e-02,2.746640518307685852e-02,-9.336621314287185669e-02,7.238585501909255981e-02,8.107781410217285156e-02,-1.075865980237722397e-02,-1.494656354188919067e-01,-3.054144792258739471e-02,-1.106010675430297852e-01,1.473568677902221680e-01,1.511520147323608398e-01,-1.093669310212135315e-01,-7.063155993819236755e-03,4.398179054260253906e-02,9.316342324018478394e-02,6.635645031929016113e-02,-2.273457348346710205e-01,-8.414231985807418823e-02,1.587035655975341797e-01,1.024239603430032730e-02,4.029629379510879517e-02,-7.493273168802261353e-02,-1.942334622144699097e-01,1.327554434537887573e-01,-1.371564567089080811e-01,1.335953027009963989e-01,-1.318024545907974243e-01,-1.033970713615417480e-01,1.134930402040481567e-01,-2.196016721427440643e-02,9.998855739831924438e-02,-1.393624544143676758e-01,-1.899839378893375397e-02,-2.442396804690361023e-02,-6.850185245275497437e-02,1.061395853757858276e-01,1.101886481046676636e-01,-1.608972065150737762e-02,-1.855590641498565674e-01
-4.591497406363487244e-02,-4.049331322312355042e-02,-4.251813516020774841e-02,7.608284056186676025e-02,-2.372569441795349121e-01,3.210851177573204041e-02,1.058932114392518997e-02,8.462230116128921509e-02,1.247427240014076233e-01,2.128431387245655060e-02,5.531806498765945435e-02,9.462697058916091919e-02,-1.625262759625911713e-02,9.284482896327972412e-02,5.011986196041107178e-02,1.628465764224529266e-02,-5.272112321108579636e-03,2.008278518915176392e-01,-2.748991362750530243e-02,7.455842196941375732e-02,4.377997294068336487e-02,-8.364707231521606445e-02,6.912655197083950043e-03,3.612674027681350708e-02,8.689465373754501343e-02,2.983452677726745605e-01,4.258956760168075562e-02,-9.462450630962848663e-03,-1.641110777854919434e-01,-1.322605162858963013e-01,-8.328262716531753540e-02,-1.099475622177124023e-01,3.263083472847938538e-02,-1.016049981117248535e-01,-6.271722167730331421e-02,-4.063584841787815094e-03,-3.104986995458602905e-02,1.760102994740009308e-02,1.514532417058944702e-01,-1.320241391658782959e-01,1.497010886669158936e-01,-1.490646973252296448e-02,-3.358634561300277710e-02,-5.516704171895980835e-02,-1.822816021740436554e-02,1.478383094072341919e-01,-2.429845482110977173e-01,1.177394688129425049e-01,7.892329990863800049e-02,3.257113695144653320e-02,-1.175029501318931580e-01,-2.641083300113677979e-02,-2.589935809373855591e-02,1.237078104168176651e-02,1.371260434389114380e-01,-6.420084089040756226e-02,-1.597749888896942139e-01,6.510075926780700684e-02,-6.206335499882698059e-02,9.646078199148178101e-02,-2.915627323091030121e-02,9.993236511945724487e-02,-1.872227042913436890e-01,-4.486368224024772644e-02,-9.913479536771774292e-02,2.486803680658340454e-01,-4.198158532381057739e-02,2.387520298361778259e-02,-5.672564357519149780e-02,-1.295196413993835449e-01,1.433631181716918945e-01,7.477294653654098511e-02,-1.449026167392730713e-01,1.050208359956741333e-01,-2.121863663196563721e-01,3.730019554495811462e-02,-2.287174947559833527e-02,3.908367082476615906e-02,1.933957487344741821e-01,-1.103950142860412598e-01,8.628432260593399405e-05,-1.282625366002321243e-02,-7.687646895647048950e-02,-4.483867902308702469e-03,-8.616802841424942017e-02,5.196170508861541748e-02,1.934689581394195557e-01,2.325181216001510620e-01,5.635014176368713379e-02,-5.064745247364044189e-02,-2.663077227771282196e-02,8.362746238708496094e-02,2.563262358307838440e-03,-2.118076570332050323e-02,-2.239904254674911499e-01,-1.070802062749862671e-01,2.809959929436445236e-03,-1.345372200012207031e-01,-3.855635970830917358e-02,-1.353545635938644409e-01,5.821124091744422913e-02,1.578397154808044434e-01,6.433884799480438232e-02,1.099039055407047272e-02,7.471716497093439102e-03,3.290018439292907715e-02,-4.549383744597434998e-02,-1.935562491416931152e-02,-1.076649576425552368e-01,-5.635716393589973450e-02,-1.929862424731254578e-02,-2.188923507928848267e-01,6.961370818316936493e-03,2.727655880153179169e-02,-1.150959730148315430e-01,6.739461794495582581e-03,7.135124504566192627e-02,-1.150107756257057190e-01,-7.952331751585006714e-02,-3.839221224188804626e-02,4.493175074458122253e-02,1.748675554990768433e-01,-1.120042949914932251e-01,-1.557302027940750122e-01,-3.360790759325027466e-02,-1.229092255234718323e-01,-9.635350108146667480e-02,7.096864283084869385e-02,-1.908405572175979614e-01,-4.551394283771514893e-02,-2.902558743953704834e-01,1.161748394370079041e-01,1.389123201370239258e-01,2.634659409523010254e-01,5.773990601301193237e-02,-3.724550828337669373e-02,2.913635037839412689e-02,6.442774087190628052e-02,9.835269302129745483e-02,1.684791524894535542e-03,-5.173530802130699158e-02,-1.925607621669769287e-01,-1.404276937246322632e-01,2.276012450456619263e-01,3.955983743071556091e-02,3.182847052812576294e-02,-1.129178777337074280e-01,-3.043011575937271118e-02,-5.492302402853965759e-02,-2.686826884746551514e-01,-1.893696039915084839e-01,-1.046827621757984161e-02,-2.196922600269317627e-01,-8.674670010805130005e-02,-1.839499361813068390e-02,-7.276482880115509033e-02,2.667218260467052460e-02,9.051457047462463379e-02,-1.207948029041290283e-01,-5.460607260465621948e-02,-8.347615599632263184e-02,-7.729405909776687622e-02,3.515132889151573181e-02,-7.260158658027648926e-02,1.836620271205902100e-02,-1.398258097469806671e-02,7.225490361452102661e-02,7.339635491371154785e-02,-1.150672584772109985e-01,-1.146938204765319824e-01,-1.840500347316265106e-02,-8.857824839651584625e-03,8.839423209428787231e-02,-4.284617304801940918e-02,1.693547517061233521e-01,3.109831176698207855e-02,7.364428788423538208e-02,1.675654202699661255e-02,1.664326041936874390e-01,-6.846198439598083496e-02,-1.352426707744598389e-01,-3.620907291769981384e-02,3.683210536837577820e-02
