6.362660229206085205e-02,4.647329449653625488e-01,2.391228377819061279e-01,-1.678670383989810944e-02,-4.936816990375518799e-01,-4.629933238029479980e-01,-1.428307443857192993e-01,5.920818448066711426e-01,2.115187346935272217e-01,2.308182269334793091e-01,3.680393397808074951e-01,4.451797306537628174e-01,3.520403802394866943e-01,3.689536750316619873e-01,-2.387314140796661377e-01,-1.942714899778366089e-01,-4.289636611938476562e-01,-1.402486562728881836e-01,4.016790688037872314e-01,2.249532639980316162e-01,5.718309879302978516e-01,3.581306338310241699e-01,2.943536937236785889e-01,-1.541686803102493286e-01,-2.079826295375823975e-01,-1.099432632327079773e-01,2.954435646533966064e-01,1.241059184074401855e+00,1.139505386352539062e+00,8.978638052940368652e-01,9.323913455009460449e-01,6.428341865539550781e-01,1.247641324996948242e+00,1.163850545883178711e+00,5.359588265419006348e-01,4.652234911918640137e-01,3.551504015922546387e-01,3.781595230102539062e-01,7.320107817649841309e-01,6.140772700309753418e-01,2.063104361295700073e-01,2.767486572265625000e-01,1.650218963623046875e-01,1.437221169471740723e-01,1.329215466976165771e-01,1.092075109481811523e-01,3.699655234813690186e-01,1.736451685428619385e-01,-2.251067608594894409e-01,6.457433104515075684e-02,2.305020391941070557e-01,-3.845976293087005615e-01,-6.931645870208740234e-01,4.581370204687118530e-02,2.507176697254180908e-01,6.295780092477798462e-02,-2.557663321495056152e-01,4.965919554233551025e-01,2.464263290166854858e-01,4.789591431617736816e-01,1.996171027421951294e-01,3.181807994842529297e-01,4.522974193096160889e-01,4.862808883190155029e-01,2.396623790264129639e-01,-1.283253170549869537e-02,3.634830415248870850e-01,1.090021580457687378e-01,5.155060887336730957e-01,1.295847743749618530e-01,1.993104666471481323e-01,1.708928495645523071e-01,5.789940357208251953e-01,3.695694208145141602e-01,4.338138699531555176e-01,4.582617580890655518e-01,9.017136693000793457e-02,5.380588769912719727e-02,4.402067363262176514e-01,2.597461342811584473e-01,4.431320130825042725e-01,8.201722055673599243e-02,2.486685663461685181e-01,-4.718523845076560974e-02,-2.224910706281661987e-01,-1.099455356597900391e-01,-1.108122915029525757e-01,3.095670640468597412e-01,1.551338881254196167e-01,-3.458179533481597900e-01,1.131433174014091492e-01,1.457286775112152100e-01,-3.537572920322418213e-03,-1.477780044078826904e-01,-3.432779908180236816e-01,-2.051424682140350342e-01,4.090365171432495117e-01,-6.171655654907226562e-02,-1.066318079829216003e-01,1.177037656307220459e-01,-2.068658620119094849e-01,1.485602185130119324e-02,1.104361861944198608e-01,2.257923930883407593e-01,5.649954080581665039e-02,4.033792391419410706e-02,-3.351536691188812256e-01,-4.330521821975708008e-01,-3.091918826103210449e-01,1.863927245140075684e-01,6.781587004661560059e-02,-3.504786193370819092e-01,7.505479454994201660e-02,-9.589701145887374878e-02,-4.920371249318122864e-02,2.788054943084716797e-01,-3.232470452785491943e-01,4.159888029098510742e-01,5.014133453369140625e-01,7.182373665273189545e-03,-3.179940879344940186e-01,-8.468771725893020630e-02,2.355330623686313629e-02,-3.258524090051651001e-02,-5.956854298710823059e-02,-1.390864253044128418e-01,-3.834305405616760254e-01,-4.998281002044677734e-01,-4.616990685462951660e-01,-2.519648522138595581e-02,2.315743267536163330e-01,2.850670814514160156e-01,-8.971505612134933472e-02,-3.352029621601104736e-01,-5.118032172322273254e-02,5.221446231007575989e-02,-1.320906635373830795e-02,4.938786327838897705e-01,4.941388368606567383e-01,-5.598241090774536133e-01,-2.109070718288421631e-01,-1.143343374133110046e-02,-6.208628788590431213e-02,-2.180949151515960693e-01,-1.164144575595855713e-01,-1.315848808735609055e-02,6.968888640403747559e-02,-2.906225621700286865e-01,-1.339481025934219360e-02,-1.589268445968627930e-01,-4.510650411248207092e-02,3.488396853208541870e-02,6.620420515537261963e-02,-1.865122169256210327e-01,7.519568502902984619e-02,-1.711838096380233765e-01,3.815842419862747192e-02,-5.161304026842117310e-02,8.525133132934570312e-02,-2.863218635320663452e-02,-1.493005007505416870e-01,5.529705435037612915e-03,-1.138829588890075684e-01,8.533933013677597046e-02,-9.566635638475418091e-02,-1.188477203249931335e-01,-1.364392228424549103e-03,1.487683653831481934e-01,-1.290209870785474777e-02,-7.769816368818283081e-02,-2.615742199122905731e-02,5.038525536656379700e-02,5.509819462895393372e-02,9.679159522056579590e-02,-4.481215402483940125e-02,5.459138378500938416e-02,-2.574029564857482910e-01,-1.236252263188362122e-01,5.470647662878036499e-02,6.171485409140586853e-02,2.874363213777542114e-02,3.408208116888999939e-02,6.298074126243591309e-02
-1.445038802921772003e-02,-1.373285949230194092e-01,-5.725811049342155457e-02,-6.851414218544960022e-03,-1.425803303718566895e-01,-1.676301285624504089e-02,-5.262788012623786926e-02,-3.364853793755173683e-03,2.268750965595245361e-01,1.146287620067596436e-01,1.064385399222373962e-01,-2.140161246061325073e-01,1.690702885389328003e-02,1.223730146884918213e-01,1.789904534816741943e-01,5.192530900239944458e-02,1.211284771561622620e-01,7.586135715246200562e-02,-2.198514789342880249e-01,-1.249833628535270691e-01,-7.545081526041030884e-02,7.560356706380844116e-02,-4.629088938236236572e-02,5.323735252022743225e-02,1.271363697014749050e-03,-3.409580886363983154e-02,8.964188396930694580e-02,6.547783315181732178e-02,9.255920536816120148e-03,-6.896458566188812256e-02,4.500008374452590942e-02,8.905138075351715088e-02,3.074264824390411377e-01,-2.846990823745727539e-01,2.107448279857635498e-01,-1.189958602190017700e-01,9.872287511825561523e-02,-1.450480222702026367e-01,-6.120100244879722595e-02,1.351304799318313599e-01,-7.587803155183792114e-02,-2.660212107002735138e-02,-7.153172791004180908e-02,7.013706862926483154e-02,-1.345120370388031006e-01,1.261963248252868652e-01,1.514579802751541138e-01,-1.259109973907470703e-01,-1.493869721889495850e-01,1.295721530914306641e-01,-6.785503029823303223e-02,1.713975071907043457e-01,-9.352302551269531250e-02,-1.599926799535751343e-01,6.962748616933822632e-02,-6.363084912300109863e-02,6.701233237981796265e-02,-1.503252536058425903e-01,9.725645184516906738e-02,6.837604939937591553e-02,-1.128756925463676453e-01,6.125859171152114868e-02,2.008166909217834473e-01,1.031722053885459900e-01,-1.098919063806533813e-01,2.474030666053295135e-02,2.458414621651172638e-02,1.658911556005477905e-01,-4.249525256454944611e-03,-7.000847905874252319e-02,-1.323298737406730652e-02,9.405542910099029541e-02,1.008471399545669556e-01,-1.671668142080307007e-02,-1.654742658138275146e-01,-1.686360090970993042e-01,1.251138746738433838e-01,-2.011278644204139709e-02,-1.561429947614669800e-01,-7.354208827018737793e-02,-1.960899829864501953e-01,1.168462410569190979e-01,7.861942052841186523e-02,2.100821770727634430e-02,1.287595331668853760e-01,1.514947116374969482e-01,-2.251020520925521851e-01,-4.944340139627456665e-02,8.736420422792434692e-02,-1.097549498081207275e-01,9.015122056007385254e-02,-1.501835584640502930e-01,2.424904331564903259e-02,-8.803236484527587891e-02,-1.350953988730907440e-02,5.001217126846313477e-02,2.331288754940032959e-01,2.344264090061187744e-01,-3.526210784912109375e-02,-1.451058983802795410e-01,3.314332570880651474e-03,4.381102323532104492e-02,2.728278003633022308e-02,9.486243873834609985e-02,7.250746339559555054e-02,-3.619812801480293274e-02,4.271260648965835571e-02,2.502134302631020546e-03,-9.001810848712921143e-02,-4.175168648362159729e-02,1.055603697896003723e-01,9.233930148184299469e-03,-2.426061220467090607e-02,-4.278213903307914734e-02,-2.144493311643600464e-01,7.730346173048019409e-02,-4.050468560308218002e-03,7.347571104764938354e-02,-4.141508787870407104e-02,-8.416715264320373535e-02,-2.220730856060981750e-02,1.645531803369522095e-01,3.965608775615692139e-02,3.439877182245254517e-02,-1.911116093397140503e-01,5.894373357295989990e-02,1.714050620794296265e-01,-1.760764862410724163e-03,-1.393307447433471680e-01,4.993174597620964050e-02,3.734181076288223267e-02,6.853704899549484253e-02,1.257885098457336426e-01,1.406408548355102539e-01,2.754365652799606323e-02,-8.455387502908706665e-02,4.507566988468170166e-01,-6.394939124584197998e-02,2.560389600694179535e-02,8.038546890020370483e-02,-9.099614620208740234e-02,2.919040322303771973e-01,-3.746228665113449097e-02,-1.723955273628234863e-01,-4.882540553808212280e-02,6.163528561592102051e-02,-3.762250393629074097e-02,4.060262069106101990e-02,6.628368049860000610e-02,1.733479462563991547e-02,1.733770072460174561e-01,-5.263700336217880249e-02,2.564875036478042603e-02,1.297117471694946289e-01,1.935995966196060181e-01,1.033384278416633606e-01,-3.709013015031814575e-02,1.054871529340744019e-01,-5.085785314440727234e-02,8.769090473651885986e-02,-8.828182518482208252e-02,2.979073114693164825e-02,-7.320789247751235962e-02,1.760008484125137329e-01,1.321489512920379639e-01,-5.527143366634845734e-03,-1.293006539344787598e-01,-5.629592761397361755e-02,1.002888828516006470e-01,7.188586518168449402e-03,1.206637769937515259e-01,1.091833114624023438e-01,-1.059858407825231552e-02,1.191138252615928650e-01,8.279880881309509277e-02,-2.887573838233947754e-01,-1.556805819272994995e-01,1.939397305250167847e-01,8.698175847530364990e-02,1.115883141756057739e-01,-8.110310137271881104e-02,1.811063662171363831e-02,7.102631777524948120e-02
-2.479578256607055664e-01,1.261009424924850464e-01,3.289329120889306068e-03,-1.125338524580001831e-01,-1.040307506918907166e-01,-3.034030087292194366e-02,-2.464023604989051819e-02,4.748975485563278198e-02,-7.909352332353591919e-02,6.495444104075431824e-03,1.847818940877914429e-01,2.048913016915321350e-02,4.752810671925544739e-02,-7.538391649723052979e-02,-4.354048147797584534e-02,-4.542495682835578918e-02,-1.272230297327041626e-01,-8.607362955808639526e-02,-1.253447830677032471e-01,-3.454479277133941650e-01,-3.262714296579360962e-02,-7.675794512033462524e-02,1.267521083354949951e-02,7.813492789864540100e-03,-1.560575067996978760e-01,1.415430903434753418e-01,-1.034377515316009521e-01,5.894324555993080139e-02,-1.510428190231323242e-01,-5.815368518233299255e-02,6.936261057853698730e-02,1.100475490093231201e-01,2.374584376811981201e-01,-9.482990950345993042e-03,3.541627824306488037e-01,1.360128223896026611e-01,-1.934850355610251427e-03,7.518135011196136475e-02,-1.767830550670623779e-01,1.295977681875228882e-01,4.510910809040069580e-02,-9.637725539505481720e-03,5.956312641501426697e-02,7.207135111093521118e-02,-9.111264348030090332e-02,2.167191654443740845e-01,-3.859039023518562317e-02,-4.511722549796104431e-02,1.819436624646186829e-02,1.369307748973369598e-02,1.653974056243896484e-01,-1.666217595338821411e-01,-2.125774770975112915e-01,-1.162904128432273865e-01,-1.536293420940637589e-02,2.975709363818168640e-02,2.945262566208839417e-02,6.194219924509525299e-03,1.913913898169994354e-02,3.088074363768100739e-02,-5.146814882755279541e-02,-1.222542370669543743e-03,2.014643847942352295e-01,9.035030007362365723e-02,-1.288401037454605103e-01,1.124888285994529724e-01,8.974252641201019287e-02,-9.138584136962890625e-03,-7.827495783567428589e-02,3.681955486536026001e-02,-9.651243686676025391e-02,1.131841540336608887e-02,-6.885196268558502197e-02,-2.078015170991420746e-02,7.417953759431838989e-02,7.543850690126419067e-02,-3.473112359642982483e-02,2.601495385169982910e-02,9.616661816835403442e-02,1.469801552593708038e-02,2.678159810602664948e-02,1.707938611507415771e-01,-2.379649877548217773e-01,8.591812849044799805e-02,-8.320575952529907227e-02,-1.288885995745658875e-02,-8.915460854768753052e-02,-1.301664393395185471e-02,4.242964088916778564e-03,-2.116690874099731445e-01,3.905940428376197815e-02,-3.724225610494613647e-02,7.450784742832183838e-02,7.452648133039474487e-02,7.410864531993865967e-02,-5.647727102041244507e-02,1.261377185583114624e-01,-3.198498114943504333e-02,5.897856503725051880e-02,1.853158324956893921e-02,-1.418871730566024780e-01,-7.961209118366241455e-02,1.561229526996612549e-01,-6.700828205794095993e-03,2.902807667851448059e-02,3.516628965735435486e-02,-2.081966400146484375e-01,-7.273980230093002319e-02,4.849437251687049866e-02,1.033344939351081848e-01,1.307150442153215408e-02,-5.269591510295867920e-02,1.051435917615890503e-01,6.065119802951812744e-02,2.109081018716096878e-03,6.639552861452102661e-02,1.688797771930694580e-01,-2.381754219532012939e-01,-1.683008158579468727e-03,-2.379592694342136383e-02,1.384591758251190186e-01,-7.227513194084167480e-02,5.154804885387420654e-02,1.128095015883445740e-01,-6.369937211275100708e-02,-6.262300908565521240e-02,-1.961847767233848572e-02,-7.757082115858793259e-03,4.368788376450538635e-02,-4.407351464033126831e-02,5.627675354480743408e-02,-1.068656798452138901e-03,7.491894811391830444e-02,-4.031617566943168640e-02,-9.071555733680725098e-02,3.079585963860154152e-03,6.758317351341247559e-02,-1.770473718643188477e-01,-1.073186099529266357e-01,-8.169519156217575073e-02,1.394055932760238647e-01,7.438414543867111206e-02,-1.444133222103118896e-01,3.471891582012176514e-02,2.038362473249435425e-01,-1.417023688554763794e-01,-5.689645931124687195e-02,1.914846338331699371e-02,-1.968742348253726959e-03,1.401411294937133789e-01,3.402508050203323364e-02,-5.623880401253700256e-02,2.625851891934871674e-02,-2.205515652894973755e-02,1.049970239400863647e-01,1.300120912492275238e-02,1.032242644578218460e-02,4.828880727291107178e-02,3.112647682428359985e-02,2.008939348161220551e-02,-8.576986193656921387e-02,-4.027446359395980835e-02,8.746267855167388916e-02,5.088943988084793091e-02,-3.082774393260478973e-02,-1.672571897506713867e-01,-1.821326091885566711e-02,-2.018771469593048096e-01,2.080156356096267700e-01,-1.649894118309020996e-01,1.145306229591369629e-01,-1.763642728328704834e-01,-1.117051318287849426e-01,2.659144401550292969e-01,-1.275445222854614258e-01,-2.921975031495094299e-02,-1.534533500671386719e-01,-1.597490534186363220e-02,-5.878684669733047485e-02,-9.801017493009567261e-02,7.247810065746307373e-02,-4.657478258013725281e-02,7.685737218707799911e-03
-6.887123733758926392e-02,1.773387379944324493e-02,-3.354885056614875793e-02,2.286220043897628784e-01,2.035973817110061646e-01,1.543328315019607544e-01,9.561418741941452026e-02,-4.121060296893119812e-02,-1.160834506154060364e-01,1.914776116609573364e-01,4.515874087810516357e-01,1.364203244447708130e-01,-4.480082914233207703e-02,5.338981375098228455e-02,1.625439077615737915e-01,-1.686396896839141846e-01,7.329170405864715576e-02,-1.116398870944976807e-01,3.008642233908176422e-02,-1.323730051517486572e-01,-3.197365999221801758e-01,-6.937675923109054565e-02,8.896137028932571411e-02,3.457927331328392029e-02,1.445398628711700439e-01,1.288608908653259277e-01,-3.166973590850830078e-02,1.120094731450080872e-01,7.940993458032608032e-02,-2.284782752394676208e-02,3.273944556713104248e-02,-1.291856616735458374e-01,1.132496520876884460e-01,-9.997061640024185181e-02,2.701900303363800049e-01,1.294409185647964478e-01,1.541835907846689224e-02,1.849181652069091797e-01,8.522217976860702038e-04,8.117011189460754395e-02,-5.563230440020561218e-02,1.388924568891525269e-01,-6.713863462209701538e-02,-1.572247743606567383e-01,-1.789584755897521973e-01,-2.172899544239044189e-01,-2.809365391731262207e-01,-1.469690948724746704e-01,-1.289651077240705490e-02,-4.573545977473258972e-02,-1.061444878578186035e-01,-1.974507980048656464e-02,-1.102354675531387329e-01,-1.172096505761146545e-01,5.602093786001205444e-02,-9.768360108137130737e-02,-6.916433572769165039e-02,-3.475853204727172852e-01,-3.999622762203216553e-01,-6.400945037603378296e-02,3.475252911448478699e-02,-1.811176240444183350e-01,7.908895611763000488e-03,1.767535507678985596e-01,-5.361805856227874756e-02,4.622909706085920334e-03,-1.223365664482116699e-01,1.191628277301788330e-01,-1.198998689651489258e-01,-4.301902279257774353e-02,-1.259219348430633545e-01,-1.085882112383842468e-01,-1.929767429828643799e-01,-3.744572028517723083e-02,-7.020934484899044037e-03,6.373962759971618652e-02,4.743974655866622925e-02,1.004678532481193542e-01,1.304589807987213135e-01,9.178248047828674316e-02,1.010202467441558838e-01,-4.277858883142471313e-02,2.025093138217926025e-01,-5.475144367665052414e-03,-1.307324320077896118e-02,-1.696048863232135773e-02,-1.572973467409610748e-02,-3.717222064733505249e-02,-2.680319175124168396e-02,4.821101203560829163e-02,1.511927545070648193e-01,1.462157070636749268e-01,-8.741623163223266602e-02,9.482078254222869873e-03,3.262435644865036011e-02,9.792874008417129517e-02,3.264978229999542236e-01,-4.740442708134651184e-02,1.578022539615631104e-01,-7.690168917179107666e-02,-1.360128968954086304e-01,1.352274566888809204e-01,-5.979802086949348450e-02,9.042585268616676331e-03,3.559207543730735779e-02,-1.598983705043792725e-01,-1.750499606132507324e-01,-5.725115165114402771e-02,1.333793103694915771e-01,2.214747108519077301e-02,-4.492383822798728943e-02,4.905462265014648438e-02,5.839610099792480469e-02,3.772764280438423157e-02,-3.760673478245735168e-02,7.743068039417266846e-02,2.227242887020111084e-01,-8.343202620744705200e-02,6.058220937848091125e-02,1.611015014350414276e-02,-2.900481410324573517e-02,1.479072421789169312e-01,9.122089296579360962e-02,1.407920941710472107e-02,1.666967719793319702e-01,9.364158031530678272e-04,4.667092487215995789e-02,9.336237609386444092e-02,1.082305833697319031e-01,7.546439021825790405e-02,-1.225182861089706421e-01,-8.139040321111679077e-02,-1.468134578317403793e-02,-5.006595328450202942e-02,1.021759118884801865e-02,8.009473979473114014e-02,9.852145612239837646e-02,5.399622023105621338e-02,-5.033975094556808472e-02,8.586374670267105103e-02,1.043532118201255798e-01,-4.947341978549957275e-02,-4.499053210020065308e-02,6.127448007464408875e-02,1.113772168755531311e-01,1.538754105567932129e-01,1.986782252788543701e-01,6.674882024526596069e-02,2.887864410877227783e-01,1.211305186152458191e-01,9.385577589273452759e-02,6.853710860013961792e-02,2.920915000140666962e-02,5.420602113008499146e-02,4.616759344935417175e-02,4.687476437538862228e-03,1.670268774032592773e-01,2.122611701488494873e-01,1.303828805685043335e-01,7.071633636951446533e-02,1.197949573397636414e-01,6.198249757289886475e-02,1.303598983213305473e-04,-5.203881300985813141e-04,2.523474693298339844e-01,7.804945111274719238e-02,-1.015749871730804443e-01,2.357547581195831299e-01,-4.721610248088836670e-02,4.464878141880035400e-02,1.173901651054620743e-02,-2.378603443503379822e-02,2.402900904417037964e-02,-1.331796031445264816e-02,1.073835492134094238e-01,1.366558298468589783e-02,8.196371793746948242e-02,-5.976368114352226257e-02,6.081997603178024292e-02,1.957958787679672241e-01,-5.289853364229202271e-02,1.046561077237129211e-01,2.350909411907196045e-01
1.741880029439926147e-01,-6.670419126749038696e-02,5.656484141945838928e-02,-2.988417744636535645e-01,8.072861284017562866e-02,-3.293131664395332336e-02,1.156261470168828964e-02,-1.431387364864349365e-01,1.687912829220294952e-02,2.913532033562660217e-02,-2.539146132767200470e-02,1.896910816431045532e-01,-1.045330017805099487e-01,1.120528280735015869e-01,2.622232139110565186e-01,1.481105685234069824e-01,-9.617924690246582031e-02,-7.313270121812820435e-03,-7.900954037904739380e-02,2.068471908569335938e-01,-7.794776558876037598e-02,3.274527611210942268e-03,-8.692164719104766846e-02,-1.762419044971466064e-01,9.452144801616668701e-02,3.541293367743492126e-02,-8.759775012731552124e-02,-4.958064854145050049e-02,-6.750915199518203735e-02,1.993191540241241455e-01,-4.397014901041984558e-02,-1.266895607113838196e-02,1.291634589433670044e-01,1.570487394928932190e-02,1.874901354312896729e-01,9.602626785635948181e-03,-2.475434914231300354e-02,-7.608637213706970215e-02,1.636362820863723755e-02,1.078785210847854614e-01,-8.871394395828247070e-02,1.473895758390426636e-01,1.344925612211227417e-01,-2.389369159936904907e-01,-3.388002514839172363e-02,1.853751577436923981e-02,7.941394299268722534e-02,1.554150134325027466e-01,1.284459829330444336e-01,-3.296994268894195557e-01,-9.721746295690536499e-02,1.250487864017486572e-01,9.371924400329589844e-02,3.998285625129938126e-03,3.619128838181495667e-02,-4.731082543730735779e-02,1.155974268913269043e-01,-1.238785758614540100e-01,2.313987314701080322e-01,-1.077137142419815063e-01,2.384204603731632233e-02,-1.806973963975906372e-01,1.175188124179840088e-01,-2.193759009242057800e-02,-8.929706364870071411e-02,-9.196126461029052734e-02,-5.048819631338119507e-02,-1.504625678062438965e-01,-6.080937758088111877e-02,-1.002940014004707336e-01,-9.855538606643676758e-02,5.651341378688812256e-02,-1.505905762314796448e-02,1.485700458288192749e-01,3.754470497369766235e-02,2.615228667855262756e-02,1.444961293600499630e-03,1.118841487914323807e-02,-9.225574135780334473e-02,1.326297596096992493e-02,6.651027500629425049e-02,3.405146999284625053e-03,7.216414809226989746e-02,-5.602550879120826721e-02,8.194472640752792358e-02,-9.784742444753646851e-02,-6.887260079383850098e-02,-4.617534950375556946e-02,1.849586665630340576e-01,-1.638403045944869518e-03,-4.114414914511144161e-04,1.900239149108529091e-03,-1.951911151409149170e-01,-8.345787972211837769e-02,4.257607832551002502e-02,9.805254638195037842e-02,3.030555136501789093e-02,-1.794723980128765106e-02,7.180201262235641479e-02,5.079193040728569031e-02,-2.398045212030410767e-01,-1.058173947967588902e-03,2.332895062863826752e-02,-3.099858202040195465e-02,-7.584179192781448364e-02,-7.563514262437820435e-02,-1.388870645314455032e-02,2.526816166937351227e-02,-9.643184393644332886e-02,4.898329731076955795e-03,-1.459059864282608032e-01,-3.285895287990570068e-02,8.632704615592956543e-03,-1.060139313340187073e-01,-7.126058638095855713e-02,9.741690754890441895e-02,2.464299276471138000e-02,-5.194499716162681580e-02,-3.934103995561599731e-02,-6.426301598548889160e-02,2.272579967975616455e-01,1.076060254126787186e-02,5.638411268591880798e-02,2.420518994331359863e-01,1.612343043088912964e-01,1.268780827522277832e-01,-1.457155942916870117e-01,-2.865316867828369141e-01,-1.461476832628250122e-01,4.181728512048721313e-02,2.210378050804138184e-01,-3.472849726676940918e-02,3.046046756207942963e-02,3.489801287651062012e-02,-3.165223076939582825e-02,-1.149355694651603699e-01,5.620829761028289795e-02,-1.334377974271774292e-01,1.570212095975875854e-02,-9.608663618564605713e-02,8.972727693617343903e-03,3.107304219156503677e-03,1.343321800231933594e-01,1.027074642479419708e-02,2.922860160470008850e-02,1.187181025743484497e-01,-1.209060698747634888e-01,-1.028146520256996155e-01,2.096160203218460083e-01,-5.355519801378250122e-02,-1.482625752687454224e-01,-3.922201320528984070e-02,-5.455397441983222961e-02,-4.346978664398193359e-02,-2.024552971124649048e-01,3.735377639532089233e-02,-6.499043107032775879e-02,8.973139524459838867e-02,-8.012413978576660156e-02,2.697121538221836090e-02,-5.338076129555702209e-02,1.898727715015411377e-01,8.914157748222351074e-02,2.460396587848663330e-01,1.865065693855285645e-01,-1.005157902836799622e-01,2.491079643368721008e-02,-1.028457656502723694e-01,2.253736183047294617e-02,-1.608953624963760376e-01,-7.978439331054687500e-02,-1.276247650384902954e-01,-2.127011120319366455e-01,6.334345042705535889e-02,2.124067768454551697e-02,-1.613803654909133911e-01,7.057651132345199585e-02,-2.062800675630569458e-01,1.089600771665573120e-01,1.620629453100264072e-03,8.346626907587051392e-02,6.057846173644065857e-02,6.745932251214981079e-02
-7.768119685351848602e-03,9.097622334957122803e-02,1.248889639973640442e-01,-4.310719668865203857e-02,-1.615078449249267578e-01,5.253754556179046631e-02,-3.742871060967445374e-02,1.190016716718673706e-01,7.561958581209182739e-02,1.202932894229888916e-01,-1.877826303243637085e-01,-8.968183398246765137e-02,6.637694686651229858e-02,3.164540231227874756e-02,-1.654301136732101440e-01,-3.450898081064224243e-02,1.371749490499496460e-01,-1.668080873787403107e-02,1.469272673130035400e-01,1.162444520741701126e-02,-1.175319850444793701e-01,-1.871231943368911743e-02,5.861339345574378967e-02,-1.754656285047531128e-01,3.029488027095794678e-02,5.917794257402420044e-02,1.650365889072418213e-01,-1.652184315025806427e-02,-1.059421971440315247e-01,2.458181828260421753e-01,-2.211652696132659912e-01,3.804674744606018066e-02,1.697166264057159424e-01,-2.364222332835197449e-02,4.752423241734504700e-02,-2.559386938810348511e-02,-1.070294007658958435e-01,-1.289381533861160278e-01,3.924147412180900574e-02,1.258578896522521973e-01,-1.356549677439033985e-03,-1.143251955509185791e-01,1.984340995550155640e-01,3.505479916930198669e-02,8.624280244112014771e-02,-5.084169656038284302e-02,-2.866505645215511322e-02,6.338769197463989258e-02,7.762685418128967285e-03,-1.194767504930496216e-01,-1.998363286256790161e-01,-4.892082419246435165e-03,-9.630838781595230103e-02,-4.914340376853942871e-02,-1.119385659694671631e-02,-9.874705970287322998e-02,-1.494939625263214111e-01,3.832085430622100830e-02,8.710519969463348389e-02,3.418128937482833862e-02,1.600760668516159058e-01,-1.889305859804153442e-01,-2.615242600440979004e-01,-2.895060926675796509e-02,-4.834633320569992065e-02,-2.028280682861804962e-02,-5.281445756554603577e-02,-6.835921108722686768e-02,1.233760863542556763e-01,-1.818113625049591064e-01,-6.881614029407501221e-02,5.989175662398338318e-02,2.407461591064929962e-02,-1.129394117742776871e-02,-1.132059171795845032e-01,-1.559805870056152344e-01,-6.076162308454513550e-02,4.086255282163619995e-02,-2.392506450414657593e-01,-1.206169836223125458e-02,-1.619185805320739746e-01,1.213403493165969849e-01,7.924639433622360229e-02,8.643709123134613037e-03,8.627313189208507538e-03,-1.885459721088409424e-01,4.189586639404296875e-02,7.659491151571273804e-02,-4.702506586909294128e-02,-4.619813337922096252e-02,-5.028005689382553101e-02,-8.853685855865478516e-02,-1.240631714463233948e-01,2.848846837878227234e-02,4.296872392296791077e-02,6.003676354885101318e-02,-1.750978976488113403e-01,-3.024158440530300140e-02,2.991802096366882324e-01,-5.850626528263092041e-02,1.327337604016065598e-02,-2.032822221517562866e-01,-9.291004389524459839e-02,-1.903813565149903297e-03,-8.464891463518142700e-02,-1.149216443300247192e-01,-8.404029160737991333e-02,-2.021593041718006134e-03,1.014164462685585022e-01,-2.342014014720916748e-01,-1.242553070187568665e-01,2.311596035724505782e-04,6.073333323001861572e-02,7.307351380586624146e-02,-1.179994940757751465e-01,8.076485991477966309e-02,-1.629973948001861572e-01,-1.831926964223384857e-02,-1.884743012487888336e-02,2.400658838450908661e-02,-8.699636906385421753e-02,-9.731696546077728271e-02,-1.018193289637565613e-01,2.572518587112426758e-02,-5.373758729547262192e-03,-7.406411319971084595e-02,-8.641631901264190674e-02,-8.450919389724731445e-02,2.820026315748691559e-02,6.295701023191213608e-03,3.682282939553260803e-02,-1.483829319477081299e-02,1.247775554656982422e-01,7.058225572109222412e-02,4.174611717462539673e-02,1.038794443011283875e-01,5.263189226388931274e-02,1.339554134756326675e-02,8.296024985611438751e-03,1.976732015609741211e-01,-1.204848941415548325e-02,-7.037604600191116333e-02,-1.650031805038452148e-01,-2.056777924299240112e-01,-5.910388007760047913e-02,1.395464502274990082e-02,-6.597973406314849854e-02,2.763854861259460449e-01,8.075030148029327393e-02,4.026129376143217087e-03,6.134574860334396362e-02,-1.595022380352020264e-01,-2.704858779907226562e-01,-2.386404722929000854e-01,3.268947079777717590e-02,-7.811801880598068237e-02,-2.940774895250797272e-02,1.940883994102478027e-01,1.118861734867095947e-01,8.415419608354568481e-03,-1.483754813671112061e-01,1.545782536268234253e-01,-7.846499234437942505e-02,-1.227290257811546326e-01,9.945355355739593506e-02,1.210328936576843262e-02,7.680579274892807007e-02,1.301924288272857666e-01,-3.951818868517875671e-02,-1.164314448833465576e-01,1.829984784126281738e-02,9.512845426797866821e-03,5.162004008889198303e-02,-5.233512446284294128e-02,-1.069630458950996399e-01,-5.500354617834091187e-02,2.918516844511032104e-02,-4.360820725560188293e-02,-3.778822720050811768e-02,1.119929701089859009e-01,-3.675776766613125801e-03,-1.335430890321731567e-01,-8.312410116195678711e-02
-4.240426234900951385e-03,1.338128447532653809e-01,3.795514255762100220e-02,1.015781983733177185e-01,1.042872741818428040e-01,5.217738822102546692e-02,-3.347740694880485535e-02,-4.950716719031333923e-02,-1.030313968658447266e-01,3.311381861567497253e-02,6.187276542186737061e-02,-1.416850537061691284e-01,-2.188409678637981415e-02,5.979944765567779541e-02,2.152801462216302752e-04,-1.222614496946334839e-01,2.839219868183135986e-01,-6.561643630266189575e-02,-3.588027954101562500e-01,-1.759058237075805664e-01,9.377182275056838989e-02,-1.843156218528747559e-01,-1.425781939178705215e-02,-4.431476816534996033e-02,-1.866820305585861206e-01,-1.592505723237991333e-02,-3.593393368646502495e-03,6.337650865316390991e-02,3.206207975745201111e-02,1.257840991020202637e-01,1.524263322353363037e-01,7.891217246651649475e-03,-8.307304978370666504e-02,1.445005089044570923e-01,-2.677271142601966858e-02,-3.330502286553382874e-02,1.007193550467491150e-01,-1.136923432350158691e-01,-7.303801178932189941e-02,-6.837466359138488770e-02,1.896861046552658081e-01,1.005782783031463623e-01,-6.608345359563827515e-02,3.428089618682861328e-02,-2.644947171211242676e-02,5.853311717510223389e-02,5.026893317699432373e-02,1.153330802917480469e-01,4.068155959248542786e-02,-1.842714287340641022e-02,1.545112580060958862e-01,6.912355124950408936e-02,-1.205742359161376953e-01,7.909993082284927368e-02,-5.407512933015823364e-02,-2.333001941442489624e-01,-2.675840444862842560e-02,1.571275889873504639e-01,-6.488599814474582672e-03,-2.823825366795063019e-02,-1.528147757053375244e-01,2.291149049997329712e-01,7.262739539146423340e-02,2.725345455110073090e-02,-3.424559254199266434e-03,4.898437485098838806e-02,2.718974947929382324e-01,-6.031825393438339233e-02,6.849066913127899170e-02,6.454776972532272339e-02,8.346226811408996582e-02,8.583433926105499268e-02,3.264581412076950073e-02,4.031154140830039978e-02,-7.072651386260986328e-02,1.161903664469718933e-01,1.168499588966369629e-01,-1.325805038213729858e-01,-1.157005354762077332e-01,-1.358957029879093170e-03,1.771876215934753418e-01,1.090115383267402649e-01,5.722409859299659729e-02,-6.225705891847610474e-02,5.443453043699264526e-02,4.415716603398323059e-02,-1.376887261867523193e-01,1.122595742344856262e-01,1.761528849601745605e-02,6.319380551576614380e-02,2.405906468629837036e-02,9.672147035598754883e-02,2.570927739143371582e-01,1.493736803531646729e-01,-2.611653506755828857e-01,-1.043568085879087448e-02,-1.466709822416305542e-01,1.058205217123031616e-02,9.794071316719055176e-02,-3.544613020494580269e-03,1.296255290508270264e-01,3.825543681159615517e-03,-7.486750185489654541e-02,1.368428021669387817e-01,9.101152420043945312e-02,1.515990644693374634e-01,1.207536645233631134e-02,6.850647181272506714e-02,8.509876206517219543e-03,2.136970683932304382e-02,4.057534504681825638e-03,1.275381296873092651e-01,-1.661107093095779419e-01,7.075960189104080200e-02,-1.179260164499282837e-01,2.119760066270828247e-01,2.909363247454166412e-02,-1.011044010519981384e-01,3.189202025532722473e-02,-1.809541583061218262e-01,9.243759512901306152e-02,-1.783398538827896118e-02,1.427077688276767731e-02,-8.102721534669399261e-03,8.038803935050964355e-02,-5.774578824639320374e-02,-1.422635614871978760e-01,8.167637139558792114e-02,4.798803851008415222e-02,2.012544721364974976e-01,8.312852680683135986e-02,5.676022544503211975e-02,-5.407949164509773254e-02,-2.342141419649124146e-02,-1.115229129791259766e-01,9.969497472047805786e-02,-9.781164675951004028e-02,-1.659966409206390381e-01,1.300633102655410767e-01,6.552397273480892181e-03,4.682776331901550293e-02,-2.517158910632133484e-02,-1.668189615011215210e-01,-2.325423955917358398e-01,6.540453433990478516e-02,4.694100096821784973e-02,3.283839300274848938e-02,-3.180421516299247742e-02,-8.244246989488601685e-02,-1.403869837522506714e-01,-4.809463024139404297e-02,2.358458191156387329e-02,-9.307192265987396240e-02,5.687719210982322693e-02,5.978242307901382446e-02,-1.298313289880752563e-01,2.947504259645938873e-02,1.144474297761917114e-01,-1.102748811244964600e-01,-1.105314195156097412e-01,-6.106388941407203674e-02,3.402952104806900024e-02,3.274082764983177185e-02,1.542092263698577881e-01,-2.892819757107645273e-04,2.616252191364765167e-02,9.455361217260360718e-02,8.378788828849792480e-03,7.510677725076675415e-02,5.636088084429502487e-03,-2.828762531280517578e-01,-8.308108896017074585e-02,-4.231683164834976196e-02,-1.007562503218650818e-01,7.232865784317255020e-03,-2.794218659400939941e-01,-3.585902228951454163e-02,1.341698467731475830e-01,-1.597163379192352295e-01,-5.877598375082015991e-02,-1.062435209751129150e-01,1.694358438253402710e-01,3.970482200384140015e-02
7.857021689414978027e-02,8.824042975902557373e-02,-9.900725632905960083e-02,2.010778151452541351e-02,-1.991090774536132812e-01,9.753693640232086182e-02,1.019291579723358154e-01,-1.657176762819290161e-01,-2.927729301154613495e-02,-6.878728419542312622e-02,-3.596859052777290344e-02,1.169726848602294922e-01,8.699728548526763916e-02,-1.308804303407669067e-01,2.454443573951721191e-01,1.399423778057098389e-01,3.039218857884407043e-02,1.224763616919517517e-01,1.739860326051712036e-01,-1.636931300163269043e-02,-1.344207078218460083e-01,4.752430319786071777e-02,-1.967051299288868904e-03,-6.978368759155273438e-02,8.500564098358154297e-02,1.057118847966194153e-01,-1.478053182363510132e-01,-8.681037276983261108e-02,7.926030457019805908e-02,7.087504118680953979e-02,3.889398276805877686e-02,-1.099419519305229187e-01,-7.304958067834377289e-03,-1.430734992027282715e-02,7.941024750471115112e-02,-3.286068886518478394e-02,-1.003322936594486237e-02,2.805265539791435003e-04,-2.751165330410003662e-01,6.338451802730560303e-02,1.048673912882804871e-01,3.076437413692474365e-01,-3.680650889873504639e-02,-5.422565713524818420e-02,-7.214373908936977386e-03,-8.587287738919258118e-03,-1.067285984754562378e-01,-1.190870776772499084e-01,-1.028515100479125977e-01,-4.198757465928792953e-03,-1.462052464485168457e-01,1.364644020795822144e-01,-7.816060446202754974e-03,-1.744194477796554565e-01,-7.211866974830627441e-02,-5.106350034475326538e-02,-3.094991147518157959e-01,-5.532384291291236877e-02,-7.973287999629974365e-02,8.423319458961486816e-02,-8.145696669816970825e-02,1.474509090185165405e-01,2.100044488906860352e-01,1.268524527549743652e-01,-1.432335972785949707e-01,6.745386868715286255e-02,1.050706878304481506e-01,2.860517241060733795e-02,-6.432161480188369751e-02,-3.907642886042594910e-02,-8.168748766183853149e-02,-1.590261235833168030e-02,7.258668541908264160e-02,5.885483324527740479e-02,2.251159213483333588e-02,-1.090469025075435638e-02,-5.075084790587425232e-02,-3.915507718920707703e-02,-2.411546744406223297e-02,6.329408288002014160e-02,2.412030249834060669e-01,4.760101728606969118e-04,-4.297058563679456711e-03,-8.704163879156112671e-02,1.282618194818496704e-01,6.236713752150535583e-02,5.100476369261741638e-02,2.215844765305519104e-02,-3.198805823922157288e-02,-1.104657305404543877e-03,-2.828748710453510284e-02,9.510407596826553345e-02,1.253084540367126465e-01,1.908050626516342163e-01,1.552931498736143112e-02,-1.167113408446311951e-01,1.474824994802474976e-01,1.006166338920593262e-01,7.159876823425292969e-02,-5.208841525018215179e-03,-7.305362820625305176e-02,-1.817223802208900452e-02,-9.508973360061645508e-02,1.321462243795394897e-01,1.158929988741874695e-01,-1.335649490356445312e-01,1.067704036831855774e-01,-2.784623503684997559e-01,-4.194846004247665405e-02,-6.271413713693618774e-02,4.680087789893150330e-03,1.140791103243827820e-01,5.897748470306396484e-02,1.813941895961761475e-01,-3.313677757978439331e-02,1.477036476135253906e-01,1.252231001853942871e-01,-4.075776040554046631e-02,-3.818996623158454895e-02,1.857924461364746094e-02,9.801851958036422729e-02,1.609004139900207520e-01,7.818466424942016602e-02,6.715029478073120117e-02,4.138872027397155762e-02,3.314373642206192017e-02,-6.565935164690017700e-02,1.687077134847640991e-01,-4.748332500457763672e-02,5.000069737434387207e-02,8.355689235031604767e-03,1.408682763576507568e-01,2.633696794509887695e-02,9.095998853445053101e-02,-1.122726276516914368e-01,-2.216023802757263184e-01,-5.636360123753547668e-02,-8.993675559759140015e-02,-9.896560013294219971e-02,-3.192710876464843750e-02,2.111536264419555664e-02,9.620686620473861694e-02,-1.539302989840507507e-03,-7.731662690639495850e-02,-1.415788978338241577e-01,1.842109672725200653e-02,2.002668753266334534e-02,8.816799521446228027e-02,1.427087485790252686e-01,-5.922070518136024475e-02,6.981337070465087891e-02,-5.181076750159263611e-02,6.969213485717773438e-02,6.055498961359262466e-03,1.128008961677551270e-02,1.195922046899795532e-01,1.441220045089721680e-01,1.740964800119400024e-01,-7.106392830610275269e-02,-1.338794082403182983e-01,6.475995481014251709e-02,-3.209165483713150024e-02,2.479254156351089478e-01,-8.785270154476165771e-02,-1.056868699379265308e-03,-1.310565769672393799e-01,1.008634045720100403e-01,7.452700287103652954e-02,1.027746200561523438e-01,9.116314351558685303e-03,1.324217617511749268e-01,1.016035526990890503e-01,-3.344645351171493530e-02,2.025391608476638794e-01,-1.119919940829277039e-01,-1.014942452311515808e-01,-8.674710243940353394e-02,2.225156277418136597e-01,9.236516803503036499e-02,-8.493209630250930786e-02,8.910062164068222046e-02,3.550956770777702332e-02,-6.920811533927917480e-02
7.628808170557022095e-02,1.064992323517799377e-02,-4.020702838897705078e-02,-1.072044521570205688e-01,9.862193837761878967e-03,-8.017046749591827393e-02,2.942854911088943481e-02,-6.572953611612319946e-02,1.149057298898696899e-01,-1.532817184925079346e-01,-6.790996342897415161e-02,1.567609459161758423e-01,-3.548609465360641479e-02,1.073739007115364075e-01,-2.818501293659210205e-01,5.136512964963912964e-02,3.873750334605574608e-03,2.679921314120292664e-02,5.012746900320053101e-02,-1.619382649660110474e-01,1.562127768993377686e-01,6.664811074733734131e-02,-5.326727032661437988e-02,3.420352637767791748e-01,-1.394637972116470337e-01,4.828358069062232971e-02,1.070436015725135803e-01,-1.429315060377120972e-01,-6.417881697416305542e-02,-2.256020456552505493e-01,-6.239133328199386597e-02,5.940948426723480225e-02,1.557218432426452637e-01,-8.036375045776367188e-02,-2.223480641841888428e-01,1.082121804356575012e-01,-1.205188315361738205e-02,4.687288776040077209e-02,2.752011641860008240e-03,2.298992499709129333e-02,-4.357723146677017212e-02,4.932282119989395142e-02,-3.716811165213584900e-02,-2.777484804391860962e-02,2.179240435361862183e-01,1.827581822872161865e-01,1.319842636585235596e-01,-1.172571629285812378e-02,3.032723814249038696e-02,8.307447284460067749e-02,-3.790111979469656944e-03,1.126125827431678772e-01,5.763087049126625061e-02,-3.374413773417472839e-02,-6.114639714360237122e-02,1.266567409038543701e-01,-1.322294119745492935e-03,4.684927407652139664e-03,2.781760180369019508e-03,-1.070160493254661560e-01,-5.218296777456998825e-03,1.149797812104225159e-02,-2.996367812156677246e-01,1.572775840759277344e-01,-8.151405304670333862e-02,-8.573695272207260132e-02,5.752889811992645264e-02,1.290388554334640503e-01,-1.661029458045959473e-01,6.120876222848892212e-02,-9.098963439464569092e-02,1.452691107988357544e-01,1.645986177027225494e-02,2.829285338521003723e-02,-1.664693951606750488e-01,1.953410916030406952e-02,2.177568897604942322e-02,1.545456647872924805e-01,1.356614939868450165e-02,1.201064139604568481e-01,3.707343712449073792e-02,-1.942022740840911865e-01,1.783735677599906921e-02,-5.529802665114402771e-02,5.297437310218811035e-02,-1.395190879702568054e-02,1.616398543119430542e-01,1.617810428142547607e-01,5.433574318885803223e-02,8.227235823869705200e-02,-2.701992727816104889e-02,5.842811614274978638e-02,-1.122607141733169556e-01,-2.086104825139045715e-02,-7.225073128938674927e-02,1.388049721717834473e-01,1.253926903009414673e-01,-2.896451577544212341e-02,1.299760937690734863e-01,-4.057260975241661072e-02,1.589215546846389771e-02,1.012479588389396667e-01,-3.423518314957618713e-02,-1.170915830880403519e-02,1.489518210291862488e-02,1.189796999096870422e-01,-1.081388443708419800e-01,-4.950776696205139160e-02,1.536024548113346100e-02,-8.616833388805389404e-02,-1.039074733853340149e-02,1.344489604234695435e-01,5.712997913360595703e-02,-6.776762753725051880e-02,1.065285317599773407e-02,1.281475368887186050e-02,5.695105344057083130e-02,-2.110395133495330811e-01,1.205586642026901245e-02,-1.456472575664520264e-01,-3.294251859188079834e-02,-4.976078867912292480e-02,-2.332057617604732513e-02,1.150034740567207336e-02,7.174588739871978760e-02,8.204702287912368774e-02,1.640654504299163818e-01,-1.867356449365615845e-01,-3.297949209809303284e-02,-6.795284897089004517e-02,-9.187683463096618652e-02,1.094661653041839600e-01,2.651297859847545624e-02,-9.632631391286849976e-02,-9.675174951553344727e-02,-9.002237021923065186e-02,1.584261469542980194e-02,-2.161977291107177734e-01,-7.596247829496860504e-03,-1.842357963323593140e-02,-3.876227140426635742e-02,-6.122173741459846497e-02,1.061441972851753235e-01,-1.533012371510267258e-02,7.060214132070541382e-02,1.080500409007072449e-01,-6.787738949060440063e-02,2.706622481346130371e-01,1.914659701287746429e-02,-1.662287861108779907e-02,-3.559686243534088135e-02,-1.067411229014396667e-01,-1.255706846714019775e-01,1.269715875387191772e-01,-1.327694579958915710e-02,-1.133468747138977051e-01,-7.458388805389404297e-02,1.246298626065254211e-01,1.554954499006271362e-01,1.835337877273559570e-01,-1.247892901301383972e-01,-1.365543901920318604e-01,1.426624506711959839e-01,1.015254706144332886e-01,-5.780408158898353577e-02,9.794043749570846558e-02,-1.391042955219745636e-02,-5.765801668167114258e-02,-2.219379395246505737e-01,-3.105854392051696777e-01,1.569621264934539795e-02,9.590132534503936768e-02,4.398503527045249939e-02,-1.655902862548828125e-01,5.816794466227293015e-03,-1.007789224386215210e-01,-1.632249206304550171e-01,-6.558616459369659424e-02,-8.916331827640533447e-02,-1.236114650964736938e-01,-1.117917820811271667e-01,-4.290948808193206787e-02,-2.154157310724258423e-02
-8.202708512544631958e-02,1.552325673401355743e-02,2.000482976436614990e-01,-1.101510524749755859e-01,1.476779282093048096e-01,-6.694716215133666992e-02,-1.352353394031524658e-01,1.162214130163192749e-01,1.560673769563436508e-02,5.026046931743621826e-02,6.788839399814605713e-02,-9.423646330833435059e-02,-3.321235533803701401e-03,1.534568220376968384e-01,-6.519812345504760742e-02,3.843320161104202271e-02,3.678230568766593933e-02,1.152805704623460770e-02,5.345306359231472015e-03,-8.426175266504287720e-02,-2.968627214431762695e-02,2.002220749855041504e-01,1.005889773368835449e-01,-2.213452309370040894e-01,-7.720875740051269531e-02,-1.426066160202026367e-01,-1.881454698741436005e-02,-2.513616532087326050e-02,-1.234665885567665100e-01,8.749729394912719727e-02,1.684286743402481079e-01,-9.367255866527557373e-02,-9.656684845685958862e-02,-2.059004306793212891e-01,-1.707867681980133057e-01,-9.049749374389648438e-02,-7.085745781660079956e-02,-1.294812858104705811e-01,-1.448767483234405518e-01,1.832134276628494263e-02,-5.148183554410934448e-02,-2.817822992801666260e-01,-9.497362375259399414e-02,-4.743256047368049622e-02,-7.344995439052581787e-02,5.287545546889305115e-02,3.012158349156379700e-02,-8.410175144672393799e-02,5.461679771542549133e-02,-5.485585331916809082e-02,-7.562157511711120605e-02,-1.567429155111312866e-01,1.823778301477432251e-01,-7.175368070602416992e-02,-1.954652220010757446e-01,4.686112329363822937e-02,-3.460312634706497192e-02,8.689901232719421387e-02,-1.159339621663093567e-01,-4.376392439007759094e-02,-1.013196742860600352e-04,-1.893094740808010101e-02,-5.350113846361637115e-03,6.189389526844024658e-02,-3.378143906593322754e-02,2.743394300341606140e-02,1.749194562435150146e-01,9.345801919698715210e-02,-2.362896874547004700e-02,-7.185816764831542969e-02,9.373904764652252197e-02,-1.543450355529785156e-02,-1.497215032577514648e-02,-1.908426880836486816e-01,9.865222871303558350e-02,1.347231715917587280e-01,-9.133820980787277222e-02,-1.295928936451673508e-02,-7.277892529964447021e-02,5.560184642672538757e-02,5.558416619896888733e-02,9.214324876666069031e-03,1.661239564418792725e-01,-3.906236495822668076e-03,-3.489096090197563171e-02,-6.741313636302947998e-02,1.034303680062294006e-01,1.572476476430892944e-01,-3.576005622744560242e-02,-1.906535178422927856e-01,-9.831427037715911865e-02,-1.716062128543853760e-01,1.267013847827911377e-01,1.085446402430534363e-01,9.454925358295440674e-02,3.810160979628562927e-02,1.000662595033645630e-01,-9.649258852005004883e-02,-1.757107079029083252e-01,1.283545941114425659e-01,-3.761413320899009705e-02,2.571047842502593994e-01,-6.792042404413223267e-02,4.531547427177429199e-02,3.622451424598693848e-02,-2.889334969222545624e-02,-4.227234795689582825e-02,-8.149511367082595825e-02,1.508515775203704834e-01,-8.352235890924930573e-03,-1.650516241788864136e-01,3.727421164512634277e-02,-1.509767025709152222e-01,6.192192062735557556e-02,-1.040500923991203308e-01,-2.883376479148864746e-01,1.488862782716751099e-01,5.430531874299049377e-02,-1.547584533691406250e-01,-1.518189460039138794e-01,-1.647300124168395996e-01,1.233449280261993408e-01,-6.361860781908035278e-02,1.555161029100418091e-01,2.581192180514335632e-02,-2.038725167512893677e-01,-7.032582163810729980e-02,1.211300492286682129e-01,-2.364335395395755768e-02,-1.576568037271499634e-01,6.921886652708053589e-02,7.343816012144088745e-02,-3.046917263418436050e-03,-7.816807925701141357e-02,2.259136885404586792e-01,-1.428188942372798920e-02,5.958322435617446899e-02,3.018795549869537354e-01,3.579345345497131348e-02,1.783708482980728149e-01,-1.121755875647068024e-02,-4.257497191429138184e-02,-8.731261640787124634e-02,-2.806615233421325684e-01,-1.924081705510616302e-02,1.526423692703247070e-01,-4.808638244867324829e-02,1.977320462465286255e-01,-1.076609492301940918e-01,4.713148623704910278e-02,-8.600731939077377319e-02,-4.240341857075691223e-02,-5.000979453325271606e-02,1.844249218702316284e-01,-4.714112356305122375e-02,1.693384349346160889e-01,-8.735580742359161377e-02,4.338504374027252197e-02,-1.317633986473083496e-01,8.291610330343246460e-02,-3.227217867970466614e-02,8.527965284883975983e-03,1.461589485406875610e-01,-1.616813540458679199e-01,-6.014117598533630371e-02,1.590463370084762573e-01,1.795124262571334839e-01,-6.211588904261589050e-02,-5.193990468978881836e-02,-2.259534448385238647e-01,6.290177255868911743e-02,4.221438243985176086e-02,7.127787172794342041e-02,3.292498365044593811e-02,5.738369002938270569e-02,-8.221169561147689819e-02,9.647837281227111816e-02,-7.361815124750137329e-02,-2.558121643960475922e-02,-1.666000485420227051e-01,-7.423138618469238281e-02,9.987360984086990356e-02,-2.585028298199176788e-02
8.416611701250076294e-02,5.546597763895988464e-02,-1.354583203792572021e-01,-1.261356025934219360e-01,-1.021162867546081543e-01,1.495729833841323853e-01,-1.713797599077224731e-01,1.867499388754367828e-02,-1.869364455342292786e-02,-2.914532721042633057e-01,-1.246622055768966675e-01,2.269623614847660065e-02,-4.084498062729835510e-02,8.337523788213729858e-02,1.050224080681800842e-01,-3.476601466536521912e-02,2.394910156726837158e-01,2.339667081832885742e-01,-3.618964925408363342e-02,4.712997376918792725e-02,-1.609927415847778320e-01,2.435825318098068237e-01,-5.941779911518096924e-02,7.719384133815765381e-02,2.671427838504314423e-02,-1.351333260536193848e-01,-2.345938086509704590e-01,3.774378821253776550e-02,2.552209235727787018e-02,-9.578578919172286987e-02,-7.312113046646118164e-02,4.232641682028770447e-02,-9.448086470365524292e-02,-2.373347431421279907e-01,-9.918429702520370483e-02,5.612969398498535156e-02,1.082896888256072998e-01,1.991343125700950623e-02,-5.340788513422012329e-03,2.572524845600128174e-01,6.014405936002731323e-02,1.169400215148925781e-01,3.833995386958122253e-02,2.086245268583297729e-02,2.263437211513519287e-01,9.703867137432098389e-02,2.300579473376274109e-02,1.445810645818710327e-01,-7.923723757266998291e-02,-1.510606706142425537e-01,1.877949014306068420e-02,1.907034590840339661e-02,-2.024606913328170776e-01,6.634698808193206787e-02,-1.190709173679351807e-01,-1.504504829645156860e-01,-7.772346585988998413e-02,-2.918938361108303070e-02,-8.156827092170715332e-02,-6.275825202465057373e-02,-2.501903474330902100e-02,-4.989109933376312256e-02,9.517291560769081116e-03,-1.734474003314971924e-01,9.735539555549621582e-02,-2.018590644001960754e-02,-1.528220772743225098e-01,-2.981928549706935883e-02,-3.363830968737602234e-02,-9.006816148757934570e-02,1.318262070417404175e-01,1.891106069087982178e-01,8.106303401291370392e-03,2.996240369975566864e-02,-6.574023514986038208e-02,-7.403765618801116943e-02,9.510791301727294922e-02,-1.325052510946989059e-02,-3.680768888443708420e-03,5.769335851073265076e-02,-7.729709893465042114e-02,1.459870487451553345e-01,1.072700917720794678e-01,-1.659161783754825592e-02,-4.522810131311416626e-02,4.503488168120384216e-02,1.311265826225280762e-01,3.589028492569923401e-02,3.887099772691726685e-02,1.057516336441040039e-01,4.106941819190979004e-02,1.613534614443778992e-02,1.780301779508590698e-01,1.273865252733230591e-01,9.947807341814041138e-02,-5.270570516586303711e-02,-6.275334395468235016e-03,9.103080630302429199e-02,-3.808436542749404907e-02,-1.624815315008163452e-01,1.710533536970615387e-02,1.985954353585839272e-03,2.234148979187011719e-02,-4.329467564821243286e-02,5.881133303046226501e-02,-2.320724576711654663e-01,2.586446516215801239e-02,1.390396356582641602e-01,4.056708887219429016e-02,-3.456642478704452515e-02,9.304460138082504272e-02,3.339722007513046265e-02,-1.559457927942276001e-01,-6.154395267367362976e-02,4.648946598172187805e-02,2.193493396043777466e-02,-8.207453042268753052e-02,1.293237693607807159e-02,-8.407444693148136139e-03,-2.983493916690349579e-02,-5.112340301275253296e-02,8.744774013757705688e-02,-8.979607373476028442e-03,-1.790036330930888653e-03,-7.283758372068405151e-02,7.188081741333007812e-02,-1.996568441390991211e-01,-7.925026863813400269e-02,4.266530275344848633e-02,6.828619539737701416e-02,1.048784032464027405e-01,6.263961642980575562e-02,-6.300250440835952759e-02,1.352664977312088013e-01,9.574746340513229370e-02,-3.013943322002887726e-02,3.779443725943565369e-02,-3.021708689630031586e-03,-5.946242436766624451e-02,7.473772764205932617e-02,7.878449559211730957e-02,7.710100710391998291e-02,3.978661075234413147e-02,1.077159214764833450e-02,3.048947313800454140e-03,-1.781562343239784241e-02,1.563059687614440918e-01,-4.393629729747772217e-02,6.711662560701370239e-02,8.907204121351242065e-02,1.881388425827026367e-01,-2.506423890590667725e-01,1.891050040721893311e-01,-3.518309071660041809e-02,8.312504738569259644e-03,-3.556172177195549011e-02,3.067760169506072998e-02,8.894355595111846924e-02,-8.145984262228012085e-02,1.200824752449989319e-01,-1.019510477781295776e-01,-3.516025468707084656e-02,-1.590166613459587097e-02,-1.707775741815567017e-01,-4.010138288140296936e-02,-6.852119415998458862e-02,7.287392765283584595e-02,-1.286648958921432495e-01,1.534466296434402466e-01,9.017565101385116577e-02,-2.027211524546146393e-02,1.643635779619216919e-01,-1.294053941965103149e-01,4.231140390038490295e-02,6.579582113772630692e-03,-1.026468798518180847e-01,-1.016418114304542542e-01,8.709421008825302124e-02,2.954643219709396362e-03,-4.930906742811203003e-02,2.352192252874374390e-01,7.062769681215286255e-02,-3.748485818505287170e-02
6.102295592427253723e-02,1.186702251434326172e-01,-1.708583384752273560e-01,-6.033603101968765259e-02,-5.106715857982635498e-02,-9.140913933515548706e-02,-1.078493427485227585e-02,-8.932381123304367065e-02,6.100908666849136353e-02,1.400677766650915146e-02,-2.252400815486907959e-01,1.548043172806501389e-02,-3.226545080542564392e-02,5.549356137635186315e-05,-1.176535990089178085e-02,9.087476879358291626e-02,-2.107954956591129303e-02,1.111098006367683411e-01,-2.049938738346099854e-01,-4.788182303309440613e-02,-4.944268614053726196e-02,-2.052981704473495483e-01,-3.025889955461025238e-02,-9.187062829732894897e-02,3.957455232739448547e-02,1.119909361004829407e-01,-1.724557727575302124e-01,-2.150391638278961182e-01,-1.053274050354957581e-01,-7.652670028619468212e-04,-1.146776485256850719e-03,-1.058117598295211792e-01,-1.699982397258281708e-02,-8.759542554616928101e-02,1.527427323162555695e-02,-1.155760884284973145e-01,7.123193889856338501e-02,1.256148964166641235e-01,-3.862514346837997437e-02,-6.800660630688071251e-04,3.313951566815376282e-02,-2.309296280145645142e-03,2.469105124473571777e-01,1.508172750473022461e-01,5.924889817833900452e-02,1.502504795789718628e-01,-1.252374500036239624e-01,-1.567392349243164062e-01,-9.635543078184127808e-02,3.959459811449050903e-02,-5.197386071085929871e-02,2.616825699806213379e-01,-1.371244341135025024e-01,-2.582079768180847168e-01,-5.978705734014511108e-02,-8.280423283576965332e-02,-7.025476545095443726e-02,4.273540154099464417e-02,-9.116299450397491455e-02,-1.831229478120803833e-01,-5.920682102441787720e-02,-6.107229366898536682e-02,2.650517597794532776e-02,-4.742043837904930115e-02,-6.548183411359786987e-02,1.469394005835056305e-02,-1.562728174030780792e-02,1.859129369258880615e-01,6.114853546023368835e-02,1.889238366857171059e-03,1.095378473401069641e-01,2.411607652902603149e-01,-5.610547214746475220e-02,2.600480020046234131e-01,-7.096043229103088379e-02,-5.141363292932510376e-02,1.849126443266868591e-02,3.473783284425735474e-02,-2.520916163921356201e-01,9.287112206220626831e-02,-6.719375401735305786e-02,-6.997204571962356567e-02,7.363539934158325195e-02,8.289226889610290527e-02,1.913135349750518799e-01,1.388778537511825562e-01,9.447022341191768646e-03,-6.082615628838539124e-02,7.814466953277587891e-03,2.947873435914516449e-02,-6.613244861364364624e-02,1.195599585771560669e-01,5.867772921919822693e-02,4.631965234875679016e-02,-6.558433920145034790e-02,-9.807910770177841187e-02,4.627913236618041992e-02,-8.396719582378864288e-03,-2.290014736354351044e-02,-6.898463517427444458e-02,6.845136731863021851e-02,6.620408594608306885e-02,2.818656153976917267e-02,8.428274653851985931e-03,-1.409382969141006470e-01,2.204365655779838562e-02,5.308519303798675537e-02,1.451663821935653687e-01,-1.652476787567138672e-01,3.898429498076438904e-02,6.523299496620893478e-03,-4.121859371662139893e-02,6.477043777704238892e-02,2.506266534328460693e-02,1.645701937377452850e-02,2.723012566566467285e-01,-1.465564221143722534e-01,-1.722760051488876343e-01,-7.220385968685150146e-02,1.045089028775691986e-02,-1.243026629090309143e-01,6.967513263225555420e-02,-3.564118873327970505e-03,9.677513688802719116e-02,-7.349703460931777954e-03,-8.028040081262588501e-02,1.537228226661682129e-01,1.412939876317977905e-01,1.491553634405136108e-01,2.156856954097747803e-01,-2.273603901267051697e-02,1.165986582636833191e-01,-9.902220219373703003e-02,-7.440391182899475098e-02,-1.434040963649749756e-01,-5.690011754631996155e-02,1.418475359678268433e-01,1.133752893656492233e-02,-4.909132793545722961e-02,4.481709096580743790e-03,5.350395664572715759e-02,-1.667007654905319214e-01,7.535106688737869263e-02,1.076812967658042908e-01,1.319178342819213867e-01,1.530226469039916992e-01,-4.010202735662460327e-02,5.035138502717018127e-02,3.835123404860496521e-02,-8.234778046607971191e-02,8.423195034265518188e-02,3.190389648079872131e-02,-2.474641799926757812e-01,-1.052523627877235413e-01,4.103363677859306335e-02,-7.881943136453628540e-02,1.139727830886840820e-01,-7.085397839546203613e-02,-3.918432444334030151e-02,6.311349570751190186e-02,8.700989931821823120e-02,5.674192681908607483e-02,-5.301767960190773010e-02,2.145874053239822388e-01,-7.424359768629074097e-02,-8.580809086561203003e-02,-6.079532578587532043e-02,-1.748581677675247192e-01,-3.138354420661926270e-02,-1.976671665906906128e-01,-5.768124759197235107e-02,1.371158193796873093e-02,2.586307004094123840e-02,-5.740555468946695328e-03,-6.605149060487747192e-02,-6.530382484197616577e-02,2.865867130458354950e-02,-6.137001328170299530e-03,6.055027991533279419e-02,2.343920804560184479e-02,2.241261675953865051e-02,4.747755080461502075e-02,-5.357501655817031860e-02
-1.211794465780258179e-01,5.269766598939895630e-02,-6.946460157632827759e-02,1.446633934974670410e-01,3.332154825329780579e-02,-1.039093546569347382e-02,-1.957668066024780273e-01,8.472222834825515747e-02,7.414643466472625732e-02,9.895663708448410034e-02,1.118070855736732483e-01,6.633686274290084839e-02,1.070384830236434937e-01,1.065126657485961914e-01,1.596863567829132080e-01,-1.144020482897758484e-01,-3.296738490462303162e-03,4.406648874282836914e-02,3.834457695484161377e-02,-4.235492274165153503e-02,-1.080860570073127747e-01,-1.824319958686828613e-01,4.102758318185806274e-02,-2.093574730679392815e-03,-1.501568257808685303e-01,1.256937682628631592e-01,-2.263371348381042480e-01,-5.750001594424247742e-02,1.275029331445693970e-01,3.836961835622787476e-02,-7.793721556663513184e-02,5.813256278634071350e-02,-9.076947718858718872e-02,-6.998302042484283447e-02,2.935614623129367828e-02,-1.735666692256927490e-01,-6.200315803289413452e-02,-1.816435456275939941e-01,-8.343235403299331665e-02,9.461606293916702271e-02,-2.017940022051334381e-02,-3.757125884294509888e-02,-1.947096884250640869e-01,2.153116650879383087e-02,1.795825362205505371e-01,-1.004810631275177002e-01,-1.932138800621032715e-01,-1.270665824413299561e-01,1.854035817086696625e-02,-1.623109541833400726e-02,2.773847058415412903e-02,9.295179694890975952e-02,8.530477061867713928e-03,-1.779298484325408936e-02,-1.562060974538326263e-02,-5.622849240899085999e-02,-1.288969069719314575e-01,-1.016796194016933441e-02,-2.041766792535781860e-01,-3.791399300098419189e-02,-2.355718612670898438e-02,-2.201811783015727997e-02,-1.503791473805904388e-02,-3.984773531556129456e-02,-1.213670447468757629e-01,-1.255906671285629272e-01,1.145243346691131592e-01,-1.296337097883224487e-01,2.215425483882427216e-02,-9.882786870002746582e-02,-7.864627987146377563e-02,1.028545796871185303e-01,2.233170159161090851e-02,-2.732076914981007576e-03,1.373352706432342529e-01,-1.755797863006591797e-01,-9.372459352016448975e-02,1.466788798570632935e-01,1.803217232227325439e-01,-9.873480349779129028e-02,7.766846567392349243e-02,4.106135293841362000e-02,-4.727724567055702209e-02,-7.573316805064678192e-03,1.073144227266311646e-01,1.091709583997726440e-01,2.140928655862808228e-01,2.152183502912521362e-01,4.507330432534217834e-02,-3.232475742697715759e-02,5.427661165595054626e-02,-9.315523318946361542e-03,-1.000418737530708313e-01,-1.408757269382476807e-01,-6.303021311759948730e-02,7.837223261594772339e-02,1.523897945880889893e-01,7.994876801967620850e-02,-7.997379638254642487e-03,4.866394773125648499e-02,-1.165961027145385742e-01,-7.335706800222396851e-02,-4.343832284212112427e-02,1.578615754842758179e-01,1.455196887254714966e-01,-4.147937148809432983e-02,6.287757307291030884e-02,1.670185104012489319e-02,-2.011363506317138672e-01,2.161232829093933105e-01,6.901013106107711792e-02,-2.039455622434616089e-02,-4.206969216465950012e-02,1.192677617073059082e-01,-1.291755139827728271e-01,2.952430248260498047e-01,8.406987786293029785e-02,1.266446411609649658e-01,-2.830376289784908295e-02,-6.923508644104003906e-02,8.900140412151813507e-03,1.389151662588119507e-01,-9.182133525609970093e-02,-6.016326323151588440e-02,7.871731370687484741e-02,5.934019759297370911e-02,5.264084041118621826e-02,-3.025826513767242432e-01,2.040189951658248901e-01,6.271927850320935249e-04,-1.210958063602447510e-01,-1.054121330380439758e-01,1.847797334194183350e-01,2.196677029132843018e-01,2.473297156393527985e-02,2.934685535728931427e-02,9.981837868690490723e-02,1.182806584984064102e-02,-1.305468976497650146e-01,9.553375840187072754e-02,-1.010698452591896057e-01,3.818578645586967468e-02,1.070405915379524231e-01,-6.862343102693557739e-02,-1.352326851338148117e-02,-1.941279880702495575e-02,-1.258702576160430908e-01,-2.293872421432752162e-05,-4.508358612656593323e-02,-4.220127686858177185e-02,7.885842770338058472e-02,-1.558965630829334259e-02,-6.030952557921409607e-02,4.572884738445281982e-02,1.378977447748184204e-01,5.032398179173469543e-02,-9.259199351072311401e-02,6.662006024271249771e-03,-3.471864759922027588e-02,9.295455366373062134e-02,-1.201111972332000732e-01,9.398755431175231934e-02,8.448185026645660400e-02,-8.062529563903808594e-02,2.254471629858016968e-01,1.335233598947525024e-01,2.394748777151107788e-01,-5.767391994595527649e-03,4.230185877531766891e-03,-1.055707260966300964e-01,3.590691089630126953e-02,-1.177696436643600464e-01,5.572219565510749817e-02,-1.209666654467582703e-01,-6.304322928190231323e-02,-5.496045108884572983e-03,-3.943905979394912720e-02,-1.587061434984207153e-01,-1.209837421774864197e-01,9.476100653409957886e-02,-1.503691822290420532e-01,3.201101347804069519e-02,2.703919075429439545e-02
-3.952389955520629883e-02,-1.273546516895294189e-01,1.456287596374750137e-02,-8.968269824981689453e-02,-1.741074621677398682e-01,-2.536295913159847260e-02,2.944930829107761383e-02,-8.388298749923706055e-02,-8.489178121089935303e-02,8.183348178863525391e-02,1.020620092749595642e-01,8.093091845512390137e-02,9.768924117088317871e-02,-3.086979687213897705e-02,-8.406502753496170044e-02,-1.033622175455093384e-01,7.613224536180496216e-02,4.974237456917762756e-02,-1.284154951572418213e-01,7.703369110822677612e-02,1.607752405107021332e-02,-5.271396040916442871e-02,3.227561339735984802e-02,-1.093570590019226074e-01,1.160557419061660767e-01,-1.551015526056289673e-01,-1.456699222326278687e-01,-2.118898928165435791e-01,-1.485323300585150719e-03,3.025370277464389801e-02,5.035593733191490173e-02,3.755638003349304199e-02,-1.257655620574951172e-01,-1.293086707592010498e-01,3.606824902817606926e-03,2.100789546966552734e-01,-1.764870882034301758e-01,-8.129250258207321167e-02,-1.048942282795906067e-01,-1.740710064768791199e-02,4.390056803822517395e-02,3.149257227778434753e-02,-1.117306947708129883e-01,1.485672220587730408e-02,3.372955694794654846e-02,-6.126476917415857315e-03,1.408565938472747803e-01,-9.906735271215438843e-02,7.938066124916076660e-02,-5.808598920702934265e-02,-1.614177227020263672e-01,-7.051278650760650635e-02,-1.103048864752054214e-02,1.803198456764221191e-02,1.023211628198623657e-01,6.812205165624618530e-02,2.037426643073558807e-02,5.884088203310966492e-02,-1.387782394886016846e-01,5.891738459467887878e-02,2.174447923898696899e-01,-1.746339499950408936e-01,-2.466247975826263428e-01,1.151609346270561218e-01,-6.161583587527275085e-03,-3.662761300802230835e-02,-2.733364887535572052e-02,2.136942185461521149e-02,-6.961262319236993790e-03,7.744710892438888550e-02,-1.145164072513580322e-01,5.004234239459037781e-02,9.497340023517608643e-02,-7.258729310706257820e-04,-9.698749333620071411e-02,-1.532215625047683716e-01,7.742369174957275391e-02,-7.441492378711700439e-02,-7.713375147432088852e-03,-6.565122306346893311e-02,6.329405587166547775e-03,4.865376278758049011e-02,6.198763474822044373e-02,-1.808421164751052856e-01,5.688212439417839050e-02,-6.501919031143188477e-02,1.868180632591247559e-01,4.718940705060958862e-02,9.253064543008804321e-02,-1.884512305259704590e-01,1.074997931718826294e-01,-4.326820746064186096e-02,4.741289839148521423e-02,2.971711009740829468e-02,-1.719602644443511963e-01,-1.135245859622955322e-01,1.355092227458953857e-02,-9.391681849956512451e-02,-8.716457337141036987e-02,1.700233817100524902e-01,1.701783202588558197e-02,3.220552951097488403e-02,1.584266722202301025e-01,-1.052390635013580322e-01,6.968026980757713318e-03,3.034307248890399933e-02,-2.703972458839416504e-01,2.275802008807659149e-02,1.232797186821699142e-02,1.463246047496795654e-01,1.938196718692779541e-01,8.691183477640151978e-02,-8.805723488330841064e-02,-2.518160827457904816e-02,6.280788034200668335e-02,3.801027312874794006e-02,1.727147772908210754e-02,-3.957971557974815369e-02,-1.943270303308963776e-02,-4.951611533761024475e-02,2.368697077035903931e-01,-6.250625103712081909e-02,1.317533701658248901e-01,1.626876145601272583e-01,-2.503909170627593994e-02,3.185531497001647949e-02,-8.656097203493118286e-02,9.354346245527267456e-02,5.106209218502044678e-02,1.783242970705032349e-01,-1.956961154937744141e-01,2.104874998331069946e-01,-4.853065311908721924e-02,-4.946609959006309509e-02,-1.533837430179119110e-02,9.666156768798828125e-02,8.921547234058380127e-02,-9.449868649244308472e-02,-1.444741934537887573e-01,6.060999352484941483e-03,-1.071542501449584961e-01,6.378683447837829590e-02,8.397237956523895264e-02,1.787123978137969971e-01,1.822104156017303467e-01,-3.407480567693710327e-02,1.511253714561462402e-01,1.449814140796661377e-01,4.867722839117050171e-02,-7.342180237174034119e-03,1.471926122903823853e-01,-4.018159583210945129e-02,3.487410023808479309e-02,1.141580119729042053e-01,-6.720599532127380371e-02,5.416914075613021851e-02,2.870482020080089569e-02,-7.772374153137207031e-02,-8.269943296909332275e-03,-7.123068720102310181e-02,3.494894877076148987e-02,-3.130003809928894043e-02,1.087464094161987305e-01,-9.617809951305389404e-02,4.102342203259468079e-02,-1.232426688075065613e-01,3.194016218185424805e-02,8.821247145533561707e-03,-2.053785920143127441e-01,6.142129376530647278e-02,9.618718177080154419e-02,6.894219404784962535e-05,6.196383014321327209e-02,6.072174012660980225e-02,-2.357727475464344025e-02,-1.197656989097595215e-01,1.709106713533401489e-01,1.153041794896125793e-01,-1.926656216382980347e-01,2.268545925617218018e-01,-1.041941568255424500e-01,1.537756472826004028e-01,-1.495780944824218750e-01
3.816248103976249695e-02,1.572853140532970428e-02,1.512022912502288818e-01,7.265903055667877197e-02,3.526420518755912781e-02,6.527408212423324585e-02,-1.527654472738504410e-02,1.633131355047225952e-01,-9.475697576999664307e-02,3.951844573020935059e-02,2.646245248615741730e-02,9.285454452037811279e-02,3.338253498077392578e-02,2.535118758678436279e-01,8.002950996160507202e-02,3.188521042466163635e-02,5.784434825181961060e-02,5.617235973477363586e-02,-3.009237162768840790e-02,-1.273639947175979614e-01,1.001412719488143921e-01,1.337864100933074951e-01,-3.865937888622283936e-02,1.397030651569366455e-01,-9.345357120037078857e-02,9.715954959392547607e-02,9.399864077568054199e-02,-1.016652733087539673e-01,-2.995316125452518463e-02,1.584500074386596680e-01,2.018137425184249878e-01,7.580127567052841187e-02,-9.563129395246505737e-02,1.603855639696121216e-01,-3.017079271376132965e-02,-1.117386948317289352e-02,-5.969112366437911987e-02,5.249835923314094543e-02,-1.878372281789779663e-01,4.893002659082412720e-02,7.692509889602661133e-02,-6.691999267786741257e-03,-8.797080069780349731e-02,-4.398017004132270813e-02,-2.392137646675109863e-01,1.056638732552528381e-02,-1.862667202949523926e-01,-1.166258677840232849e-01,4.061310738325119019e-02,-1.205068603157997131e-01,8.613324910402297974e-02,2.748499512672424316e-01,1.202566921710968018e-01,-1.564040184020996094e-01,1.897896081209182739e-01,-5.846722051501274109e-02,1.879600435495376587e-01,-1.334259659051895142e-02,-1.336151063442230225e-01,-9.166818112134933472e-02,-9.115761518478393555e-02,-2.124105580151081085e-02,-4.355402290821075439e-02,5.803912878036499023e-03,-2.673718333244323730e-02,1.020317003130912781e-01,-2.501626014709472656e-01,-2.198858857154846191e-01,-1.525460928678512573e-01,-2.666423283517360687e-02,2.432926930487155914e-02,-3.358683362603187561e-02,9.729159064590930939e-03,1.134789921343326569e-02,3.231068700551986694e-02,-3.716744109988212585e-02,-2.047610282897949219e-02,2.340618222951889038e-01,-1.998634785413742065e-01,-5.434691905975341797e-02,-1.958778686821460724e-02,1.067721396684646606e-01,-6.826260127127170563e-03,-5.891077220439910889e-02,-1.993601918220520020e-01,-7.471077144145965576e-02,4.417866468429565430e-02,1.472201496362686157e-01,-3.737889975309371948e-02,7.543891668319702148e-02,-5.717455595731735229e-02,-1.281254887580871582e-01,-5.172550305724143982e-02,-6.562203913927078247e-02,-1.445201188325881958e-01,-2.101053111255168915e-02,-4.651420935988426208e-02,-5.469187349081039429e-02,1.102175861597061157e-01,3.744303435087203979e-02,-9.116385132074356079e-02,-8.981076627969741821e-02,-7.060310244560241699e-02,1.969110220670700073e-01,8.014455437660217285e-02,1.917669922113418579e-01,-7.521975040435791016e-02,-1.565483957529067993e-01,-2.204846031963825226e-02,9.260626882314682007e-02,-9.734735637903213501e-02,-4.919967427849769592e-02,-1.294943876564502716e-02,4.893593722954392433e-05,-2.647764682769775391e-01,1.989719867706298828e-01,1.476363688707351685e-01,-1.044848375022411346e-02,-5.507995374500751495e-04,-1.063883379101753235e-01,-1.142397522926330566e-01,5.602377653121948242e-02,-2.823168784379959106e-02,-7.760537415742874146e-02,4.761188104748725891e-02,-6.510371714830398560e-02,1.793790161609649658e-01,1.792338639497756958e-01,7.798364013433456421e-02,-6.015192344784736633e-02,5.551227927207946777e-02,7.206787914037704468e-02,-1.000593155622482300e-01,1.838119924068450928e-01,-1.807687431573867798e-01,2.057133428752422333e-02,1.505442615598440170e-02,-8.643963187932968140e-02,-7.488229894079267979e-04,-6.266310811042785645e-02,1.700461655855178833e-01,-6.590212229639291763e-03,5.941583216190338135e-02,1.009740531444549561e-01,-2.420451790094375610e-01,-2.340168133378028870e-02,-4.335460439324378967e-02,-7.498368620872497559e-02,7.534918189048767090e-02,5.393510684370994568e-02,2.304319664835929871e-02,1.944538354873657227e-01,-9.477967768907546997e-02,9.927310049533843994e-02,-2.539215795695781708e-02,-1.602640561759471893e-02,1.598596759140491486e-02,-2.271543815732002258e-02,6.844497472047805786e-02,8.973242342472076416e-02,2.793447673320770264e-02,-9.962618350982666016e-02,-5.631920695304870605e-02,2.465013414621353149e-01,-1.105867698788642883e-01,-2.008031308650970459e-02,3.759824484586715698e-02,-4.835250973701477051e-02,-1.001269370317459106e-01,-6.871204823255538940e-02,-4.887433256953954697e-03,1.231000572443008423e-01,7.609888166189193726e-02,6.729986518621444702e-02,-1.592690497636795044e-01,-5.457305908203125000e-02,-1.424110680818557739e-01,1.092561483383178711e-01,1.243507489562034607e-02,-6.430435460060834885e-03,-8.012689650058746338e-03,2.928064903244376183e-03,6.432390213012695312e-02
-5.671238899230957031e-02,5.663391575217247009e-02,-1.020305454730987549e-01,-8.099687844514846802e-02,1.544189304113388062e-01,-1.157543808221817017e-01,-4.269971325993537903e-02,-1.007433980703353882e-01,1.659683585166931152e-01,-2.935786359012126923e-02,4.151038825511932373e-02,3.970563039183616638e-02,-1.719395965337753296e-01,-2.627218365669250488e-01,-1.524176597595214844e-01,-1.450777798891067505e-01,-9.013589471578598022e-02,-1.401522606611251831e-01,-5.745701491832733154e-02,4.560854658484458923e-02,1.513605415821075439e-01,4.110210761427879333e-02,-3.084035962820053101e-02,-1.181067302823066711e-01,1.507396847009658813e-01,7.410650700330734253e-02,8.120708912611007690e-02,1.391924470663070679e-01,-8.143069595098495483e-02,-5.629884824156761169e-02,2.859573438763618469e-02,4.305417463183403015e-02,-1.813263446092605591e-01,-5.434123426675796509e-02,4.640094563364982605e-02,-2.444112896919250488e-01,-3.770126029849052429e-02,-1.976397782564163208e-01,-9.734588861465454102e-02,-2.800610614940524101e-03,8.977251127362251282e-03,9.226308902725577354e-04,-9.691023826599121094e-02,8.933088928461074829e-02,-3.344846144318580627e-02,-1.851722002029418945e-01,8.669906109571456909e-02,2.302819341421127319e-01,9.060427546501159668e-02,-3.256254270672798157e-02,4.534097760915756226e-02,-3.929743915796279907e-02,1.034474559128284454e-02,-1.358274966478347778e-01,-6.621647626161575317e-02,-1.925200372934341431e-01,-1.246796175837516785e-01,-1.633094996213912964e-01,2.301670610904693604e-02,3.377313539385795593e-02,1.265087276697158813e-01,9.172376245260238647e-02,-1.461784988641738892e-01,-1.584330797195434570e-01,-7.297518849372863770e-02,-1.246223002672195435e-01,-5.386852659285068512e-03,-1.603548079729080200e-01,1.189789995551109314e-01,2.508737742900848389e-01,-1.459150463342666626e-01,1.522050332278013229e-02,-1.041208729147911072e-01,-2.998999506235122681e-02,8.967919647693634033e-02,5.635378137230873108e-02,3.147245198488235474e-02,-3.320683911442756653e-02,2.056530863046646118e-01,5.655337125062942505e-02,5.998950451612472534e-02,-7.885197550058364868e-02,-3.068211488425731659e-02,-1.029812470078468323e-01,3.560712211765348911e-04,-1.693276762962341309e-01,-2.148729413747787476e-01,6.193443387746810913e-02,5.793929845094680786e-02,-6.227633729577064514e-02,1.044373065233230591e-01,1.903487890958786011e-01,6.762299686670303345e-02,9.785045683383941650e-02,-4.561235755681991577e-02,8.394568413496017456e-02,-6.769349426031112671e-02,2.319268137216567993e-02,-9.112364798784255981e-02,1.072128769010305405e-02,-8.130871504545211792e-02,1.265729218721389771e-01,-3.767168521881103516e-02,2.618007920682430267e-02,-4.964081943035125732e-02,-1.033631116151809692e-01,6.124070659279823303e-02,-2.827245974913239479e-03,6.422057002782821655e-02,-6.727692484855651855e-02,-5.479921400547027588e-02,4.694977775216102600e-03,1.061984822154045105e-01,1.084846332669258118e-01,-9.619832783937454224e-02,-8.920457214117050171e-02,-2.832639263942837715e-03,5.727308988571166992e-02,1.450478285551071167e-01,2.162520959973335266e-02,-1.432219147682189941e-01,4.340921342372894287e-02,-2.323987036943435669e-01,-3.785212710499763489e-02,-1.118922084569931030e-01,1.152151674032211304e-01,2.228468805551528931e-01,-8.280999958515167236e-03,1.418666727840900421e-02,1.023440584540367126e-01,-1.409393996000289917e-01,-4.468915984034538269e-02,1.798816211521625519e-02,1.164480596780776978e-01,5.251773446798324585e-02,-1.923310197889804840e-02,-2.812252938747406006e-02,2.436641417443752289e-02,1.980230361223220825e-01,-2.228357456624507904e-02,-6.212462857365608215e-02,9.072842448949813843e-02,5.571316927671432495e-02,1.944788843393325806e-01,-8.030452579259872437e-02,-1.652291603386402130e-02,-5.021438747644424438e-02,5.109732970595359802e-02,1.746175587177276611e-01,-1.395516395568847656e-01,1.659229397773742676e-02,1.539124269038438797e-02,-3.339572623372077942e-02,-6.007578689604997635e-03,1.091593876481056213e-01,-4.617299139499664307e-02,1.743134409189224243e-01,1.506931930780410767e-01,2.161500304937362671e-01,-4.067698121070861816e-02,-1.305573582649230957e-01,4.899074509739875793e-02,-6.645062565803527832e-02,3.705090656876564026e-02,4.442164674401283264e-02,-4.271933436393737793e-02,5.669883266091346741e-02,8.548446744680404663e-02,7.117909379303455353e-03,-5.306098237633705139e-02,1.342453062534332275e-01,2.234643101692199707e-01,-6.299225986003875732e-02,1.978307776153087616e-02,-9.844374656677246094e-02,-3.908327594399452209e-02,-6.045453250408172607e-02,-9.462345391511917114e-02,1.460653245449066162e-01,7.075926661491394043e-02,9.466787427663803101e-02,-1.636049002408981323e-01,-7.992422580718994141e-02
2.352739125490188599e-01,-5.127682909369468689e-02,-6.515344977378845215e-02,-2.511678077280521393e-02,-1.259813755750656128e-01,3.145889192819595337e-02,-1.166121382266283035e-02,1.192820072174072266e-01,-8.257289975881576538e-02,-8.319021761417388916e-02,2.524545602500438690e-02,4.317780956625938416e-02,-7.634476572275161743e-02,-7.755181193351745605e-02,-9.327647089958190918e-02,1.393111348152160645e-01,-4.206965118646621704e-02,9.020371735095977783e-02,-1.594105809926986694e-01,-2.082754075527191162e-01,-1.372932344675064087e-01,-7.337657362222671509e-02,2.374518197029829025e-03,2.504285275936126709e-01,-3.849583119153976440e-02,-4.235354438424110413e-02,1.744044721126556396e-01,1.806991845369338989e-01,7.975463569164276123e-02,1.988337486982345581e-01,-5.369089171290397644e-02,-5.216291919350624084e-02,1.242683902382850647e-01,3.231067061424255371e-01,8.715353161096572876e-02,1.925352364778518677e-01,6.878310441970825195e-02,6.740938872098922729e-03,-4.355937242507934570e-02,-1.415987759828567505e-01,-1.814664453268051147e-01,-1.786702871322631836e-01,-9.626618027687072754e-02,-9.785136580467224121e-02,9.674534201622009277e-02,2.911613089963793755e-03,-1.850952953100204468e-01,-3.459709510207176208e-02,-1.308251172304153442e-01,-4.918284714221954346e-02,-8.394843339920043945e-02,-4.166266694664955139e-02,-1.551157683134078979e-01,-1.495721340179443359e-01,-2.156685292720794678e-02,5.202598497271537781e-02,1.073851287364959717e-01,3.659445419907569885e-02,7.030417025089263916e-02,1.192251802422106266e-03,1.231753453612327576e-01,1.426716744899749756e-01,5.813537165522575378e-02,3.303948044776916504e-02,-9.312067925930023193e-02,2.505965717136859894e-02,-2.347328513860702515e-02,2.771819569170475006e-02,-2.796878665685653687e-02,-1.191166043281555176e-01,-9.716896712779998779e-02,-3.913770616054534912e-02,1.771439909934997559e-01,-1.137416111305356026e-03,-1.375892460346221924e-01,-1.367934942245483398e-01,-6.253347545862197876e-02,-1.250759661197662354e-01,8.464433997869491577e-02,1.306908875703811646e-01,3.750876709818840027e-02,7.883783429861068726e-02,7.507775723934173584e-02,-6.977729499340057373e-02,2.218226194381713867e-01,1.160882264375686646e-01,1.813435256481170654e-01,8.594507724046707153e-02,-4.982741083949804306e-03,-8.089239150285720825e-02,-1.586692631244659424e-01,1.618548631668090820e-01,2.482990967109799385e-03,7.053630053997039795e-02,-1.528258714824914932e-02,-8.164992928504943848e-02,-2.770387530326843262e-01,-1.566757559776306152e-01,2.114069461822509766e-02,1.026023253798484802e-01,1.754906922578811646e-01,5.600822716951370239e-02,-2.749376296997070312e-01,-7.647607475519180298e-03,1.010265871882438660e-01,-7.809012662619352341e-03,-6.386501714587211609e-03,-3.283287584781646729e-02,-1.172814071178436279e-01,1.446707993745803833e-01,-1.428686529397964478e-01,-7.725811563432216644e-03,-5.720935761928558350e-02,7.332774344831705093e-03,6.829577684402465820e-02,4.358410462737083435e-02,-9.165538847446441650e-02,-4.399929195642471313e-02,6.668604165315628052e-02,4.358357191085815430e-02,2.113401591777801514e-01,1.514246221631765366e-02,2.188596874475479126e-01,1.903134584426879883e-02,-7.783625274896621704e-02,-9.978099912405014038e-02,-4.038684815168380737e-02,-6.986634433269500732e-02,2.094729542732238770e-01,-6.543634086847305298e-02,1.144011318683624268e-01,5.795074254274368286e-02,1.314307004213333130e-01,-1.154256612062454224e-01,-1.967907696962356567e-02,1.667793989181518555e-01,1.351082175970077515e-01,4.910961538553237915e-02,9.237331897020339966e-02,-1.156553030014038086e-01,1.019385159015655518e-01,4.368510469794273376e-02,1.323445588350296021e-01,-1.165786907076835632e-01,1.934784464538097382e-02,8.305313438177108765e-02,1.548891142010688782e-02,1.315475702285766602e-01,-9.044574946165084839e-02,4.473487846553325653e-03,1.525173485279083252e-01,2.995575964450836182e-02,1.563238948583602905e-01,1.132873892784118652e-01,-7.375001907348632812e-02,2.539945840835571289e-01,6.560282409191131592e-02,1.413981467485427856e-01,9.307636320590972900e-02,9.290518611669540405e-02,-1.486609317362308502e-02,8.605355024337768555e-02,-6.568966805934906006e-02,4.424389451742172241e-02,3.193428367376327515e-02,1.126640513539314270e-01,9.562194347381591797e-02,1.588309854269027710e-01,-3.886825963854789734e-02,4.708950594067573547e-02,-8.357742428779602051e-02,7.935828715562820435e-02,5.156391859054565430e-02,-2.390966564416885376e-02,1.200936213135719299e-01,7.526838034391403198e-02,9.283340722322463989e-02,1.442042440176010132e-01,-2.566590718924999237e-02,5.586082860827445984e-02,1.971142739057540894e-01,1.960493475198745728e-01,8.079712837934494019e-02
2.068279236555099487e-01,3.763737976551055908e-01,4.670413434505462646e-01,1.618426293134689331e-01,2.769213914871215820e-02,3.050569444894790649e-02,-6.887155584990978241e-03,-6.862673908472061157e-02,4.495241492986679077e-02,-2.650705911219120026e-02,2.212093770503997803e-01,6.606786251068115234e-01,6.792925000190734863e-01,5.965322256088256836e-01,5.350915789604187012e-01,4.580605030059814453e-01,3.625839948654174805e-01,3.931448757648468018e-01,2.144793570041656494e-01,1.738003641366958618e-01,3.209026455879211426e-01,2.039192467927932739e-01,-3.559063374996185303e-01,1.160561665892601013e-01,3.900579810142517090e-01,5.308865308761596680e-01,2.104244083166122437e-01,-1.366018205881118774e-01,8.578463643789291382e-02,-1.734696142375469208e-02,-5.190015211701393127e-02,4.378817044198513031e-03,-3.549544513225555420e-02,2.060430645942687988e-01,6.669316291809082031e-01,8.907305002212524414e-01,7.788076996803283691e-01,7.792609930038452148e-01,6.966623067855834961e-01,9.042072296142578125e-01,8.777531981468200684e-01,6.165973544120788574e-01,4.856609404087066650e-01,4.415576756000518799e-01,4.964930713176727295e-01,3.090333938598632812e-01,1.444631665945053101e-01,-1.581318862736225128e-02,2.122303470969200134e-02,7.224127650260925293e-02,-6.870991736650466919e-02,-5.091589316725730896e-02,4.674196988344192505e-02,1.101479530334472656e-01,8.922535926103591919e-02,1.675476203672587872e-03,2.242858707904815674e-02,1.744986511766910553e-02,-6.257857382297515869e-02,-2.681651525199413300e-02,1.282963752746582031e-01,4.331767559051513672e-02,1.090019345283508301e-01,-1.663634777069091797e-01,-1.875899285078048706e-01,-3.780962824821472168e-01,-1.147047206759452820e-01,-2.217446863651275635e-01,-1.560366898775100708e-02,-2.416319772601127625e-02,-5.875921994447708130e-02,-2.312658876180648804e-01,-5.103302374482154846e-02,3.266355767846107483e-02,-3.896712884306907654e-02,4.329620394855737686e-03,-3.103510476648807526e-02,-6.630021333694458008e-02,-3.054276704788208008e-01,-2.487078607082366943e-01,-1.128262374550104141e-02,-4.870707541704177856e-02,-4.875393211841583252e-02,-7.286412268877029419e-02,6.473112106323242188e-02,-1.467422023415565491e-02,-1.757310703396797180e-02,6.507351994514465332e-02,-2.117786109447479248e-01,-8.804550766944885254e-02,-2.793453074991703033e-02,-2.901668846607208252e-02,8.280386030673980713e-02,-2.647487819194793701e-02,-8.245205506682395935e-03,-3.947257623076438904e-02,-1.057176366448402405e-01,4.837183281779289246e-02,1.740472274832427502e-03,-1.125975325703620911e-01,2.017780095338821411e-01,-4.120058938860893250e-02,2.248052358627319336e-01,-4.967011511325836182e-03,1.228585317730903625e-01,-4.884713888168334961e-02,8.225570619106292725e-02,8.451019972562789917e-02,-1.460128575563430786e-01,3.573482483625411987e-02,4.291105270385742188e-02,-9.330393373966217041e-02,-1.642402857542037964e-01,-6.050766259431838989e-02,-1.373144239187240601e-01,-9.751893579959869385e-02,-1.526344418525695801e-01,5.325625464320182800e-02,-5.588813498616218567e-02,-1.303742825984954834e-01,-2.111597731709480286e-02,-5.323753878474235535e-02,-2.135363370180130005e-01,-1.280526816844940186e-01,-1.376273930072784424e-01,-3.069780766963958740e-01,-2.112519294023513794e-01,1.789627131074666977e-03,-2.686516046524047852e-01,-1.527399569749832153e-01,-1.898082047700881958e-01,-1.419822126626968384e-01,-2.969873249530792236e-01,-1.034536585211753845e-01,-2.742914669215679169e-02,-2.415507733821868896e-01,-2.543891072273254395e-01,-1.188062131404876709e-01,1.252135168761014938e-02,-1.900857090950012207e-01,-2.454992830753326416e-01,-1.154286637902259827e-01,-4.740195721387863159e-02,-2.743123471736907959e-01,-1.282236725091934204e-01,-1.851757019758224487e-01,-2.199371755123138428e-01,-2.490833997726440430e-01,-2.661981284618377686e-01,-2.152993828058242798e-01,-1.614848226308822632e-01,-7.733552157878875732e-02,-1.833635866641998291e-01,-1.557814478874206543e-01,-1.428505778312683105e-01,-1.796769499778747559e-01,-1.566397994756698608e-01,-1.704040616750717163e-01,-1.146769672632217407e-01,-3.292616307735443115e-01,-1.046874299645423889e-01,-1.453521102666854858e-01,1.063476502895355225e-01,-2.858192622661590576e-01,-2.088629454374313354e-01,-1.188462525606155396e-01,-7.215946167707443237e-02,-1.657289713621139526e-01,-5.453133583068847656e-02,-1.390942782163619995e-01,-1.011006832122802734e-01,-6.852699816226959229e-02,-2.107506245374679565e-01,-1.246099323034286499e-01,-1.368035823106765747e-01,-1.187458559870719910e-01,-1.080366000533103943e-01,-2.911683320999145508e-01,-1.704615056514739990e-01,-1.827636063098907471e-01,-2.282005995512008667e-01,-1.664967983961105347e-01,-1.947949081659317017e-01
-4.113209620118141174e-02,-4.529587924480438232e-02,5.539048463106155396e-02,3.133822605013847351e-02,8.328667841851711273e-03,5.945748463273048401e-02,1.269306689500808716e-01,7.639758288860321045e-03,4.419367015361785889e-02,-2.683516219258308411e-02,-2.688733637332916260e-01,-2.912242412567138672e-01,-2.467278540134429932e-01,-5.455002561211585999e-02,-6.525129824876785278e-02,-2.084025591611862183e-01,-5.806783586740493774e-02,-1.957953125238418579e-01,-6.966550648212432861e-02,9.186206012964248657e-02,-1.336024105548858643e-01,4.246229678392410278e-02,1.049642264842987061e-01,1.185605674982070923e-01,1.559381633996963501e-01,-6.856212019920349121e-02,-1.288776937872171402e-02,2.264072746038436890e-01,5.567076429724693298e-02,2.359279096126556396e-01,-1.988649666309356689e-01,-4.747310653328895569e-02,2.861272357404232025e-02,-4.601268097758293152e-02,-2.248343974351882935e-01,-2.178050428628921509e-01,-6.436759233474731445e-02,-3.750406503677368164e-01,-1.139503046870231628e-01,-1.247952803969383240e-01,-1.432310193777084351e-01,-7.058954983949661255e-02,8.520112186670303345e-02,6.869516521692276001e-02,9.652645885944366455e-02,1.065007969737052917e-01,5.613837391138076782e-02,1.080946400761604309e-01,-1.443032175302505493e-02,2.635409310460090637e-02,-2.634641528129577637e-01,-1.150807142257690430e-01,-1.479900181293487549e-01,-4.085023105144500732e-01,-9.024435281753540039e-02,-2.887238562107086182e-01,-1.812084019184112549e-01,-3.321444988250732422e-01,-1.189742237329483032e-01,9.406684339046478271e-02,1.551966667175292969e-01,1.135043893009424210e-02,-1.942578889429569244e-02,1.253602057695388794e-01,1.306681782007217407e-01,1.595985889434814453e-01,4.527604207396507263e-02,1.323979496955871582e-01,5.204095318913459778e-02,-8.204253017902374268e-02,1.671133786439895630e-01,2.602608501911163330e-02,1.056898012757301331e-01,7.402214407920837402e-02,1.664388179779052734e-01,-3.142923861742019653e-02,-7.784178853034973145e-02,1.383112277835607529e-02,2.195499688386917114e-01,4.059434831142425537e-01,-1.101415976881980896e-01,9.634467214345932007e-02,1.595635116100311279e-01,1.306639164686203003e-01,-1.879837363958358765e-02,1.027518585324287415e-01,8.616867661476135254e-02,1.261665206402540207e-02,1.444305181503295898e-01,2.178913950920104980e-01,7.665118575096130371e-02,2.869716472923755646e-02,1.742215156555175781e-01,1.656873226165771484e-01,2.002400159835815430e-01,2.147757560014724731e-01,1.420420110225677490e-01,9.830556064844131470e-02,2.325176261365413666e-02,6.589674949645996094e-02,1.417622417211532593e-01,1.818604916334152222e-01,1.114083901047706604e-01,5.542008206248283386e-03,2.547214627265930176e-01,2.484564669430255890e-02,9.122004359960556030e-02,2.879898622632026672e-02,2.302492037415504456e-02,1.980517208576202393e-01,3.665020689368247986e-02,1.786181330680847168e-01,9.993078559637069702e-02,-7.161109149456024170e-02,7.949555665254592896e-02,1.226368620991706848e-01,2.491461858153343201e-02,-2.764300629496574402e-02,1.245704293251037598e-02,1.510725468397140503e-01,9.527359157800674438e-03,-5.796507000923156738e-02,6.053071841597557068e-02,1.294091530144214630e-02,9.562259539961814880e-03,-5.559618771076202393e-02,-4.069263488054275513e-02,8.671124279499053955e-02,-6.461822241544723511e-02,-2.101110816001892090e-01,3.506202250719070435e-02,-1.874896325170993805e-02,1.707293987274169922e-01,-6.072993949055671692e-02,5.368080362677574158e-02,6.484269350767135620e-02,7.503825426101684570e-02,2.335572615265846252e-02,6.581236422061920166e-02,5.557058379054069519e-02,4.822107776999473572e-02,5.907450616359710693e-02,-1.394308172166347504e-02,7.218238711357116699e-02,-7.940612733364105225e-02,4.695644229650497437e-02,8.069042861461639404e-02,5.418669059872627258e-02,-1.731571555137634277e-01,-2.068608999252319336e-01,-2.062426880002021790e-03,-3.923615813255310059e-02,-9.126958250999450684e-02,-4.195478931069374084e-02,-1.409749388694763184e-01,-1.958433389663696289e-01,1.952850288944318891e-04,4.183593392372131348e-02,-7.355488091707229614e-02,-3.962649777531623840e-02,9.994700551033020020e-02,4.383261315524578094e-03,1.751670800149440765e-02,5.443362146615982056e-02,-3.726582974195480347e-02,1.010857596993446350e-01,-5.606064572930335999e-02,-1.547369454056024551e-02,-1.353844255208969116e-01,-5.344021692872047424e-02,-4.011244978755712509e-03,-4.259501770138740540e-02,1.158395260572433472e-01,-1.028499454259872437e-01,7.276427745819091797e-02,-1.216042190790176392e-01,1.581168471602723002e-04,1.462542824447154999e-02,1.437202841043472290e-01,-1.444902177900075912e-02,1.574921905994415283e-01,1.267833709716796875e-01,3.479431383311748505e-03
1.602115482091903687e-02,1.099733859300613403e-01,-6.161529570817947388e-02,-1.095300018787384033e-01,1.172794997692108154e-01,2.838934585452079773e-02,-1.029432937502861023e-01,4.809882119297981262e-02,1.218191161751747131e-01,5.242966488003730774e-02,-3.085046075284481049e-02,2.523955330252647400e-02,2.200978808104991913e-02,4.545660316944122314e-02,1.082024648785591125e-01,4.917382262647151947e-03,6.989588588476181030e-02,9.407965838909149170e-02,-1.242661252617835999e-01,4.786491766571998596e-02,-9.540577977895736694e-02,-9.810999780893325806e-02,-9.093543887138366699e-02,-1.503794491291046143e-01,1.196822226047515869e-01,2.048515342175960541e-02,-2.042323350906372070e-01,3.668554872274398804e-02,-3.523561358451843262e-02,2.314577065408229828e-02,1.454356759786605835e-01,3.109562024474143982e-02,-1.345004141330718994e-02,3.728314861655235291e-02,-1.203133091330528259e-01,1.215521320700645447e-01,-1.573593318462371826e-01,-5.766981467604637146e-02,5.367394536733627319e-02,-2.286706306040287018e-02,-2.670880854129791260e-01,-7.580687105655670166e-02,-6.891077756881713867e-02,7.091652601957321167e-02,9.902534633874893188e-02,3.930734470486640930e-03,-4.589860141277313232e-02,1.396497637033462524e-01,2.390669891610741615e-03,1.720078736543655396e-01,2.883242666721343994e-01,1.121335774660110474e-01,-1.120729818940162659e-01,1.687189936637878418e-01,4.679358005523681641e-02,1.268220990896224976e-01,9.996521472930908203e-02,-1.691578477621078491e-01,5.227445624768733978e-03,2.675103247165679932e-01,-1.766942441463470459e-01,-3.020945936441421509e-02,-1.690361499786376953e-01,6.817292422056198120e-02,5.053265765309333801e-02,1.451208069920539856e-02,3.153115138411521912e-02,7.581502199172973633e-02,-2.043495327234268188e-01,-1.221513375639915466e-02,2.710465341806411743e-02,-1.449541449546813965e-01,-3.190233930945396423e-02,-3.057438693940639496e-02,6.138324737548828125e-02,-1.333118677139282227e-01,-9.956588037312030792e-04,3.475052118301391602e-02,-9.091598540544509888e-02,8.687023818492889404e-02,-2.241591736674308777e-02,2.911427244544029236e-02,-1.385408043861389160e-01,-1.170582324266433716e-01,-2.013656497001647949e-01,-1.363815814256668091e-01,2.533820085227489471e-02,-1.275367587804794312e-01,-1.331516355276107788e-01,-1.430622022598981857e-02,-5.068364366888999939e-02,1.606032997369766235e-01,1.420474424958229065e-02,-6.357449293136596680e-02,7.505182176828384399e-02,-6.787637621164321899e-02,-8.072128146886825562e-02,1.666961796581745148e-02,-5.587436258792877197e-02,-6.699720025062561035e-02,-6.838221848011016846e-02,1.583291590213775635e-01,9.488233923912048340e-02,-1.618733815848827362e-02,-2.939352951943874359e-02,-4.753753019031137228e-04,1.532345712184906006e-01,6.121794506907463074e-02,-2.189919799566268921e-01,-3.898612037301063538e-02,-1.006036996841430664e-01,-4.047884792089462280e-02,-3.582368791103363037e-02,4.111417010426521301e-02,-1.085794493556022644e-01,1.431426256895065308e-01,7.274676859378814697e-02,-1.307531297206878662e-01,-6.386189907789230347e-02,-2.130822278559207916e-02,6.985493749380111694e-02,1.551512777805328369e-01,-8.247050642967224121e-02,2.744568139314651489e-02,1.900546997785568237e-02,6.878631561994552612e-02,1.300332099199295044e-01,4.877055995166301727e-03,-4.878957197070121765e-02,-4.549964796751737595e-03,-1.948722153902053833e-01,8.540310896933078766e-03,2.232830673456192017e-01,-4.252170771360397339e-02,2.700522169470787048e-02,9.897814691066741943e-02,-1.115575283765792847e-01,1.817514300346374512e-01,-3.154391050338745117e-02,-2.325361780822277069e-02,6.732453405857086182e-02,3.676332905888557434e-02,7.438543438911437988e-02,3.867191821336746216e-02,2.724043838679790497e-02,-1.459304243326187134e-01,7.828293740749359131e-02,1.004797816276550293e-01,-8.131381869316101074e-02,-6.438248604536056519e-02,-6.084194779396057129e-02,1.617349237203598022e-01,-5.626786500215530396e-03,-1.483490467071533203e-01,5.866547673940658569e-02,-3.759456798434257507e-02,1.735826283693313599e-01,1.539735198020935059e-01,-1.099739298224449158e-01,1.470328569412231445e-01,-1.086749285459518433e-01,-2.278707921504974365e-02,-3.574218973517417908e-02,-1.826822012662887573e-01,1.113058626651763916e-02,1.358072645962238312e-02,-5.953865870833396912e-02,-3.464449197053909302e-02,4.998123273253440857e-02,-4.983380064368247986e-02,-9.334219247102737427e-02,-1.710205674171447754e-01,-1.873238533735275269e-01,5.937347561120986938e-02,1.834156811237335205e-01,2.115855664014816284e-01,4.069485142827033997e-02,1.027405336499214172e-01,2.674939334392547607e-01,-1.007851585745811462e-01,-1.958363130688667297e-02,1.045152097940444946e-01,2.018138952553272247e-02
-1.173786595463752747e-01,4.953818861395120621e-03,-2.047804296016693115e-01,-6.136118620634078979e-02,-3.703733682632446289e-01,-3.564291894435882568e-01,-1.557378917932510376e-01,-2.908911556005477905e-02,6.177973002195358276e-02,-9.481620788574218750e-02,-1.243791952729225159e-01,-3.604966700077056885e-01,-1.111068651080131531e-01,-1.472202409058809280e-02,-4.783642292022705078e-02,-6.101546064019203186e-02,-1.275628954172134399e-01,-3.487240374088287354e-01,1.448854804039001465e-01,-2.918336167931556702e-02,9.273554384708404541e-02,6.059559807181358337e-02,1.298762261867523193e-01,1.366555243730545044e-01,2.432791143655776978e-01,2.417143993079662323e-02,6.468752771615982056e-02,8.719014376401901245e-02,5.648793652653694153e-02,-9.976542741060256958e-02,8.651483058929443359e-02,-4.481453448534011841e-03,5.536802858114242554e-02,-6.872781366109848022e-02,4.461763054132461548e-02,-4.100925847887992859e-02,-2.376864291727542877e-02,-1.736916601657867432e-01,-9.416968375444412231e-02,-1.368712484836578369e-01,-2.278342396020889282e-01,-1.439702957868576050e-01,-2.188705950975418091e-01,-1.886864006519317627e-02,-2.780847847461700439e-01,-3.786883354187011719e-01,-8.853249251842498779e-02,-1.245547309517860413e-01,-3.102482110261917114e-02,1.713914982974529266e-02,-5.965867638587951660e-02,-1.729940623044967651e-01,-1.791146397590637207e-02,9.525852650403976440e-02,3.213299438357353210e-02,-1.049325764179229736e-01,2.272840589284896851e-01,4.773090779781341553e-02,2.444342523813247681e-02,4.651617258787155151e-02,1.523776799440383911e-01,1.027207002043724060e-01,1.605398803949356079e-01,-1.203062459826469421e-01,1.913032531738281250e-01,8.951576799154281616e-02,3.341490328311920166e-01,5.819255113601684570e-02,1.840042620897293091e-01,6.659944355487823486e-02,7.651313394308090210e-02,7.885821908712387085e-02,-7.500333338975906372e-02,1.153384055942296982e-02,-8.068656921386718750e-02,4.007001593708992004e-02,-7.224604487419128418e-02,-1.337197124958038330e-01,-6.682935636490583420e-04,-3.868656978011131287e-02,1.064543724060058594e-01,-1.856128722429275513e-01,-1.937050223350524902e-01,-1.525980141013860703e-02,-1.669261232018470764e-02,-1.532072275876998901e-01,-2.335397154092788696e-01,4.543710500001907349e-02,-1.812915131449699402e-02,1.341099143028259277e-01,-1.426494568586349487e-01,-6.130881235003471375e-02,8.174567483365535736e-03,-1.299999654293060303e-01,2.664732635021209717e-01,1.407960057258605957e-01,-1.233702898025512695e-01,-2.289501950144767761e-02,-6.173347309231758118e-02,-1.626012772321701050e-01,1.312362104654312134e-01,3.133049234747886658e-02,-1.660306900739669800e-01,-2.088470458984375000e-01,-9.672436118125915527e-02,-1.056790128350257874e-01,-5.066924169659614563e-02,1.277520135045051575e-02,-1.072024852037429810e-01,2.804214507341384888e-02,-2.982561103999614716e-02,3.305034711956977844e-02,4.555219411849975586e-02,1.497718691825866699e-01,-1.346749663352966309e-01,-1.519224792718887329e-01,-1.224635019898414612e-01,-1.351106464862823486e-01,-4.547302797436714172e-02,7.262343913316726685e-02,-4.719310998916625977e-02,2.264176122844219208e-02,-1.208234727382659912e-01,-8.241224288940429688e-02,-9.028050303459167480e-02,2.480513416230678558e-02,1.095648505724966526e-03,9.393703192472457886e-02,-7.091134041547775269e-02,7.436350733041763306e-02,1.097842007875442505e-01,-3.211585059762001038e-02,5.525107309222221375e-02,1.030297651886940002e-01,-5.086592212319374084e-02,1.133831068873405457e-01,1.851849555969238281e-01,-1.794964224100112915e-01,4.621439799666404724e-02,-7.805507630109786987e-02,-1.074298918247222900e-01,-8.140516281127929688e-02,-1.394297648221254349e-02,3.297390788793563843e-02,-9.468004107475280762e-02,9.880557656288146973e-02,1.171237751841545105e-01,6.115300953388214111e-02,4.092713445425033569e-02,-1.152545809745788574e-01,-1.219130605459213257e-01,1.300286054611206055e-01,1.295593529939651489e-01,-9.681299328804016113e-03,2.026955187320709229e-01,-3.796853870153427124e-02,-6.504843384027481079e-02,9.732042253017425537e-02,7.816046476364135742e-02,-1.577512733638286591e-02,9.572996757924556732e-03,-5.197970196604728699e-02,-9.453298896551132202e-02,-1.304574161767959595e-01,8.321399241685867310e-02,1.030108705163002014e-01,1.009087413549423218e-01,2.643715962767601013e-02,-5.284891650080680847e-02,-1.276157703250646591e-02,-9.278167784214019775e-02,1.418147087097167969e-01,-7.407645229250192642e-03,9.297423064708709717e-02,4.446702450513839722e-02,1.306279152631759644e-01,2.023769915103912354e-01,1.365743726491928101e-01,-9.643652476370334625e-03,3.344868496060371399e-02,-6.463826168328523636e-03,2.738734893500804901e-02,-7.933948934078216553e-02
-4.640642553567886353e-02,3.489049151539802551e-02,-4.480841010808944702e-02,-8.184428513050079346e-02,-6.491328030824661255e-02,6.819839775562286377e-02,1.334081739187240601e-01,4.325464367866516113e-02,1.040225401520729065e-01,-2.165861800312995911e-02,4.855230823159217834e-02,3.971142694354057312e-02,-1.744910180568695068e-01,-1.425745058804750443e-02,-2.716214768588542938e-02,-1.634071469306945801e-01,1.090786885470151901e-02,-1.407732954248785973e-03,-3.923414647579193115e-02,6.677194684743881226e-02,7.340295612812042236e-02,4.791083931922912598e-02,7.676769047975540161e-02,2.639414668083190918e-01,3.117121458053588867e-01,3.132376074790954590e-02,6.431319564580917358e-02,1.723639480769634247e-02,4.069870337843894958e-02,-1.544027123600244522e-02,8.904181420803070068e-02,9.504260867834091187e-02,-9.944196790456771851e-02,1.590563356876373291e-02,3.086627423763275146e-01,1.063677221536636353e-01,4.138900339603424072e-02,1.215364970266819000e-02,3.180737607181072235e-03,-1.470174491405487061e-01,-9.979215264320373535e-02,-3.772893920540809631e-02,-4.341528937220573425e-02,-6.271092221140861511e-03,-4.237998723983764648e-01,-2.116263657808303833e-01,-5.022921785712242126e-02,-6.406420469284057617e-02,-5.970444157719612122e-02,2.803403325378894806e-02,9.369093179702758789e-02,-1.633748263120651245e-01,-5.100090429186820984e-02,-3.992031887173652649e-02,-1.218745484948158264e-01,-1.870360821485519409e-01,-3.966148793697357178e-01,-3.028013706207275391e-01,-1.839211285114288330e-01,-1.857455074787139893e-01,8.933861553668975830e-02,1.460948288440704346e-01,3.934767097234725952e-02,-1.116906944662332535e-02,8.498684316873550415e-02,1.685791015625000000e-01,1.630869507789611816e-01,1.872288137674331665e-01,2.528452277183532715e-01,9.405475854873657227e-02,1.634076088666915894e-01,1.629756093025207520e-01,6.250259280204772949e-02,1.231473754160106182e-03,9.643784910440444946e-02,1.210733652114868164e-01,6.304839253425598145e-02,-1.293637156486511230e-01,-8.986724168062210083e-02,3.721026331186294556e-02,-7.872022688388824463e-02,-1.901044324040412903e-02,-3.494077827781438828e-03,2.525520138442516327e-02,-2.228447236120700836e-02,2.219529896974563599e-01,7.512899488210678101e-02,2.088959068059921265e-01,-3.142235428094863892e-02,-6.195385754108428955e-02,1.626490056514739990e-02,2.159828878939151764e-02,-4.046162217855453491e-02,6.293822824954986572e-02,9.324499964714050293e-02,-1.358110010623931885e-01,-1.371266245841979980e-01,-4.710822924971580505e-02,-3.411816805601119995e-02,1.057984754443168640e-01,7.917555421590805054e-02,-1.567802578210830688e-01,-1.285803597420454025e-02,1.215334236621856689e-01,1.101068593561649323e-02,1.981440484523773193e-01,-4.769009351730346680e-02,-1.438693106174468994e-01,-3.582300245761871338e-02,1.736658960580825806e-01,-1.552495826035737991e-02,-2.148070558905601501e-02,-6.356939673423767090e-02,1.500927656888961792e-01,-1.075884029269218445e-01,2.061931192874908447e-01,5.093203857541084290e-02,1.444072742015123367e-02,5.469645559787750244e-02,5.631127394735813141e-03,6.521470099687576294e-02,1.872193217277526855e-01,-1.373447664082050323e-02,-1.313945371657609940e-02,4.044229909777641296e-02,-1.089654862880706787e-02,-1.173069551587104797e-01,-3.200867399573326111e-02,2.729893103241920471e-02,9.885495901107788086e-02,-1.703190952539443970e-01,-7.796982675790786743e-02,-1.873355656862258911e-01,-1.208674088120460510e-01,7.734014093875885010e-02,2.095919661223888397e-02,4.093317687511444092e-02,1.514389365911483765e-01,-3.423419967293739319e-02,-5.474770814180374146e-02,-5.171748250722885132e-02,8.492871187627315521e-03,-5.101646110415458679e-02,1.987843811511993408e-01,-8.018326014280319214e-02,1.887043192982673645e-02,-8.468604832887649536e-02,-3.169011697173118591e-02,5.414785072207450867e-02,-1.214350983500480652e-01,4.258554056286811829e-02,1.260002404451370239e-01,-1.397277414798736572e-02,4.873741790652275085e-02,-1.900154799222946167e-01,2.266531065106391907e-02,5.832025781273841858e-02,1.821536757051944733e-02,7.771392911672592163e-02,-5.216227471828460693e-02,5.687129870057106018e-02,-2.231432199478149414e-01,2.927370369434356689e-02,-1.770240217447280884e-01,7.195727527141571045e-02,5.408395081758499146e-02,1.401707828044891357e-01,-6.179491803050041199e-02,6.331897526979446411e-02,-1.603221893310546875e-01,1.273980140686035156e-01,-9.121239185333251953e-02,-2.084388136863708496e-01,-1.461606379598379135e-02,-7.322503626346588135e-02,1.752413362264633179e-01,1.484886109828948975e-01,2.479595839977264404e-01,7.518751174211502075e-02,-9.820203483104705811e-02,-5.007886514067649841e-02,-1.585864275693893433e-02,-1.069667041301727295e-01
-4.933740198612213135e-02,9.685251116752624512e-02,-1.281961202621459961e-01,-3.141973912715911865e-02,-3.696446865797042847e-02,-3.865186870098114014e-02,2.063066698610782623e-02,1.026988402009010315e-01,-1.696595251560211182e-01,5.570754408836364746e-02,-1.390360444784164429e-01,-1.425929926335811615e-02,-1.218524351716041565e-01,5.283369123935699463e-02,-2.608445286750793457e-01,6.837605684995651245e-02,1.516871452331542969e-01,-5.132013931870460510e-02,2.897359430789947510e-02,1.712845563888549805e-01,6.661520153284072876e-02,1.124441251158714294e-01,9.185549616813659668e-02,6.478759925812482834e-03,-1.769686788320541382e-01,-1.703605800867080688e-01,3.905507922172546387e-02,-7.713409606367349625e-03,-7.060532271862030029e-02,-7.049652934074401855e-02,1.163206845521926880e-01,-8.317629992961883545e-02,5.297481268644332886e-02,8.576626889407634735e-03,1.669657379388809204e-01,-1.011560186743736267e-01,-2.031655460596084595e-01,-4.166802857071161270e-03,1.325340103358030319e-02,-2.091243490576744080e-02,7.527472078800201416e-02,-1.430575251579284668e-01,1.210869103670120239e-01,1.321517080068588257e-01,1.167634967714548111e-02,1.723888702690601349e-02,-5.728820711374282837e-02,6.398903578519821167e-02,7.235909253358840942e-02,-5.046261847019195557e-02,1.746421605348587036e-01,7.474240381270647049e-03,-1.314733549952507019e-02,3.226445615291595459e-01,2.809469103813171387e-01,1.194818913936614990e-01,2.112254500389099121e-01,1.140216216444969177e-01,1.344140619039535522e-01,-1.272856444120407104e-02,1.417299509048461914e-01,2.009130865335464478e-01,1.001739427447319031e-01,-2.961483225226402283e-02,-8.641874045133590698e-02,4.797639325261116028e-02,1.907700449228286743e-01,2.660660147666931152e-01,9.620364755392074585e-02,-3.862924128770828247e-02,1.201144084334373474e-01,-4.536507278680801392e-02,-1.358010247349739075e-02,-1.562700122594833374e-01,-2.265425212681293488e-02,-1.655188389122486115e-02,-1.199696809053421021e-01,-1.185553893446922302e-02,5.429814383387565613e-02,-2.748528495430946350e-02,-2.038189321756362915e-01,7.968539744615554810e-02,2.042431943118572235e-02,1.664066873490810394e-02,-5.682663619518280029e-02,1.378573328256607056e-01,1.247401610016822815e-01,1.900242418050765991e-01,1.978203207254409790e-01,4.541337862610816956e-02,4.945119097828865051e-02,-1.344867143779993057e-02,-1.477990746498107910e-01,-6.776406615972518921e-02,1.764840334653854370e-01,1.039627194404602051e-01,4.182276874780654907e-02,2.824164181947708130e-02,2.799061536788940430e-01,3.539521247148513794e-02,4.467113316059112549e-02,-6.335151940584182739e-02,1.131786033511161804e-01,1.393891125917434692e-01,3.428801521658897400e-02,2.819873765110969543e-02,3.069148957729339600e-01,-6.458269059658050537e-02,6.281671673059463501e-02,1.023438051342964172e-01,1.890993490815162659e-02,7.069129496812820435e-02,-1.194130405783653259e-01,4.452025890350341797e-02,1.309444904327392578e-01,4.330909252166748047e-02,1.171190515160560608e-01,-9.024239331483840942e-02,5.789154395461082458e-02,4.345724582672119141e-01,-1.332351844757795334e-02,3.025970049202442169e-02,9.931828826665878296e-02,9.172485768795013428e-02,-3.278582170605659485e-02,1.486110240221023560e-01,6.407410651445388794e-02,-4.379401355981826782e-02,4.841052740812301636e-02,-5.767578631639480591e-02,1.087271943688392639e-01,2.593906968832015991e-02,7.058755308389663696e-02,9.484005160629749298e-03,1.110482588410377502e-01,2.765623331069946289e-01,-6.276324391365051270e-02,-2.181872911751270294e-02,2.882873639464378357e-02,2.254081703722476959e-02,3.544776886701583862e-02,1.220077648758888245e-01,1.656349562108516693e-02,1.326253563165664673e-01,1.833017766475677490e-01,1.562325060367584229e-01,7.522050291299819946e-02,-6.898611783981323242e-02,1.781093776226043701e-01,8.493240177631378174e-02,1.045750752091407776e-01,2.024275958538055420e-01,1.164665445685386658e-01,1.229010447859764099e-01,-1.635548174381256104e-01,1.480191797018051147e-01,1.006381064653396606e-01,6.782915443181991577e-02,1.343300789594650269e-01,1.510751247406005859e-01,-1.288775354623794556e-01,8.622644841670989990e-02,1.385771017521619797e-02,-4.935466498136520386e-02,1.628672033548355103e-01,6.996453553438186646e-02,7.629631459712982178e-02,1.057129353284835815e-01,3.972667828202247620e-02,4.399207606911659241e-02,9.829906374216079712e-02,9.063600748777389526e-02,4.891739413142204285e-02,-1.908814720809459686e-02,1.635640412569046021e-01,1.065189167857170105e-01,-7.256268872879445553e-04,-2.694378606975078583e-02,-6.211904063820838928e-02,1.408918797969818115e-01,7.055341731756925583e-03,1.957540214061737061e-01,1.252175271511077881e-01
-9.277684241533279419e-02,2.375471778213977814e-02,3.168841451406478882e-02,6.111570447683334351e-02,-1.730616241693496704e-01,4.269170016050338745e-02,5.633159540593624115e-03,6.195579841732978821e-02,-6.691060215234756470e-02,1.934882849454879761e-01,-6.874354183673858643e-02,3.519460558891296387e-02,1.919402629137039185e-01,1.630234569311141968e-01,-9.186720103025436401e-02,-3.121633455157279968e-02,6.024808064103126526e-02,-1.273693591356277466e-01,7.099112868309020996e-02,3.182407617568969727e-01,-1.296608299016952515e-01,2.168805301189422607e-01,-4.103710129857063293e-02,-1.331502106040716171e-02,-9.381769597530364990e-02,3.992653638124465942e-02,-4.896837100386619568e-02,-2.134688943624496460e-02,-9.110715240240097046e-02,1.387523300945758820e-02,-4.768029600381851196e-02,-1.933721601963043213e-01,-1.482420414686203003e-01,4.762700572609901428e-02,-1.697717607021331787e-01,9.021344035863876343e-02,1.533746421337127686e-01,-4.435176029801368713e-02,1.554658561944961548e-01,2.445784164592623711e-03,-1.343840956687927246e-01,-4.339087009429931641e-02,7.607194129377603531e-03,-1.220571547746658325e-01,-6.481769680976867676e-02,1.261678934097290039e-01,-6.643441319465637207e-02,-6.267017871141433716e-02,1.369611620903015137e-01,1.150180250406265259e-01,9.255926311016082764e-02,-1.138159707188606262e-01,-1.970192044973373413e-02,-4.178180918097496033e-02,-7.945437729358673096e-02,2.049260437488555908e-01,2.152074575424194336e-01,6.158489361405372620e-02,-7.823278009891510010e-02,7.914148271083831787e-02,-1.387640982866287231e-01,2.205125242471694946e-02,-3.383008390665054321e-02,9.700813889503479004e-02,1.062806397676467896e-01,-1.332246959209442139e-01,1.221464481204748154e-03,-1.334908306598663330e-01,2.299749292433261871e-02,-2.758163958787918091e-02,1.274863183498382568e-01,-7.179988175630569458e-02,1.055701300501823425e-01,-9.624639153480529785e-02,-7.202310860157012939e-02,3.160359710454940796e-02,-4.615005105733871460e-02,-1.913592368364334106e-01,4.701645672321319580e-02,1.065111607313156128e-01,1.384442206472158432e-02,6.652663648128509521e-02,3.171428292989730835e-02,-9.660173952579498291e-02,-1.092477291822433472e-01,-4.633881524205207825e-02,-1.503011770546436310e-02,-1.132572293281555176e-01,6.007957831025123596e-02,-1.294500846415758133e-02,3.286975622177124023e-02,1.048332750797271729e-01,-4.186724871397018433e-02,-2.322757989168167114e-02,5.875204503536224365e-02,8.803680539131164551e-02,-5.675660818815231323e-02,2.321039326488971710e-02,-2.560547366738319397e-02,-4.249557852745056152e-03,5.015123169869184494e-03,2.309443056583404541e-01,6.434889882802963257e-02,4.283042997121810913e-02,1.805069972760975361e-03,-3.348322212696075439e-02,1.336801499128341675e-01,-1.491700857877731323e-01,8.037029765546321869e-03,1.143880635499954224e-01,2.529867589473724365e-01,1.132079288363456726e-01,-3.394345194101333618e-02,-2.486569434404373169e-01,-1.430310904979705811e-01,3.049209527671337128e-02,-7.284079492092132568e-02,8.272900432348251343e-02,-8.426667191088199615e-03,-8.742488175630569458e-02,-5.894954130053520203e-02,-2.035498153418302536e-03,-1.570181995630264282e-01,1.006419956684112549e-01,1.141570806503295898e-01,-1.052298843860626221e-01,1.231587305665016174e-01,1.443334370851516724e-01,8.782614767551422119e-02,-8.441641926765441895e-02,1.282587926834821701e-02,3.124894574284553528e-02,2.148133516311645508e-01,-5.608738958835601807e-02,5.390209704637527466e-02,5.555720999836921692e-02,9.964466840028762817e-02,-7.343213260173797607e-02,-1.039480865001678467e-01,4.364755377173423767e-02,-1.599283516407012939e-01,6.279161572456359863e-02,1.767832227051258087e-02,2.326451390981674194e-01,-2.678208239376544952e-02,1.054206266999244690e-01,5.665151402354240417e-02,1.897262483835220337e-01,2.239757925271987915e-01,-1.492026746273040771e-01,-1.424755156040191650e-01,-4.040407948195934296e-03,-9.869847446680068970e-02,3.790164366364479065e-02,-2.365182712674140930e-02,1.168681159615516663e-01,-3.077253513038158417e-02,-1.083405762910842896e-01,8.352886885404586792e-02,2.425672113895416260e-01,-8.152328431606292725e-03,1.848126500844955444e-01,5.368555709719657898e-02,-4.185043647885322571e-02,9.823052585124969482e-02,2.048970386385917664e-02,2.369116246700286865e-02,6.777036190032958984e-02,3.801464661955833435e-02,-1.040980145335197449e-01,-2.047918096650391817e-04,-1.137439161539077759e-01,5.227471888065338135e-02,8.867201954126358032e-02,-2.311957478523254395e-01,1.553806662559509277e-01,1.133573129773139954e-01,-1.054330468177795410e-01,8.226122707128524780e-02,-1.636763215065002441e-01,-9.260333329439163208e-02,1.874575316905975342e-01,1.364647150039672852e-01
6.614325102418661118e-03,-1.244979426264762878e-01,-1.870442926883697510e-01,-6.649804115295410156e-02,1.238576844334602356e-01,2.305278778076171875e-01,1.092718765139579773e-01,1.612156257033348083e-02,1.845416128635406494e-01,-1.153277307748794556e-01,9.712550044059753418e-02,8.376454561948776245e-02,1.160181909799575806e-01,-5.711632966995239258e-02,3.628970682621002197e-02,-1.199088152498006821e-02,1.190154775977134705e-01,1.121338009834289551e-01,1.221095398068428040e-01,1.748199462890625000e-01,-6.870505213737487793e-02,-4.637780413031578064e-02,3.457602486014366150e-02,1.587146148085594177e-02,-2.893017604947090149e-02,-6.143350899219512939e-02,1.217006426304578781e-02,-6.881072651594877243e-03,6.123860552906990051e-02,-3.579336218535900116e-03,8.974296040832996368e-03,1.221203058958053589e-01,3.469980135560035706e-02,-1.839548498392105103e-01,1.590270251035690308e-01,-8.478935062885284424e-02,-2.949720248579978943e-02,-1.353460997343063354e-01,1.841416396200656891e-02,-5.477296654134988785e-03,-7.293052226305007935e-02,8.163015544414520264e-02,-7.888291031122207642e-02,1.637968234717845917e-02,1.396557539701461792e-01,1.857891678810119629e-01,1.567780077457427979e-01,4.338971152901649475e-02,-1.831513829529285431e-02,1.063381433486938477e-01,-1.813331842422485352e-01,-5.805044248700141907e-02,7.136191427707672119e-02,4.561292380094528198e-02,-1.870753318071365356e-01,8.067854680120944977e-03,-8.383014053106307983e-02,1.320915222167968750e-01,1.426273398101329803e-02,-5.172048881649971008e-02,3.933081775903701782e-02,-4.841863736510276794e-02,8.228236436843872070e-02,-2.743897400796413422e-02,-5.474155396223068237e-02,-1.050911396741867065e-01,-7.265508174896240234e-02,-1.196803897619247437e-01,-3.817687183618545532e-02,-4.740566946566104889e-03,-3.557074442505836487e-02,6.524394452571868896e-02,-1.159200891852378845e-01,9.763156622648239136e-02,-2.086809650063514709e-02,-6.113444920629262924e-03,-9.546747803688049316e-02,-1.487356275320053101e-01,1.339195221662521362e-01,-1.169057637453079224e-01,-1.283863335847854614e-01,-1.183802708983421326e-01,-1.425903588533401489e-01,6.859330087900161743e-02,-5.770514905452728271e-02,-1.519610453397035599e-02,6.662615388631820679e-02,-9.117116779088973999e-02,4.320732131600379944e-02,7.185686379671096802e-02,-2.459574937820434570e-01,-6.444761157035827637e-02,-1.860561221837997437e-01,-7.524336129426956177e-02,2.740047872066497803e-02,1.517709940671920776e-01,-2.093869894742965698e-01,-1.739629805088043213e-01,-7.181276381015777588e-02,-1.009044889360666275e-02,-2.391386777162551880e-01,-9.620778262615203857e-03,-4.422788694500923157e-02,3.826700150966644287e-02,-1.450546458363533020e-02,3.803565353155136108e-02,-1.176478993147611618e-02,4.051801562309265137e-02,3.336564078927040100e-02,-1.380093842744827271e-01,2.856774255633354187e-02,1.010432243347167969e-01,-8.771602064371109009e-02,1.159207373857498169e-01,-1.060259193181991577e-01,1.386913359165191650e-01,1.180314719676971436e-01,6.395643949508666992e-02,5.419759824872016907e-02,8.500558882951736450e-02,-1.491971015930175781e-01,8.094148337841033936e-02,-1.601636260747909546e-01,6.043354794383049011e-02,8.441810496151447296e-03,3.785737603902816772e-02,-8.452556282281875610e-02,8.862701803445816040e-02,-1.384219899773597717e-02,-6.400517374277114868e-02,-1.632167100906372070e-01,-5.330371484160423279e-02,-2.695787325501441956e-02,-1.479054242372512817e-02,1.789924353361129761e-01,4.943782463669776917e-02,-9.925891458988189697e-02,1.774266362190246582e-01,-7.894179970026016235e-02,-1.414018869400024414e-01,-2.015129104256629944e-02,-1.604978144168853760e-01,3.384803608059883118e-02,5.174034088850021362e-02,-2.271750122308731079e-01,-6.729450076818466187e-02,-3.793828561902046204e-02,-9.950463473796844482e-02,-1.020629629492759705e-01,-1.092529520392417908e-01,6.787976622581481934e-02,-1.372955143451690674e-01,-1.631138026714324951e-01,7.679373025894165039e-02,7.277644425630569458e-02,1.763925850391387939e-01,3.522994369268417358e-02,7.663619518280029297e-02,6.408999115228652954e-02,-3.127135336399078369e-02,1.928166858851909637e-02,-6.852743774652481079e-02,3.605948388576507568e-02,4.427212849259376526e-02,1.833209395408630371e-01,2.137413024902343750e-01,-5.799301713705062866e-02,1.300764270126819611e-02,1.120613813400268555e-01,9.429181367158889771e-02,4.559833556413650513e-02,2.250048564746975899e-03,1.103482395410537720e-01,-1.975299417972564697e-02,-7.973505556583404541e-02,8.651002496480941772e-02,-5.033565312623977661e-02,9.879822283983230591e-02,4.146692156791687012e-02,-1.183516755700111389e-01,2.489108294248580933e-01,1.852856725454330444e-01,5.842521786689758301e-02
-2.791772969067096710e-02,2.204448974225670099e-04,1.095498502254486084e-01,-1.358596980571746826e-01,-1.528436988592147827e-01,-6.741365650668740273e-04,3.948035184293985367e-03,3.383533656597137451e-02,-2.684832550585269928e-02,-2.397809736430644989e-02,-3.135233372449874878e-02,-1.550649292767047882e-02,-5.831944290548563004e-03,-7.412897050380706787e-02,-3.354374691843986511e-02,-1.896231770515441895e-01,-1.199248135089874268e-01,-2.092385590076446533e-01,-8.333415538072586060e-02,-4.520082101225852966e-02,1.034866496920585632e-01,-2.269121557474136353e-01,4.161980003118515015e-02,-1.379427015781402588e-01,-5.113304778933525085e-02,-1.771743595600128174e-01,-2.592565715312957764e-01,-8.047302812337875366e-02,-2.965379878878593445e-02,7.710994780063629150e-02,7.604160159826278687e-02,-8.114789426326751709e-02,-9.655599296092987061e-02,-3.529215604066848755e-02,-6.613489240407943726e-02,-2.359387092292308807e-02,-1.617653220891952515e-01,-1.041382253170013428e-01,-8.537420630455017090e-02,-6.530497968196868896e-02,-1.414002478122711182e-01,-1.417886465787887573e-01,-8.366073481738567352e-03,-3.180031105875968933e-02,-6.155527755618095398e-02,1.324991509318351746e-02,-2.468075603246688843e-02,6.261979043483734131e-02,-3.377079963684082031e-02,-8.403428830206394196e-03,2.802884764969348907e-02,-8.899215608835220337e-02,4.476467147469520569e-02,1.332776695489883423e-01,-1.081671640276908875e-01,1.982482895255088806e-02,8.651407063007354736e-02,9.105481207370758057e-02,8.884251862764358521e-02,-1.385820209980010986e-01,-1.836989223957061768e-01,1.307841092348098755e-01,3.650714084506034851e-02,2.069423347711563110e-01,-1.188698038458824158e-01,-1.658629924058914185e-01,-6.716264784336090088e-02,-2.432359755039215088e-01,-5.382650345563888550e-02,-1.002458259463310242e-01,-1.338420361280441284e-01,1.589259691536426544e-02,-4.565069824457168579e-02,-1.153209805488586426e-01,-2.716631293296813965e-01,-7.027692347764968872e-02,-1.505138278007507324e-01,1.159940063953399658e-01,-2.085068225860595703e-01,2.109311968088150024e-01,-2.685225009918212891e-01,-1.333467364311218262e-01,-5.984060093760490417e-02,1.306213345378637314e-02,-5.176923051476478577e-02,-1.152564659714698792e-01,-1.730260066688060760e-02,8.709053695201873779e-02,9.134543687105178833e-02,-1.451585590839385986e-01,-2.509137988090515137e-01,3.799219056963920593e-02,-1.731819957494735718e-01,-1.067481935024261475e-01,-1.271786540746688843e-01,5.005105212330818176e-02,-3.192222863435745239e-02,-1.378660947084426880e-01,-1.096878200769424438e-01,-2.128613889217376709e-01,-2.244110703468322754e-01,-1.618956476449966431e-01,-2.031167745590209961e-01,-1.071166619658470154e-01,-1.952353566884994507e-01,-2.010494284331798553e-02,2.603163123130798340e-01,-5.235476791858673096e-02,-9.715958684682846069e-02,2.089408040046691895e-01,5.328344553709030151e-02,-1.510356366634368896e-01,-1.036843955516815186e-01,-1.622618138790130615e-01,-9.742470830678939819e-02,1.876546815037727356e-02,-1.539614200592041016e-01,-4.036621004343032837e-02,-6.181129068136215210e-02,7.506126910448074341e-02,-2.773008644580841064e-01,-7.263652514666318893e-03,1.837824285030364990e-02,4.436764866113662720e-02,1.211544275283813477e-01,-2.535782754421234131e-01,-1.147646158933639526e-01,-6.570903956890106201e-02,-1.219357773661613464e-01,-1.210893839597702026e-01,-4.004463925957679749e-02,-2.769354544579982758e-02,-1.807981282472610474e-01,-1.015940830111503601e-01,-1.114383898675441742e-02,-8.319192379713058472e-02,-9.324186295270919800e-02,-1.287850737571716309e-01,1.606265902519226074e-01,-2.691714465618133545e-01,-6.911984831094741821e-02,-1.230394095182418823e-01,8.849214017391204834e-02,-4.273230209946632385e-02,-9.149199724197387695e-02,-8.881259709596633911e-02,-8.857173472642898560e-02,5.288364365696907043e-02,-4.616481065750122070e-02,9.455971419811248779e-02,-8.483103662729263306e-02,-9.063708782196044922e-02,3.160842135548591614e-02,-2.714575268328189850e-02,-3.342733085155487061e-01,-9.348972141742706299e-02,-7.506851106882095337e-02,5.311761423945426941e-02,1.511765085160732269e-02,-2.177537232637405396e-01,-6.296121329069137573e-02,-4.607699438929557800e-02,-1.407234668731689453e-01,-1.900347918272018433e-01,-3.968866169452667236e-02,9.904456883668899536e-02,-1.037673428654670715e-01,-2.871235907077789307e-01,-6.962180137634277344e-02,-2.010451555252075195e-01,-1.545817553997039795e-01,-2.421593368053436279e-01,-5.107678472995758057e-02,-1.322681456804275513e-01,-1.163039579987525940e-01,-7.507163286209106445e-02,-2.123292163014411926e-02,-6.595266610383987427e-02,-1.340363323688507080e-01,-1.216514855623245239e-01,-6.670477986335754395e-02,-9.028445184230804443e-02,-1.589566320180892944e-01
1.358233839273452759e-01,7.320605218410491943e-02,-1.285395398736000061e-02,9.667269885540008545e-02,-4.534228146076202393e-02,2.051042765378952026e-02,-3.885400947183370590e-03,-7.566223293542861938e-02,7.660277932882308960e-02,9.620035439729690552e-02,1.724315136671066284e-01,-4.448750987648963928e-02,9.597945958375930786e-02,-7.207708898931741714e-03,-4.895464330911636353e-02,-1.895814538002014160e-01,-7.702655345201492310e-02,-8.777048438787460327e-03,1.973707787692546844e-02,-3.548819199204444885e-02,1.626353263854980469e-01,1.873929053544998169e-01,7.694018632173538208e-02,1.469400823116302490e-01,6.716210395097732544e-02,2.516300231218338013e-02,-4.111357033252716064e-03,9.284973889589309692e-02,-1.996248662471771240e-01,3.765854611992835999e-02,7.798943668603897095e-02,6.903717666864395142e-02,-9.333825856447219849e-02,-7.185646146535873413e-02,-8.577404916286468506e-02,-8.278972655534744263e-02,-8.364048600196838379e-02,-1.802641749382019043e-01,-1.543990373611450195e-01,1.557285785675048828e-01,5.318550392985343933e-02,-2.381925843656063080e-02,8.502531796693801880e-02,-3.287964314222335815e-02,-5.821350589394569397e-02,3.627965599298477173e-02,1.898402697406709194e-03,1.880739629268646240e-01,3.502030670642852783e-01,9.724471718072891235e-02,2.140458524227142334e-01,1.063233166933059692e-01,4.678495228290557861e-02,2.078077793121337891e-01,8.217780292034149170e-02,6.462758779525756836e-02,-1.172231286764144897e-01,2.924946323037147522e-02,8.855208754539489746e-02,6.451706588268280029e-02,1.947052776813507080e-02,-7.757367938756942749e-02,-8.766341954469680786e-03,-1.877718716859817505e-01,-8.429307490587234497e-02,9.850215166807174683e-02,-2.568323910236358643e-02,-1.738002896308898926e-02,1.288240700960159302e-01,2.842985838651657104e-02,-4.693026840686798096e-02,-1.269228607416152954e-01,3.325183177366852760e-03,-1.596505790948867798e-01,1.994583904743194580e-01,1.447880864143371582e-01,7.970186322927474976e-02,1.777921020984649658e-01,1.131046116352081299e-01,8.016490936279296875e-02,1.237391307950019836e-01,2.399923205375671387e-01,5.143753811717033386e-02,2.734703123569488525e-01,1.334922313690185547e-01,-9.340584278106689453e-02,-1.983294263482093811e-03,1.668738126754760742e-01,-2.088239938020706177e-01,1.231933161616325378e-01,3.114551678299903870e-02,1.083431318402290344e-01,-1.934701204299926758e-01,2.096735090017318726e-01,6.900493055582046509e-03,-1.614907570183277130e-02,3.226451873779296875e-01,1.378426253795623779e-01,1.862081885337829590e-01,2.654609642922878265e-02,1.198592633008956909e-01,-6.370820105075836182e-02,1.722415387630462646e-01,-2.738342285156250000e-01,4.999639838933944702e-02,2.834956534206867218e-02,-3.423579782247543335e-02,3.618398308753967285e-02,1.616604030132293701e-01,1.731950044631958008e-01,-1.126601099967956543e-01,6.774414330720901489e-02,4.862328618764877319e-02,-3.074729740619659424e-01,6.409652065485715866e-03,2.325090207159519196e-02,8.288154751062393188e-02,9.130626916885375977e-03,1.531855612993240356e-01,-8.446030551567673683e-04,5.126447975635528564e-02,6.385929137468338013e-02,-4.491202533245086670e-02,-6.624876707792282104e-02,3.523498028516769409e-02,1.174278482794761658e-01,-1.163703203201293945e-01,1.888676430098712444e-03,-2.409133501350879669e-02,-1.173033937811851501e-01,-1.396689414978027344e-01,1.307122036814689636e-02,7.290237396955490112e-02,3.217382356524467468e-02,-1.530135888606309891e-02,7.683142274618148804e-02,1.710514128208160400e-01,-2.506579756736755371e-01,1.545985341072082520e-01,2.724246680736541748e-02,-5.423751473426818848e-02,-2.688561379909515381e-02,5.619200319051742554e-02,-5.330668017268180847e-02,2.592853270471096039e-02,1.579121686518192291e-02,8.766946941614151001e-02,1.388084888458251953e-01,1.495362073183059692e-01,-2.772745676338672638e-03,1.397743225097656250e-01,-5.066714808344841003e-02,2.303807064890861511e-02,1.209609210491180420e-01,1.626752316951751709e-01,8.086830377578735352e-02,6.392692774534225464e-02,1.232304796576499939e-02,-7.440419495105743408e-02,8.274073898792266846e-02,-3.568424656987190247e-02,1.440657973289489746e-01,1.168931648135185242e-01,9.119305759668350220e-02,-7.346057891845703125e-02,-1.051410194486379623e-02,1.368623971939086914e-01,6.286726146936416626e-02,4.343160986900329590e-02,-1.121488139033317566e-01,2.555921487510204315e-02,5.678928643465042114e-02,-4.852373525500297546e-02,2.479777857661247253e-02,1.252288222312927246e-01,-4.173124581575393677e-02,8.112055808305740356e-02,3.090300858020782471e-01,-1.897313892841339111e-01,9.618273004889488220e-03,-1.542793959379196167e-02,1.798476576805114746e-01,-5.216710735112428665e-03
1.946029514074325562e-01,1.745073646306991577e-01,1.948497593402862549e-01,2.777165770530700684e-01,2.470492273569107056e-01,-9.488219767808914185e-02,1.002156361937522888e-01,-1.997302100062370300e-02,1.223288327455520630e-01,-2.097352743148803711e-01,-3.527182936668395996e-01,-1.302357763051986694e-01,3.224476799368858337e-02,-6.519578397274017334e-02,1.825480163097381592e-01,3.276747167110443115e-01,-3.284921497106552124e-02,-1.134647801518440247e-01,-1.531533990055322647e-02,6.833479553461074829e-02,-3.467123508453369141e-01,-2.611947953701019287e-01,-5.752551928162574768e-02,-2.505988776683807373e-01,-2.044683545827865601e-01,-9.946417063474655151e-02,1.783584989607334137e-02,-3.963723778724670410e-01,-8.062198013067245483e-02,-2.367246150970458984e-02,4.243433848023414612e-02,1.081778332591056824e-01,9.068848192691802979e-02,2.551775053143501282e-02,1.931360960006713867e-01,2.615996003150939941e-01,2.819774448871612549e-01,2.584629356861114502e-01,4.689681157469749451e-02,-2.328531593084335327e-01,2.500008977949619293e-02,7.480334490537643433e-02,-1.019725129008293152e-01,-1.917196810245513916e-01,-1.835805550217628479e-02,9.480834007263183594e-02,-2.599953114986419678e-01,-4.179024398326873779e-01,-2.123510837554931641e-01,-1.840505450963973999e-01,-1.658953875303268433e-01,-1.859361827373504639e-01,-2.620922029018402100e-01,-2.498134225606918335e-01,-2.396203726530075073e-01,-1.499191820621490479e-01,-1.588273048400878906e-02,-1.024073436856269836e-01,-1.122685335576534271e-02,1.288693845272064209e-01,1.202075257897377014e-01,-2.594654858112335205e-01,1.683183461427688599e-01,2.166241109371185303e-01,1.176735907793045044e-01,2.193133682012557983e-01,-1.140054613351821899e-01,-7.675321772694587708e-03,-1.462416648864746094e-01,-2.224589698016643524e-02,-1.756239980459213257e-01,-5.587865412235260010e-02,-3.760489523410797119e-01,-2.556098997592926025e-01,-4.172821715474128723e-02,-1.790275424718856812e-01,-2.565592229366302490e-01,3.198854252696037292e-02,4.328483715653419495e-02,-2.171691209077835083e-01,-1.397528648376464844e-01,-2.541086077690124512e-01,-1.788748651742935181e-01,-1.401231158524751663e-02,-5.285458639264106750e-02,-1.005256325006484985e-01,-6.587430089712142944e-02,-2.067553400993347168e-01,-3.386732190847396851e-03,1.017048433423042297e-01,2.379396408796310425e-01,-6.500065326690673828e-02,-1.778515726327896118e-01,3.193717822432518005e-02,1.538828760385513306e-01,-1.771586015820503235e-02,-1.357052773237228394e-01,-1.332860440015792847e-01,5.227908864617347717e-02,1.195274200290441513e-02,-1.284515601582825184e-03,4.700674489140510559e-02,2.732522040605545044e-02,1.547881960868835449e-01,-8.579747378826141357e-02,-6.204062700271606445e-02,-5.599546059966087341e-02,3.037006258964538574e-01,1.930273622274398804e-01,-2.304163016378879547e-02,6.860596686601638794e-02,8.576628565788269043e-02,4.777665808796882629e-02,-5.558023974299430847e-02,4.072259739041328430e-02,-7.969187945127487183e-02,-1.262244731187820435e-01,-1.084984689950942993e-01,-1.262605786323547363e-01,-3.373931860551238060e-03,1.181540116667747498e-01,-4.643081426620483398e-01,1.672229468822479248e-01,4.519855603575706482e-02,2.295601218938827515e-01,1.081196367740631104e-01,1.383591592311859131e-01,1.862149536609649658e-01,2.162203490734100342e-01,1.934421248733997345e-02,2.198348790407180786e-01,3.986230865120887756e-02,1.498145163059234619e-01,2.845682203769683838e-01,3.579995408654212952e-02,1.536122709512710571e-01,1.979913115501403809e-01,-6.833264976739883423e-02,1.972915790975093842e-02,7.379631698131561279e-02,2.517765155062079430e-03,-4.463427141308784485e-02,-8.578420383855700493e-04,-3.564874827861785889e-02,2.155187278985977173e-01,6.997927278280258179e-02,9.916434437036514282e-02,1.825863271951675415e-01,4.479209333658218384e-02,2.732785232365131378e-02,1.810982674360275269e-01,3.567773103713989258e-02,1.637666672468185425e-01,2.631651051342487335e-02,1.899355202913284302e-01,-1.506712585687637329e-01,5.503439158201217651e-02,1.434414740651845932e-02,5.635960772633552551e-02,6.589233875274658203e-02,2.180856019258499146e-01,2.895675003528594971e-01,-4.074577614665031433e-02,2.130560763180255890e-02,-8.609563857316970825e-02,9.339249879121780396e-02,1.575470268726348877e-01,3.688330575823783875e-02,1.480011790990829468e-01,-2.346737980842590332e-01,5.122919008135795593e-02,1.151922270655632019e-01,9.416869282722473145e-02,1.775879412889480591e-02,9.096410870552062988e-02,2.646964974701404572e-02,-5.722930654883384705e-02,-2.451870143413543701e-01,6.050357222557067871e-02,3.715990111231803894e-02,-1.597349531948566437e-02,7.557117193937301636e-02,1.872997730970382690e-01
1.402929127216339111e-01,-1.235914304852485657e-01,-6.320469826459884644e-02,-3.987150788307189941e-01,-2.326729595661163330e-01,-2.812486588954925537e-01,-2.256920747458934784e-02,1.221784800291061401e-01,-3.193099796772003174e-02,7.548501249402761459e-03,1.445878744125366211e-01,8.879633247852325439e-02,3.729362413287162781e-02,8.715663105249404907e-02,2.458302862942218781e-02,-8.611039817333221436e-02,-1.440093517303466797e-01,3.598781675100326538e-02,5.794236436486244202e-02,1.065776348114013672e-01,8.421064121648669243e-04,-3.536234796047210693e-02,-3.699292987585067749e-02,-4.413419589400291443e-02,-7.337839156389236450e-02,3.409134447574615479e-01,1.834723502397537231e-01,4.912405312061309814e-01,4.003819823265075684e-01,2.808857858180999756e-01,4.562946856021881104e-01,3.316428065299987793e-01,4.169392287731170654e-01,3.080258071422576904e-01,1.506432741880416870e-01,3.945803642272949219e-02,1.384010314941406250e-01,-7.193879783153533936e-02,1.067242920398712158e-01,-1.888974606990814209e-01,-1.424102783203125000e-01,8.530484884977340698e-02,-9.250091016292572021e-02,1.300586611032485962e-01,-3.901446238160133362e-02,-1.694420129060745239e-01,-5.743226502090692520e-03,2.187706381082534790e-01,9.778398275375366211e-02,-7.362139970064163208e-02,3.045277595520019531e-01,-7.583582401275634766e-02,-3.171619027853012085e-02,2.062990963459014893e-01,-1.541105564683675766e-02,-2.063165046274662018e-02,2.271665185689926147e-01,2.603963911533355713e-01,-1.056053414940834045e-01,4.871753230690956116e-02,-9.973227977752685547e-03,1.740586757659912109e-01,-8.806212246417999268e-02,-1.985914707183837891e-01,-3.885355964303016663e-02,-1.103890221565961838e-02,-1.829759217798709869e-02,-4.344935342669487000e-02,1.730048209428787231e-01,1.659753359854221344e-02,1.079828441143035889e-01,-7.319438457489013672e-02,4.492135718464851379e-02,3.486399352550506592e-02,1.877356022596359253e-01,1.936668008565902710e-01,-2.827426185831427574e-03,1.451490353792905807e-02,1.516184508800506592e-01,-1.155306547880172729e-01,1.937843412160873413e-01,9.066879004240036011e-02,-4.361881315708160400e-02,7.872545719146728516e-02,4.636462312191724777e-03,6.445232778787612915e-02,-3.340659663081169128e-02,2.473084330558776855e-01,3.405201062560081482e-02,1.127618923783302307e-01,9.038265794515609741e-02,-8.939221501350402832e-03,-2.814735472202301025e-02,2.571577131748199463e-01,1.824750155210494995e-01,1.371730268001556396e-01,2.775350213050842285e-01,1.386257708072662354e-01,-2.865614183247089386e-02,2.713023722171783447e-01,-3.966186195611953735e-02,1.591797024011611938e-01,-8.520872890949249268e-02,4.373979568481445312e-02,-9.294290095567703247e-02,1.232762336730957031e-01,-1.294449418783187866e-01,-1.914178431034088135e-01,1.721598058938980103e-01,2.064592540264129639e-01,1.431258320808410645e-01,2.068980038166046143e-01,-7.639399915933609009e-02,-1.079824715852737427e-01,3.666840493679046631e-01,2.189423590898513794e-01,-5.589786916971206665e-02,5.552558228373527527e-02,8.779645711183547974e-02,2.603711746633052826e-02,-1.047057434916496277e-01,-6.023154780268669128e-02,9.308967739343643188e-02,9.385872632265090942e-02,1.315313279628753662e-01,-5.959980189800262451e-02,-4.478034749627113342e-02,-1.835674345493316650e-01,-1.012231260538101196e-01,1.331735253334045410e-01,2.194252610206604004e-01,1.111326888203620911e-01,-8.475853502750396729e-02,-1.589101701974868774e-01,1.513220835477113724e-02,2.442199438810348511e-01,3.732464462518692017e-02,1.529984772205352783e-01,1.904141455888748169e-01,-7.007717341184616089e-02,-1.242919862270355225e-01,-1.291496455669403076e-01,4.368042945861816406e-02,-9.433060884475708008e-03,-2.363588660955429077e-01,2.216353863477706909e-01,1.770648211240768433e-01,3.533140942454338074e-02,1.709294170141220093e-01,1.488923728466033936e-01,-3.211274743080139160e-02,-3.067875804845243692e-04,-1.171501651406288147e-01,1.550905257463455200e-01,1.097758039832115173e-01,2.291490733623504639e-01,-3.380427882075309753e-02,2.051662802696228027e-01,-8.995854854583740234e-02,8.593349903821945190e-02,1.976923830807209015e-02,1.277078688144683838e-01,-6.449649482965469360e-02,2.141664326190948486e-01,1.006721053272485733e-02,1.095514744520187378e-02,-3.904527053236961365e-02,-1.303570438176393509e-02,1.955741345882415771e-01,6.102382019162178040e-02,1.017522364854812622e-01,8.234750479459762573e-02,-6.831118371337652206e-03,5.574799329042434692e-02,1.554897725582122803e-01,3.768413141369819641e-02,-3.813796490430831909e-02,-1.233638599514961243e-01,4.374667629599571228e-02,-4.018202424049377441e-02,1.780502498149871826e-01,-6.754529662430286407e-03,1.751046329736709595e-01
-3.826926648616790771e-02,-9.096486866474151611e-02,-1.097424551844596863e-01,-1.243906468152999878e-01,6.245594099164009094e-02,-1.450897455215454102e-01,-7.841466367244720459e-02,-1.113226339221000671e-01,-1.599290668964385986e-01,5.258521437644958496e-02,1.907409578561782837e-01,2.145693451166152954e-01,-1.356764435768127441e-01,-1.130905747413635254e-01,7.967559993267059326e-02,-2.499222755432128906e-02,-7.091736793518066406e-02,8.729044348001480103e-02,2.877832390367984772e-02,-2.369301617145538330e-01,-1.736100167036056519e-01,5.474176630377769470e-02,9.115591645240783691e-02,1.026821658015251160e-01,-9.787356108427047729e-02,-1.146093606948852539e-01,1.090455278754234314e-01,-2.531324326992034912e-01,-1.581053435802459717e-01,-8.732435107231140137e-02,-1.934153214097023010e-02,-1.005411520600318909e-01,1.338113378733396530e-02,-4.563152045011520386e-02,-3.809880614280700684e-01,-9.601026773452758789e-03,-8.208221942186355591e-02,-8.054141700267791748e-02,9.908365458250045776e-02,-1.793646439909934998e-02,1.194129288196563721e-01,1.434767153114080429e-02,-2.153092809021472931e-02,-1.467942446470260620e-02,7.423757109791040421e-03,5.475137755274772644e-02,8.415978401899337769e-02,1.030245423316955566e-01,6.361218541860580444e-02,-8.458851277828216553e-02,3.247427344322204590e-01,2.906430140137672424e-02,1.517125591635704041e-02,1.679804027080535889e-01,1.248712986707687378e-01,1.754028052091598511e-01,1.419784780591726303e-02,2.757169902324676514e-01,1.573751308023929596e-02,-9.312162548303604126e-02,2.143489569425582886e-02,-1.052947565913200378e-01,-1.689040213823318481e-01,-7.952009327709674835e-03,-1.215701103210449219e-01,-6.576745957136154175e-02,-3.682123124599456787e-02,2.652088413015007973e-03,1.759269624017179012e-03,6.721752230077981949e-03,-1.797888129949569702e-01,1.364283845759928226e-03,1.818363815546035767e-01,-1.867896765470504761e-01,-9.628064185380935669e-02,3.545581549406051636e-02,9.531792253255844116e-02,-1.285163760185241699e-01,3.632972389459609985e-02,3.563419356942176819e-02,2.957666851580142975e-02,4.817732051014900208e-02,3.657033666968345642e-02,1.138462685048580170e-02,-9.630681574344635010e-02,2.049118047580122948e-03,-1.054720655083656311e-01,-4.539090022444725037e-02,-1.395454350858926773e-02,2.570885047316551208e-02,3.554441407322883606e-02,2.638317830860614777e-02,-2.018570899963378906e-01,-5.713190138339996338e-02,-1.103423014283180237e-01,-1.241976544260978699e-01,1.184139866381883621e-02,-4.735821112990379333e-02,-7.949320599436759949e-03,-6.372421234846115112e-02,-8.180469274520874023e-02,-1.059532612562179565e-01,-2.072844505310058594e-01,2.856052108108997345e-02,-6.506218016147613525e-02,3.896352648735046387e-01,6.699372082948684692e-02,-3.267611144110560417e-03,6.925741583108901978e-02,-4.945783689618110657e-02,1.031551435589790344e-01,-1.920779347419738770e-01,-2.193579226732254028e-01,3.390585537999868393e-03,-1.854221075773239136e-01,1.252167820930480957e-01,1.182039678096771240e-01,7.014037668704986572e-02,-4.753880575299263000e-02,-5.335662141442298889e-02,-1.960408687591552734e-01,-7.950528711080551147e-02,5.160272121429443359e-02,-1.469770073890686035e-01,2.298589795827865601e-02,1.300484091043472290e-01,7.989857345819473267e-02,-1.295158863067626953e-01,-9.334941394627094269e-03,8.274199813604354858e-02,-2.219524234533309937e-02,-1.135803759098052979e-01,1.197873726487159729e-01,-1.451999992132186890e-01,-1.373968422412872314e-01,1.624480783939361572e-01,-5.073010548949241638e-02,5.835749208927154541e-02,-1.127354428172111511e-01,1.317229121923446655e-01,1.537588983774185181e-01,5.585958249866962433e-03,-7.360089570283889771e-02,-6.513386033475399017e-03,-1.396010667085647583e-01,-2.223850786685943604e-02,-3.101020818576216698e-03,-1.665707975625991821e-01,1.559201180934906006e-01,1.179562211036682129e-01,-5.865689367055892944e-02,-3.604763746261596680e-02,-3.190211253240704536e-03,2.839347720146179199e-02,5.584854260087013245e-02,3.527193516492843628e-02,1.667667329311370850e-01,4.476017504930496216e-02,1.276637166738510132e-01,4.790754988789558411e-02,1.530105713754892349e-02,-4.723947867751121521e-02,-1.232532784342765808e-02,7.447972148656845093e-02,-2.720513939857482910e-02,5.377703532576560974e-02,2.091190367937088013e-01,1.333784610033035278e-01,-8.572816103696823120e-02,-1.494711358100175858e-02,-1.011334452778100967e-02,-1.148338466882705688e-01,2.085023969411849976e-01,-2.074735675705596805e-05,-1.182600706815719604e-01,1.201701685786247253e-01,-5.409456044435501099e-02,1.686465367674827576e-02,1.440266966819763184e-01,6.139689311385154724e-02,2.412859797477722168e-01,4.630447551608085632e-02,2.805864252150058746e-02
-9.647980332374572754e-02,8.619566448032855988e-03,-4.360285401344299316e-01,-4.400309026241302490e-01,-2.000612318515777588e-01,-3.456067740917205811e-01,-2.171350121498107910e-01,-7.513551414012908936e-02,2.317955046892166138e-01,6.507914979010820389e-03,-1.772756129503250122e-01,-4.257765114307403564e-01,-4.499800801277160645e-01,-1.543958038091659546e-01,-3.370642364025115967e-01,-6.036804318428039551e-01,-5.801529884338378906e-01,-5.408799052238464355e-01,-3.771427571773529053e-01,-5.216236114501953125e-01,-4.557452797889709473e-01,-5.556366443634033203e-01,-2.315307557582855225e-01,-2.108513563871383667e-01,-3.585378229618072510e-01,-4.964391291141510010e-01,-5.109231919050216675e-02,-1.950138211250305176e-01,1.198344528675079346e-01,1.774253696203231812e-01,3.215650320053100586e-01,4.533484578132629395e-01,4.512015581130981445e-01,1.563581824302673340e-01,1.702517122030258179e-01,1.970188766717910767e-01,-3.191681206226348877e-02,2.018119953572750092e-02,-2.992646098136901855e-01,-3.392881751060485840e-01,-2.879810333251953125e-01,-2.282323986291885376e-01,-4.806389510631561279e-01,-4.248967468738555908e-01,-4.657051265239715576e-01,-5.942579507827758789e-01,-6.147431731224060059e-01,-1.007451772689819336e+00,-8.454950451850891113e-01,-4.345302581787109375e-01,-3.487977981567382812e-01,-4.006326496601104736e-01,-1.557151377201080322e-01,3.683608397841453552e-02,1.066141203045845032e-01,1.729630231857299805e-01,9.435345232486724854e-02,2.239674925804138184e-01,1.179847344756126404e-01,-9.595382958650588989e-03,-1.384282708168029785e-01,-6.337322294712066650e-02,5.415078625082969666e-02,1.817505061626434326e-01,-8.187351375818252563e-02,6.551332026720046997e-02,-9.016564488410949707e-02,-6.786606460809707642e-02,-1.726328134536743164e-01,4.104564338922500610e-02,-1.043277904391288757e-01,-8.472020179033279419e-02,-1.116219982504844666e-01,4.597294703125953674e-02,1.367131024599075317e-01,-7.552042603492736816e-02,-2.391541153192520142e-01,-2.917067110538482666e-01,2.310415357351303101e-02,-1.344597637653350830e-01,5.477657541632652283e-02,-2.955658920109272003e-02,-6.969615817070007324e-03,5.765403807163238525e-02,-1.007073521614074707e-01,-5.234779790043830872e-02,-5.078357830643653870e-02,-3.804815560579299927e-02,-9.692233800888061523e-02,-2.682205848395824432e-02,-2.452930435538291931e-03,-1.566684246063232422e-01,-1.131294816732406616e-01,-9.176455438137054443e-02,-8.914389461278915405e-02,-1.250271201133728027e-01,3.167032264173030853e-03,2.862297371029853821e-02,-1.744690388441085815e-01,9.507610648870468140e-02,-4.171906039118766785e-02,9.830070286989212036e-02,-4.128782451152801514e-02,6.629134714603424072e-02,-8.343203365802764893e-02,-1.621015965938568115e-01,-1.176935508847236633e-01,-1.750973314046859741e-01,2.144758403301239014e-02,3.156946599483489990e-02,2.223499491810798645e-02,7.148715853691101074e-02,5.193010438233613968e-03,-4.871870204806327820e-02,1.457506865262985229e-01,1.457082778215408325e-01,-6.777101010084152222e-02,1.316136121749877930e-01,1.484897583723068237e-01,7.132850587368011475e-02,-7.045918703079223633e-02,-6.393457949161529541e-02,7.783756405115127563e-02,3.857034817337989807e-02,-5.076365917921066284e-02,2.656907029449939728e-02,4.390139132738113403e-02,-1.078699380159378052e-01,-9.781974554061889648e-02,-4.682403802871704102e-02,-4.751661419868469238e-02,-5.893863365054130554e-02,2.324141934514045715e-02,8.171936124563217163e-02,-7.616793364286422729e-02,-4.109838232398033142e-02,9.813219308853149414e-02,-2.518506944179534912e-01,2.076625823974609375e-01,-1.541891228407621384e-02,-1.505312472581863403e-01,-4.470371827483177185e-02,-1.070774570107460022e-01,-5.522182583808898926e-02,-1.283748000860214233e-01,1.501076519489288330e-01,-5.034223198890686035e-02,1.005094870924949646e-01,1.738754101097583771e-02,-5.253732576966285706e-02,-1.360842138528823853e-01,1.011039167642593384e-01,-7.252291589975357056e-02,7.445297390222549438e-02,-1.672440618276596069e-01,-1.420332491397857666e-01,-9.833800047636032104e-02,-5.746097862720489502e-02,-5.799149721860885620e-02,8.400936424732208252e-02,-1.063834279775619507e-01,-1.330594625324010849e-02,-9.238235652446746826e-02,1.252697259187698364e-01,-3.008714504539966583e-02,-3.053624182939529419e-02,-1.847548484802246094e-01,5.056579411029815674e-02,-1.422246266156435013e-02,-2.237946353852748871e-02,-1.394320577383041382e-01,-1.253792345523834229e-01,7.934023439884185791e-02,4.041104018688201904e-02,-9.537655860185623169e-02,-1.568951010704040527e-01,-4.811830446124076843e-02,-2.915039099752902985e-02,1.007109433412551880e-01,-1.633772403001785278e-01,3.427829069551080465e-04,-2.101560868322849274e-02,-3.819948062300682068e-02
-7.290831208229064941e-02,-2.456510066986083984e-02,1.764159053564071655e-01,7.529415935277938843e-02,-1.844479143619537354e-02,2.139055281877517700e-01,1.092298179864883423e-01,1.206964105367660522e-01,1.285190433263778687e-01,5.402771010994911194e-02,6.183096207678318024e-03,7.828991115093231201e-02,3.692108988761901855e-01,2.943586185574531555e-02,-1.119462326169013977e-01,9.355652332305908203e-02,1.729266531765460968e-02,8.211195468902587891e-02,5.082792788743972778e-02,7.723948359489440918e-02,1.669633388519287109e-02,8.531700074672698975e-02,5.073644220829010010e-02,-2.182937972247600555e-02,7.351811230182647705e-02,2.743652462959289551e-02,-1.549380272626876831e-01,-4.453249648213386536e-02,-4.492601379752159119e-02,-6.658478081226348877e-02,-1.325524002313613892e-01,-2.134406715631484985e-01,3.307460993528366089e-02,1.869770511984825134e-02,8.077282458543777466e-02,-1.261999160051345825e-01,1.068387627601623535e-01,2.799153625965118408e-01,8.565881848335266113e-02,1.457736045122146606e-01,2.182012200355529785e-01,5.008029751479625702e-03,5.267145112156867981e-02,9.683585911989212036e-02,1.502189636230468750e-01,9.999995678663253784e-02,7.734881341457366943e-02,1.350740939378738403e-01,1.603102535009384155e-01,4.298524856567382812e-01,3.366454541683197021e-01,1.981410831212997437e-01,2.006317228078842163e-01,8.818136900663375854e-02,1.497911959886550903e-01,3.145616948604583740e-01,4.081815183162689209e-01,1.744039058685302734e-01,-1.214236840605735779e-01,1.211107987910509109e-02,1.792505830526351929e-01,2.209633141756057739e-01,5.747942328453063965e-01,-1.633409783244132996e-02,3.633362650871276855e-01,3.838401436805725098e-01,4.780304431915283203e-01,2.876287996768951416e-01,3.970014452934265137e-01,1.961464434862136841e-01,4.146649241447448730e-01,3.552481234073638916e-01,4.075808823108673096e-01,1.819755733013153076e-01,1.619593948125839233e-01,9.722625464200973511e-02,-3.279918059706687927e-02,-1.047767996788024902e-01,1.471616178750991821e-01,-1.589359343051910400e-01,1.655418425798416138e-01,-1.335402280092239380e-01,-1.365091055631637573e-01,1.573935267515480518e-03,1.039121523499488831e-01,2.711554169654846191e-01,1.513440161943435669e-01,-3.275863826274871826e-02,1.863383650779724121e-01,1.021591573953628540e-01,1.049270629882812500e-01,2.512596361339092255e-02,1.539705842733383179e-01,1.212325245141983032e-01,2.274759672582149506e-02,6.387046724557876587e-02,1.273913979530334473e-01,8.530206233263015747e-02,1.619915361516177654e-03,1.467970460653305054e-01,7.944801449775695801e-02,5.417341738939285278e-02,4.271379485726356506e-02,9.524469822645187378e-02,2.790178656578063965e-01,2.560684978961944580e-01,1.040069609880447388e-01,-1.548183262348175049e-01,1.139104552567005157e-02,3.042323887348175049e-02,1.181267499923706055e-01,-2.321415813639760017e-03,-2.272315695881843567e-02,1.163705214858055115e-01,5.430119112133979797e-02,1.098865196108818054e-01,-4.722403734922409058e-02,1.131974607706069946e-01,6.963180750608444214e-02,1.607228815555572510e-01,1.841251850128173828e-01,-4.386991262435913086e-02,2.639731168746948242e-01,1.814419478178024292e-01,3.207956254482269287e-01,6.689979135990142822e-02,8.843088150024414062e-02,1.798296421766281128e-01,-5.189743638038635254e-02,8.211050182580947876e-02,2.353865653276443481e-02,2.034431248903274536e-01,1.486595906317234039e-02,3.300394862890243530e-03,8.735866099596023560e-02,-2.343724481761455536e-02,5.205995962023735046e-02,7.880996912717819214e-02,1.236551851034164429e-01,1.191538646817207336e-01,6.240385025739669800e-02,2.362709939479827881e-01,1.312231272459030151e-01,-9.412234276533126831e-02,1.638354957103729248e-01,1.019970253109931946e-01,2.693637087941169739e-02,-2.496670000255107880e-03,-4.078185930848121643e-02,2.857092618942260742e-01,2.081622183322906494e-01,1.396425366401672363e-01,1.557193398475646973e-01,2.094260752201080322e-01,1.250211298465728760e-01,4.297626391053199768e-02,2.422652691602706909e-01,1.025619506835937500e-01,1.751985996961593628e-01,8.322431892156600952e-02,-1.831007562577724457e-02,1.557003110647201538e-01,1.270741969347000122e-01,8.681327849626541138e-02,1.327110677957534790e-01,-1.018835976719856262e-01,8.958464115858078003e-02,2.104012817144393921e-01,-3.917068615555763245e-02,4.891764372587203979e-02,4.523757472634315491e-02,6.691304594278335571e-02,2.509985119104385376e-03,1.210096180438995361e-01,4.616709798574447632e-02,3.377363085746765137e-02,-2.737792953848838806e-02,2.608428476378321648e-03,1.154186725616455078e-01,3.138941526412963867e-02,-6.215294357389211655e-03,1.997303366661071777e-01,9.437968581914901733e-02
-7.766339927911758423e-02,-1.919420957565307617e-01,5.019158124923706055e-02,-1.036574132740497589e-02,-2.943901345133781433e-02,-3.729448467493057251e-02,5.914843082427978516e-02,-1.536868512630462646e-01,-5.478884279727935791e-02,-1.162237673997879028e-02,9.556283801794052124e-02,-5.499177798628807068e-02,2.468051463365554810e-01,1.609301567077636719e-01,-1.120668090879917145e-02,6.158753857016563416e-02,1.106107383966445923e-01,-4.939033091068267822e-02,-1.577726751565933228e-01,4.106118902564048767e-02,8.019690960645675659e-02,7.875350862741470337e-02,-1.113238111138343811e-01,-1.597718894481658936e-02,-8.919618994696065784e-05,1.146590337157249451e-01,-2.840130031108856201e-01,-5.903357639908790588e-03,-9.128225594758987427e-02,-1.497775316238403320e-01,-4.967950657010078430e-02,-1.401261687278747559e-01,-1.131866872310638428e-01,1.368507444858551025e-01,-2.761968225240707397e-02,5.636131763458251953e-02,-6.279943976551294327e-03,5.719231814146041870e-02,2.295796060934662819e-03,1.746211014688014984e-02,-4.809870198369026184e-02,-2.983265090733766556e-03,1.263288706541061401e-01,-3.971618041396141052e-02,8.130165189504623413e-02,-1.729787327349185944e-02,5.012049153447151184e-02,-2.029992491006851196e-01,-3.708129806909710169e-04,-3.031253516674041748e-01,1.521150022745132446e-02,-1.115823462605476379e-01,-5.208792909979820251e-02,-1.265271101146936417e-02,3.692997246980667114e-02,-4.498384147882461548e-02,-9.307600557804107666e-02,-1.126793846487998962e-01,-1.681669652462005615e-01,5.456722900271415710e-02,-1.114707291126251221e-01,-6.186009198427200317e-02,2.481445297598838806e-02,-4.001408815383911133e-02,-3.355351276695728302e-03,-1.664487570524215698e-01,7.595688104629516602e-02,-5.483862012624740601e-02,-6.919620186090469360e-02,2.659288942813873291e-01,-6.793728470802307129e-02,-1.269551664590835571e-01,-9.429636597633361816e-02,2.076191008090972900e-01,3.626984730362892151e-02,1.354311034083366394e-02,-4.002028331160545349e-02,1.657776981592178345e-01,-1.518427133560180664e-01,5.925907567143440247e-02,6.180369108915328979e-02,1.029147803783416748e-01,-2.767916768789291382e-02,-4.294229298830032349e-02,-2.939405292272567749e-02,4.146736115217208862e-02,-1.647507101297378540e-01,2.421617880463600159e-02,-1.501327008008956909e-01,4.888783395290374756e-02,1.385728120803833008e-01,-1.545010972768068314e-02,-9.930222481489181519e-02,1.226693391799926758e-01,2.207438461482524872e-02,1.163790896534919739e-01,-2.783620171248912811e-02,-7.161059975624084473e-02,7.995533943176269531e-02,-8.697864413261413574e-02,1.753368675708770752e-01,-5.778104066848754883e-02,1.267902553081512451e-01,-7.135820388793945312e-02,-4.415004327893257141e-02,-1.132629737257957458e-01,1.381980162113904953e-02,2.738231420516967773e-02,7.950831204652786255e-02,-1.678206957876682281e-02,6.440139561891555786e-02,1.300970017910003662e-01,-2.461325675249099731e-01,2.423854311928153038e-03,-5.597482994198799133e-02,-5.657824873924255371e-02,7.732998579740524292e-02,7.405307888984680176e-02,-1.184846162796020508e-01,3.163195773959159851e-02,9.864566475152969360e-02,6.885828822851181030e-02,-2.571367621421813965e-01,9.736303240060806274e-02,-6.491727195680141449e-03,-9.188050031661987305e-02,1.222981363534927368e-01,-6.539900600910186768e-02,-1.410543620586395264e-01,-5.842528864741325378e-02,-1.826369948685169220e-02,-1.362417787313461304e-01,1.043196767568588257e-01,-9.496294707059860229e-02,3.350888937711715698e-02,1.010117493569850922e-02,1.339010447263717651e-01,1.222774460911750793e-01,-1.728060422465205193e-03,-2.555049397051334381e-02,-1.250559389591217041e-01,-9.986861050128936768e-02,-1.075980886816978455e-01,4.635724797844886780e-02,-1.475203596055507660e-02,1.771556772291660309e-02,-6.069760769605636597e-03,-4.042363911867141724e-02,-1.596151739358901978e-01,7.454106956720352173e-02,1.545006688684225082e-02,-3.079630201682448387e-03,-1.225508525967597961e-01,5.137165263295173645e-02,2.457952201366424561e-01,-1.539486348628997803e-01,-2.385959923267364502e-01,-2.709915302693843842e-02,-1.537977010011672974e-01,-2.640323154628276825e-02,-4.620692133903503418e-02,2.673943340778350830e-01,-9.456302970647811890e-02,6.073300912976264954e-02,-6.434807926416397095e-02,-1.225150823593139648e-01,4.119120910763740540e-02,-8.675416558980941772e-02,3.116452693939208984e-02,-1.318803578615188599e-01,-1.640322357416152954e-01,-1.161873573437333107e-03,4.924674332141876221e-02,2.063276991248130798e-02,-2.744033560156822205e-02,-1.303092390298843384e-01,2.134392410516738892e-01,1.457037627696990967e-01,1.226916983723640442e-01,-1.288574561476707458e-02,-2.112185359001159668e-01,-1.538747400045394897e-01,-9.787260740995407104e-02
3.894507884979248047e-03,1.720840670168399811e-02,-1.612989045679569244e-02,2.177887037396430969e-02,8.157913386821746826e-02,1.995403915643692017e-01,1.818528515286743641e-03,9.385352581739425659e-02,4.230691120028495789e-02,-5.629633367061614990e-02,-6.618119776248931885e-02,-1.184746026992797852e-01,-1.204947978258132935e-01,7.280404120683670044e-02,-4.084244742989540100e-02,-7.887034118175506592e-02,8.720276877284049988e-03,3.766034170985221863e-02,-2.012343466049060225e-04,3.589767962694168091e-02,2.725101411342620850e-01,1.089629679918289185e-01,2.095916420221328735e-01,1.000895053148269653e-01,1.626218855381011963e-01,1.866407394409179688e-01,4.589317739009857178e-01,1.885303258895874023e-01,-1.037582680583000183e-01,-2.479093074798583984e-01,-2.207315564155578613e-01,-2.931829355657100677e-02,-2.033758163452148438e-02,-2.234113365411758423e-01,-3.980765342712402344e-01,-1.201876923441886902e-01,1.338226720690727234e-02,-1.272912919521331787e-01,-3.731482475996017456e-02,-9.410857409238815308e-02,-1.179097592830657959e-01,4.629841819405555725e-02,2.909932732582092285e-01,-7.773696631193161011e-02,1.701910048723220825e-01,4.685784131288528442e-02,2.608335614204406738e-01,2.430872321128845215e-01,1.733578741550445557e-01,3.268655389547348022e-02,-1.336854696273803711e-01,-4.038389325141906738e-01,3.514048457145690918e-02,-9.704865813255310059e-01,-4.248120486736297607e-01,-1.436863243579864502e-01,2.054803520441055298e-01,6.894265413284301758e-01,4.932236671447753906e-01,2.877272367477416992e-01,-1.866049766540527344e-01,-1.196521446108818054e-01,-2.420470118522644043e-02,6.342637538909912109e-02,-1.127190738916397095e-01,2.830320894718170166e-01,1.135508194565773010e-01,1.684202551841735840e-01,3.022118238732218742e-03,2.033901810646057129e-01,1.862038373947143555e-01,6.538586318492889404e-02,1.383025348186492920e-01,9.627290070056915283e-02,1.886885762214660645e-01,4.399972781538963318e-02,4.426962509751319885e-02,1.171337738633155823e-01,-5.722618103027343750e-02,-1.722416132688522339e-01,3.689140081405639648e-02,-2.795336581766605377e-02,1.660682708024978638e-01,7.719884067773818970e-02,4.647726193070411682e-02,-2.444044686853885651e-03,9.674017131328582764e-02,4.592873901128768921e-02,-4.769250750541687012e-02,6.120367348194122314e-02,4.392070695757865906e-02,-5.694702640175819397e-02,-6.026853248476982117e-02,-1.142793819308280945e-01,-1.612334847450256348e-01,-9.769081324338912964e-02,-3.975033387541770935e-02,-9.858235716819763184e-03,2.044971287250518799e-02,-6.066668778657913208e-02,1.683004051446914673e-01,1.661080569028854370e-01,-3.883031010627746582e-02,-4.633549228310585022e-02,-1.940852031111717224e-02,1.328494492918252945e-02,-7.073136419057846069e-02,-7.062401622533798218e-02,2.234827727079391479e-02,-3.379012644290924072e-02,3.101118281483650208e-02,-8.455152064561843872e-02,-9.068110957741737366e-03,4.699280485510826111e-03,4.309236258268356323e-02,5.041521415114402771e-02,1.390371918678283691e-01,-1.488457173109054565e-01,2.458450943231582642e-02,3.557363525032997131e-02,7.652311772108078003e-02,-4.136402904987335205e-02,9.321630001068115234e-02,-8.164168894290924072e-02,-5.340135470032691956e-02,2.388050593435764313e-02,8.388288319110870361e-03,1.530531793832778931e-01,-8.330065011978149414e-02,-1.837813407182693481e-01,1.095807924866676331e-01,-6.966358516365289688e-03,-4.121761023998260498e-02,4.441826604306697845e-03,-7.436791807413101196e-02,6.676939129829406738e-02,-1.413767784833908081e-01,-9.783697128295898438e-02,-9.383109956979751587e-02,-7.768544554710388184e-02,1.043395139276981354e-02,-1.147825568914413452e-01,-5.350225046277046204e-02,7.568147964775562286e-03,-1.467557251453399658e-01,-5.751915276050567627e-02,-8.627562969923019409e-02,-4.459773004055023193e-02,1.207158938050270081e-01,-3.234204370528459549e-03,8.668446913361549377e-03,6.785657256841659546e-02,1.233504619449377060e-02,9.307637810707092285e-03,-1.616856455802917480e-02,4.273646324872970581e-02,-1.189186349511146545e-01,1.578181423246860504e-02,-3.006074391305446625e-02,-7.374656200408935547e-02,1.196235325187444687e-02,-1.330444812774658203e-01,-3.285888954997062683e-02,-5.595538020133972168e-02,3.635043278336524963e-02,1.145133525133132935e-01,-8.814950287342071533e-02,3.128384472802281380e-03,6.354364566504955292e-03,-1.127827093005180359e-01,6.267655640840530396e-03,5.549819022417068481e-02,2.983050607144832611e-02,1.142538059502840042e-02,9.387324005365371704e-02,-3.873729333281517029e-02,-5.923007056117057800e-02,-5.471982806921005249e-02,-1.356729120016098022e-01,-8.062316104769706726e-03,-1.479812338948249817e-02,-5.108237639069557190e-02,9.881992638111114502e-02
-3.152532130479812622e-02,-4.465097934007644653e-02,1.688956171274185181e-01,-4.692286625504493713e-02,-4.086196888238191605e-03,1.054914966225624084e-01,-2.911297837272286415e-03,-1.297274529933929443e-01,-1.272885799407958984e-01,-1.791593432426452637e-02,-1.508336700499057770e-02,-8.163340389728546143e-02,1.281140185892581940e-02,2.818927913904190063e-02,3.916468098759651184e-02,1.985271926969289780e-03,-2.350842207670211792e-02,-2.159888148307800293e-01,-7.743249833583831787e-02,-8.600088208913803101e-02,5.000894889235496521e-02,-1.751114130020141602e-01,1.181029751896858215e-01,-2.278154343366622925e-01,-2.471951097249984741e-01,-1.453027967363595963e-02,-3.487909212708473206e-02,4.430922679603099823e-03,-1.162421926856040955e-01,1.955388113856315613e-02,-2.076878100633621216e-01,-9.111115336418151855e-02,-2.204259485006332397e-02,1.116820797324180603e-01,1.552998870611190796e-01,-2.006397247314453125e-01,8.169412612915039062e-02,1.059891581535339355e-01,-1.043507829308509827e-01,8.442333340644836426e-02,-7.569411396980285645e-02,8.485560119152069092e-02,6.774319708347320557e-02,-1.113732978701591492e-01,1.080972775816917419e-01,1.987669989466667175e-02,-3.925729542970657349e-02,9.197296202182769775e-02,1.340317577123641968e-01,-4.538403451442718506e-02,-1.581194996833801270e-02,9.683763235807418823e-02,1.466944366693496704e-01,9.431379847228527069e-03,8.772007375955581665e-02,8.534708619117736816e-02,-1.547228693962097168e-01,-6.740375608205795288e-02,-1.147171631455421448e-01,1.046242713928222656e-01,5.102821439504623413e-02,-9.453143179416656494e-02,4.536615312099456787e-02,6.861941516399383545e-02,-8.375417441129684448e-02,9.085647761821746826e-03,-1.841597706079483032e-01,2.428996562957763672e-02,1.157819060608744621e-03,-3.329821676015853882e-02,1.212741620838642120e-02,1.579327881336212158e-01,-2.174430489540100098e-01,-9.592857956886291504e-02,-2.086307853460311890e-01,-9.051591902971267700e-02,-1.631258577108383179e-01,1.187788024544715881e-01,-2.927529159933328629e-03,1.966938823461532593e-01,-7.268927246332168579e-02,-7.501216232776641846e-02,1.233769506216049194e-01,-1.075491309165954590e-01,-2.878611087799072266e-01,-1.851792074739933014e-02,-8.680946193635463715e-03,1.616710722446441650e-01,-1.767097115516662598e-01,1.122128814458847046e-01,-2.675370685756206512e-02,-2.664374746382236481e-02,1.126012997701764107e-03,-1.225722730159759521e-01,9.736574441194534302e-02,1.599837243556976318e-01,1.024760655127465725e-03,-8.561426401138305664e-02,-1.947602331638336182e-01,1.380124688148498535e-01,1.056869775056838989e-01,8.980488404631614685e-03,-1.492877118289470673e-02,1.740942709147930145e-02,-6.286534667015075684e-02,-5.060442164540290833e-02,-7.027640938758850098e-02,-3.386307135224342346e-02,1.904602944850921631e-01,1.048972234129905701e-01,-8.303997665643692017e-02,2.004493959248065948e-02,7.092159241437911987e-02,9.126646444201469421e-03,7.625988125801086426e-02,1.828003861010074615e-02,-7.671918720006942749e-03,1.624768786132335663e-02,-3.887701081112027168e-03,-1.456230729818344116e-01,-4.742281511425971985e-02,-9.403148666024208069e-03,6.883071735501289368e-03,1.902912929654121399e-02,8.296184986829757690e-02,-8.294660598039627075e-02,8.742424845695495605e-02,-5.984380841255187988e-02,-5.622622743248939514e-02,-6.967007368803024292e-02,9.685672074556350708e-02,-5.448736995458602905e-02,7.438322156667709351e-02,-3.297982737421989441e-02,2.144567668437957764e-02,8.313279598951339722e-02,9.335944801568984985e-02,8.606818318367004395e-02,-1.134647205471992493e-01,-8.022926747798919678e-02,7.002618908882141113e-02,-1.574744284152984619e-01,-1.186915636062622070e-01,8.401466161012649536e-02,9.991699457168579102e-02,-1.047167629003524780e-01,-5.716588348150253296e-03,-1.829526424407958984e-01,2.276531420648097992e-02,-8.690322935581207275e-02,1.375102624297142029e-02,-1.566097885370254517e-01,-1.162382587790489197e-02,-7.496755570173263550e-02,-5.984571576118469238e-02,-1.204337105154991150e-01,-8.623848855495452881e-02,-1.962807923555374146e-01,-3.769953176379203796e-02,-1.373389959335327148e-01,2.830437012016773224e-02,-1.133690867573022842e-02,2.374753123149275780e-03,-1.472024619579315186e-01,-4.351535066962242126e-02,-9.559816122055053711e-02,-2.918345853686332703e-02,-3.056318685412406921e-02,1.815840005874633789e-01,-2.830160968005657196e-02,-7.612772285938262939e-02,-5.187209695577621460e-02,1.285396814346313477e-01,-7.244818657636642456e-02,1.212709844112396240e-01,2.083822488784790039e-01,-4.185609146952629089e-02,-1.912878900766372681e-01,-4.779765754938125610e-02,1.300550848245620728e-01,-2.273543179035186768e-02,-6.199400871992111206e-03,1.413967013359069824e-01
-7.709353417158126831e-02,1.667127758264541626e-02,1.800506114959716797e-01,1.174660921096801758e-01,1.865364797413349152e-02,-3.376531600952148438e-02,1.269127875566482544e-01,5.172946304082870483e-02,1.197912245988845825e-01,9.052041172981262207e-02,7.122287992388010025e-03,-1.933209151029586792e-01,-9.797407686710357666e-02,-1.772928386926651001e-01,-1.413490176200866699e-01,-8.731535822153091431e-02,-4.148963838815689087e-02,4.819678142666816711e-02,-1.630418300628662109e-01,-1.271641552448272705e-01,-3.949517756700515747e-02,1.085666269063949585e-01,1.040147542953491211e-01,-1.048911642283201218e-02,5.352462828159332275e-02,5.936568137258291245e-03,-1.374424248933792114e-01,2.579472400248050690e-02,2.166775315999984741e-01,-1.767746359109878540e-01,-1.388370245695114136e-01,-4.538388550281524658e-02,-6.403730064630508423e-02,-1.615263707935810089e-02,5.691502708941698074e-03,8.126855641603469849e-02,-6.775449961423873901e-02,-1.312856078147888184e-01,6.390073895454406738e-02,5.872216820716857910e-02,1.199702173471450806e-01,-1.031670048832893372e-01,-5.125383287668228149e-02,3.641601884737610817e-03,8.052799850702285767e-03,1.673845499753952026e-01,2.401232570409774780e-01,-5.807431787252426147e-02,1.311049330979585648e-02,1.553778797388076782e-01,-9.600609540939331055e-02,3.222187235951423645e-02,1.478005200624465942e-02,1.527665182948112488e-02,-2.266122959554195404e-03,1.166955307126045227e-01,2.151821851730346680e-01,-1.441301107406616211e-01,7.670782506465911865e-02,1.785780638456344604e-01,4.543238133192062378e-02,-6.164711341261863708e-02,2.709169127047061920e-02,4.333600774407386780e-02,-1.381467133760452271e-01,3.666786104440689087e-02,-9.231678396463394165e-02,1.462702453136444092e-01,7.159136980772018433e-02,4.860879387706518173e-03,6.215247884392738342e-02,6.241661682724952698e-02,5.918491631746292114e-02,-4.248172789812088013e-02,-6.062589120119810104e-03,-1.347089260816574097e-01,2.727692946791648865e-02,-2.294625788927078247e-01,-4.661362245678901672e-02,-3.739132732152938843e-02,-7.952210307121276855e-02,5.665117502212524414e-02,1.147491931915283203e-01,7.864950597286224365e-02,2.015454471111297607e-01,-1.072131246328353882e-01,5.991232022643089294e-02,-2.446234226226806641e-02,4.195885732769966125e-02,-1.683466136455535889e-01,2.594673447310924530e-02,-5.418517813086509705e-02,-1.928057968616485596e-01,-8.759279549121856689e-02,-9.318942576646804810e-02,1.064952369779348373e-02,-6.019044294953346252e-02,-1.048710867762565613e-01,4.326279461383819580e-02,9.294385462999343872e-02,-7.573687285184860229e-02,-1.359644085168838501e-01,7.159318774938583374e-02,1.059617474675178528e-01,-1.542974710464477539e-01,-2.479759790003299713e-02,-1.052309572696685791e-01,4.832168295979499817e-02,-3.446190059185028076e-02,5.282178148627281189e-02,6.389301270246505737e-03,1.911513656377792358e-01,1.384342014789581299e-01,1.801968319341540337e-03,-1.105237193405628204e-02,5.183375626802444458e-02,-3.987693227827548981e-03,-1.104021072387695312e-01,1.711799651384353638e-01,6.627755612134933472e-02,5.298421531915664673e-02,-6.296740472316741943e-02,-3.230695426464080811e-02,-1.258288770914077759e-01,8.422438055276870728e-03,-3.057430498301982880e-03,-1.082733720541000366e-01,-3.894110210239887238e-03,1.896389424800872803e-01,7.403340935707092285e-02,-1.713787950575351715e-02,-1.572458297014236450e-01,4.614997655153274536e-03,7.717535831034183502e-03,1.856418848037719727e-01,3.126279264688491821e-02,1.147407814860343933e-01,1.174146458506584167e-01,1.954463124275207520e-02,8.172507584095001221e-02,-3.424276784062385559e-02,4.726039245724678040e-02,-7.338263094425201416e-02,1.994668692350387573e-02,6.914388388395309448e-02,-2.970249056816101074e-01,-2.407132834196090698e-02,-8.813603781163692474e-03,-3.512208536267280579e-02,1.333812326192855835e-01,-2.405997924506664276e-02,-5.959147214889526367e-02,-8.677396923303604126e-02,4.532677307724952698e-02,8.472613990306854248e-02,-6.626991182565689087e-02,1.460592001676559448e-01,1.035186126828193665e-01,1.303622871637344360e-01,8.905845135450363159e-02,1.501638740301132202e-01,7.932842522859573364e-02,6.685636937618255615e-02,2.396847307682037354e-02,-1.456329673528671265e-01,3.356373310089111328e-02,-8.721000701189041138e-02,1.125904023647308350e-01,6.833355128765106201e-02,-1.801925152540206909e-01,1.478235423564910889e-01,1.896834559738636017e-02,1.356662362813949585e-01,-2.491162344813346863e-02,4.302032664418220520e-02,-1.554049830883741379e-02,1.191693618893623352e-01,8.117404580116271973e-02,-1.891985163092613220e-02,2.943485230207443237e-02,9.518441557884216309e-02,-3.224191442131996155e-02,7.883923500776290894e-02
-7.164882123470306396e-02,-1.081098690629005432e-01,-1.433787308633327484e-02,7.213840633630752563e-02,-9.068686515092849731e-02,-1.303624659776687622e-01,7.105802744626998901e-02,2.718507498502731323e-02,-9.464210271835327148e-02,-3.709920868277549744e-02,1.629613935947418213e-01,-8.017534762620925903e-02,3.989529609680175781e-02,1.135563012212514877e-02,-1.458821445703506470e-01,6.089583784341812134e-02,-1.894761621952056885e-02,-6.646150723099708557e-04,-9.160609543323516846e-02,1.301902253180742264e-02,1.801623553037643433e-01,1.450527608394622803e-01,-9.872180223464965820e-02,7.714261859655380249e-02,2.600017935037612915e-03,7.950250059366226196e-03,-3.431081026792526245e-02,2.366159707307815552e-01,-1.067067459225654602e-01,1.004838719964027405e-01,-5.198608711361885071e-02,-1.702533960342407227e-01,1.107521355152130127e-01,3.213943168520927429e-02,-1.511369645595550537e-01,-7.103700190782546997e-02,8.426246792078018188e-02,-8.764158934354782104e-03,-4.750499874353408813e-02,-1.032136455178260803e-01,-7.827351242303848267e-02,-1.870023757219314575e-01,-9.000026434659957886e-02,-1.093189697712659836e-02,-1.119783148169517517e-01,-1.672909557819366455e-01,8.534955978393554688e-02,8.673365227878093719e-03,-1.414951980113983154e-01,-9.094188362360000610e-02,1.398092657327651978e-01,3.764392063021659851e-02,1.445158869028091431e-01,2.753323614597320557e-01,2.898286469280719757e-02,9.299851953983306885e-02,6.782076507806777954e-02,-6.277360022068023682e-02,1.910523325204849243e-01,-2.445182949304580688e-01,1.443520933389663696e-01,-4.045044630765914917e-02,-7.157012075185775757e-02,9.141334146261215210e-02,4.487421363592147827e-02,1.068905070424079895e-01,-4.200439900159835815e-02,-1.228354275226593018e-01,-4.990817978978157043e-03,-9.983894973993301392e-02,-1.781316474080085754e-02,-1.417450257577002048e-03,6.473814696073532104e-02,-2.081034779548645020e-01,5.230176076292991638e-02,4.633632674813270569e-02,8.199876546859741211e-02,-2.553224563598632812e-02,9.776857495307922363e-02,1.027039065957069397e-01,7.629231363534927368e-02,4.618058353662490845e-02,2.022433876991271973e-01,4.724343493580818176e-02,-2.950133681297302246e-01,-5.047123879194259644e-02,1.533767580986022949e-01,-9.948020428419113159e-02,8.546449244022369385e-02,-1.357839163392782211e-02,4.982330650091171265e-02,6.551685184240341187e-02,-6.476927548646926880e-02,-9.131882339715957642e-02,3.263966739177703857e-02,-6.213522329926490784e-02,2.713554166257381439e-02,-8.270826190710067749e-02,-4.247562587261199951e-02,3.158664330840110779e-02,-2.454725839197635651e-02,-7.877485826611518860e-03,-3.536776080727577209e-02,-1.225737854838371277e-01,-6.065510585904121399e-02,1.726479381322860718e-01,-2.468655630946159363e-02,-9.881770238280296326e-03,2.230764925479888916e-02,1.259229630231857300e-01,-5.660816095769405365e-03,-3.102158382534980774e-02,7.570889592170715332e-02,-7.730458676815032959e-02,1.133578270673751831e-01,1.802794039249420166e-01,-2.084671109914779663e-01,-2.232904285192489624e-01,-7.204162329435348511e-02,-1.641647249925881624e-04,8.841925114393234253e-02,1.085475087165832520e-02,-7.352548837661743164e-02,-8.835835754871368408e-02,-2.425180971622467041e-01,3.474291786551475525e-02,1.144911944866180420e-01,-4.190498590469360352e-02,-9.533105045557022095e-02,-1.114673092961311340e-01,8.830153197050094604e-02,7.952081039547920227e-03,1.147600933909416199e-01,3.249032199382781982e-01,1.732128411531448364e-01,1.232277303934097290e-01,4.781601577997207642e-02,1.021612510085105896e-01,-1.295580267906188965e-01,7.645899057388305664e-02,-1.426046155393123627e-02,6.048948317766189575e-02,-3.191935643553733826e-02,-1.689218729734420776e-01,-1.531775295734405518e-01,-6.576912850141525269e-02,2.008492350578308105e-01,9.860067628324031830e-03,-3.089376911520957947e-02,-6.049021705985069275e-02,1.150379106402397156e-01,-8.621262013912200928e-02,6.100553087890148163e-03,6.432569026947021484e-02,8.762287348508834839e-02,6.347214430570602417e-02,2.203939482569694519e-02,-3.546613082289695740e-02,-1.219796240329742432e-01,1.187346875667572021e-02,-1.985835842788219452e-02,-1.767469942569732666e-02,-1.526885777711868286e-01,5.262592807412147522e-02,7.963563501834869385e-02,2.261808663606643677e-01,-6.674060970544815063e-02,-1.185724139213562012e-01,-2.276843190193176270e-01,1.802735328674316406e-01,3.646938130259513855e-02,-8.254868537187576294e-02,-9.492842108011245728e-02,4.588595405220985413e-02,1.053322032094001770e-01,2.867366001009941101e-02,1.209377869963645935e-01,1.265764534473419189e-01,1.434239447116851807e-01,-8.323100954294204712e-02,-1.121220365166664124e-01,5.747408722527325153e-04,1.429573297500610352e-01
-2.406418770551681519e-01,-2.097390741109848022e-01,-2.461165189743041992e-02,-8.233936131000518799e-02,9.114344604313373566e-03,-1.768544018268585205e-01,7.195194065570831299e-02,-3.766955435276031494e-02,-1.426495797932147980e-02,1.746906712651252747e-02,-7.916496694087982178e-02,2.557240985333919525e-02,-1.713862456381320953e-02,-1.109234765172004700e-01,-2.516032196581363678e-02,-1.038257628679275513e-01,-4.059670865535736084e-02,-1.588043756783008575e-02,1.774044707417488098e-03,1.566981375217437744e-01,1.503834575414657593e-01,1.192478239536285400e-01,5.594823509454727173e-02,1.479478031396865845e-01,-1.286030262708663940e-01,-5.073847621679306030e-02,-8.350662142038345337e-02,2.408323287963867188e-01,2.399651557207107544e-01,-6.160087510943412781e-02,-6.292737275362014771e-02,-1.315689533948898315e-01,-1.696093976497650146e-01,-2.912808954715728760e-01,-5.255789160728454590e-01,-3.547342717647552490e-01,-1.363210380077362061e-01,-1.015385389328002930e-01,-9.444587677717208862e-02,-1.521575301885604858e-01,1.359914056956768036e-02,1.143407747149467468e-01,-1.815843731164932251e-01,-2.025841549038887024e-02,1.163042038679122925e-01,4.091625511646270752e-01,2.700395882129669189e-01,2.606359124183654785e-01,2.114848494529724121e-01,2.334068715572357178e-01,8.256944268941879272e-02,-1.221120506525039673e-01,-1.089103370904922485e-01,-3.411906361579895020e-01,-3.950220048427581787e-01,-3.546949923038482666e-01,-9.078273922204971313e-02,8.954050391912460327e-02,3.303452432155609131e-01,5.418984591960906982e-02,1.350961178541183472e-01,7.537169009447097778e-02,1.362526416778564453e-01,-2.751373872160911560e-02,1.628894060850143433e-01,-6.472305208444595337e-02,-5.225000530481338501e-02,-7.299805432558059692e-02,9.752431511878967285e-02,-9.787112474441528320e-02,-1.486875265836715698e-01,6.744466722011566162e-02,3.076740168035030365e-02,2.656535804271697998e-02,1.968248337507247925e-01,2.428580522537231445e-01,1.190945878624916077e-01,-3.476887568831443787e-02,3.166540339589118958e-02,5.130523070693016052e-02,1.717708259820938110e-01,5.920617654919624329e-02,-5.653671175241470337e-02,2.350427396595478058e-02,-1.006127074360847473e-01,6.923999637365341187e-02,-4.707094654440879822e-02,3.818481788039207458e-02,-1.789978146553039551e-01,-4.957519844174385071e-02,-1.031227707862854004e-01,-8.920405060052871704e-03,-9.405994415283203125e-02,-1.033853963017463684e-01,4.134490713477134705e-02,-9.462627768516540527e-02,3.700658679008483887e-02,1.762605905532836914e-01,-3.451580926775932312e-02,1.031257361173629761e-01,-2.167682908475399017e-02,-5.853174999356269836e-02,1.467706114053726196e-01,-1.489961147308349609e-01,-8.062241226434707642e-02,2.487583272159099579e-02,-6.270202249288558960e-02,-3.454542532563209534e-02,-1.226219907402992249e-01,1.346614025533199310e-02,-8.147294819355010986e-02,-4.386692494153976440e-02,-8.982541412115097046e-02,-7.433005142956972122e-03,1.404483318328857422e-01,-1.237293239682912827e-02,-6.068758666515350342e-02,1.103549078106880188e-01,1.551419030874967575e-02,-7.058868557214736938e-02,-4.724553227424621582e-02,1.847425848245620728e-01,1.874367892742156982e-02,-1.032670065760612488e-01,1.847475767135620117e-01,1.435350030660629272e-01,-1.723255068063735962e-01,-1.464871019124984741e-01,1.770321279764175415e-02,-8.524417132139205933e-02,-1.379155516624450684e-01,3.048800304532051086e-02,-4.417991265654563904e-02,-2.754288911819458008e-02,7.031764835119247437e-02,-6.148925423622131348e-02,8.144862949848175049e-02,9.716748446226119995e-02,-8.808460831642150879e-02,-1.550851017236709595e-01,4.528189823031425476e-02,4.542222991585731506e-02,6.767535954713821411e-02,-6.650938093662261963e-02,-6.831292808055877686e-02,7.859449833631515503e-02,2.698634564876556396e-02,1.357602328062057495e-01,1.687438110820949078e-03,-6.014452874660491943e-02,4.293421283364295959e-02,4.665778204798698425e-02,7.065144926309585571e-02,-1.385255600325763226e-03,6.169622391462326050e-02,1.509799063205718994e-01,1.827154159545898438e-01,-5.748162791132926941e-02,-5.393119156360626221e-02,-4.430624097585678101e-02,-5.740195140242576599e-02,1.943163201212882996e-02,-9.755514562129974365e-02,1.362408548593521118e-01,-5.391992256045341492e-02,2.197635546326637268e-02,5.989620089530944824e-02,-7.427034527063369751e-02,1.168748065829277039e-01,1.603217720985412598e-01,-2.680484438315033913e-03,-3.298988449387252331e-04,6.964943557977676392e-02,1.151899322867393494e-01,-3.973664715886116028e-02,1.376447230577468872e-01,1.348130553960800171e-01,7.398124039173126221e-02,1.961340196430683136e-02,-1.242871582508087158e-01,8.033334463834762573e-02,8.295714110136032104e-02,2.161887846887111664e-02
7.211851328611373901e-02,-1.056908220052719116e-01,-4.032258316874504089e-02,-5.103468894958496094e-02,-1.032521054148674011e-01,8.417865633964538574e-02,7.198670506477355957e-02,7.635507732629776001e-02,-6.910251080989837646e-02,3.539345413446426392e-02,3.766882466152310371e-03,-5.845710262656211853e-02,-6.697323173284530640e-02,1.609520614147186279e-02,-1.862966120243072510e-01,-2.425382845103740692e-02,9.207046031951904297e-02,-7.172872871160507202e-02,7.707373052835464478e-02,-1.248971894383430481e-01,-1.860599517822265625e-01,3.060813248157501221e-02,1.961144953966140747e-01,2.930111950263381004e-03,1.257337480783462524e-01,-6.999230384826660156e-02,1.157789602875709534e-01,-4.542306438088417053e-02,3.421645984053611755e-02,-1.562844663858413696e-01,-2.299136519432067871e-01,9.295336902141571045e-02,5.864082276821136475e-02,-1.260557025671005249e-01,-1.869456022977828979e-01,-1.300736516714096069e-01,-6.735918670892715454e-02,9.053819626569747925e-02,-8.634334430098533630e-03,1.132009550929069519e-02,-2.102608978748321533e-01,-2.177673950791358948e-02,1.001354530453681946e-01,9.034188091754913330e-02,3.326774388551712036e-02,7.041128724813461304e-02,-9.212548285722732544e-02,-5.727363750338554382e-02,-6.874736398458480835e-02,8.366649970412254333e-03,2.719631195068359375e-01,-3.960317745804786682e-02,-9.638355672359466553e-02,-6.381852179765701294e-02,-2.783084847033023834e-02,-5.767817609012126923e-03,-5.959356948733329773e-02,1.270285397768020630e-01,-1.293513923883438110e-01,8.001435548067092896e-02,3.118364885449409485e-02,5.485219880938529968e-02,1.360481977462768555e-01,3.200672566890716553e-01,2.545749768614768982e-02,-8.134081959724426270e-02,2.150544710457324982e-02,2.528521604835987091e-02,-3.238738980144262314e-03,-8.971293270587921143e-02,3.364499285817146301e-02,-4.374635964632034302e-02,-4.415899515151977539e-02,-3.574396297335624695e-02,-6.209796294569969177e-02,4.176297038793563843e-02,4.087741672992706299e-02,-9.057669341564178467e-02,1.221719011664390564e-01,2.132968455553054810e-01,-1.893390319310128689e-03,2.255072817206382751e-02,7.240118086338043213e-02,4.269455000758171082e-02,7.845689356327056885e-02,6.466642487794160843e-03,3.832178935408592224e-02,-3.698357343673706055e-01,-5.039219558238983154e-02,1.050981599837541580e-02,8.628720045089721680e-02,-8.206108957529067993e-02,-9.033229202032089233e-03,1.948593854904174805e-01,5.445716530084609985e-02,-1.766998022794723511e-01,1.779255084693431854e-02,-5.973166972398757935e-02,-1.883321553468704224e-01,1.789278388023376465e-01,-5.419460684061050415e-02,2.090959623456001282e-02,1.172694861888885498e-01,-3.832326084375381470e-02,1.441931873559951782e-01,-6.089542992413043976e-03,3.318926319479942322e-02,9.585914202034473419e-03,6.950137764215469360e-02,5.364200100302696228e-02,-1.072360109537839890e-02,6.423115730285644531e-03,-1.163251549005508423e-01,3.101941384375095367e-02,6.533509492874145508e-02,-7.314808666706085205e-02,2.475976757705211639e-02,-1.010500267148017883e-02,5.686800926923751831e-02,7.837067544460296631e-02,-2.052033320069313049e-02,-1.080935355275869370e-02,9.436684846878051758e-02,1.020803004503250122e-01,-1.561921536922454834e-01,-6.848107278347015381e-02,4.415632784366607666e-02,-2.360979281365871429e-02,4.408677667379379272e-02,1.007982715964317322e-01,-9.446930140256881714e-02,5.505491793155670166e-02,2.056512236595153809e-01,3.186617791652679443e-02,3.521296009421348572e-02,-3.339298069477081299e-02,1.616973429918289185e-02,7.992059737443923950e-02,1.537108272314071655e-01,1.205842047929763794e-01,-8.005081862211227417e-02,6.192450225353240967e-02,4.276173934340476990e-02,1.563123464584350586e-01,-1.610508710145950317e-01,-2.329552918672561646e-02,-5.337999761104583740e-02,-7.651517540216445923e-02,-2.609114721417427063e-02,-2.132696844637393951e-02,1.218651309609413147e-01,1.079301908612251282e-01,1.036514043807983398e-01,-5.804082006216049194e-02,6.392685323953628540e-02,7.215924561023712158e-03,2.946762368083000183e-02,-9.346076846122741699e-02,2.052898555994033813e-01,-3.334988281130790710e-02,5.297725088894367218e-03,8.085395209491252899e-03,2.041386999189853668e-02,2.549315690994262695e-01,-6.764537841081619263e-02,-2.559456229209899902e-01,-3.037544526159763336e-02,1.151691004633903503e-01,-2.148725790902972221e-03,-2.218531221151351929e-01,1.676740050315856934e-01,-5.715314298868179321e-02,-8.470583707094192505e-02,-7.376746088266372681e-02,1.097912564873695374e-01,1.143281459808349609e-01,1.824242025613784790e-01,1.466067880392074585e-01,1.254737675189971924e-01,2.470066696405410767e-01,3.123220615088939667e-02,-5.605574324727058411e-02,1.645751856267452240e-02
2.103971093893051147e-01,-1.382783651351928711e-01,-1.910335500724613667e-03,1.220345348119735718e-01,3.714545369148254395e-01,8.710760623216629028e-02,1.721411794424057007e-01,-2.686999365687370300e-02,2.883996069431304932e-02,-1.716226572170853615e-03,-5.759627092629671097e-03,1.092825233936309814e-01,-3.800929756835103035e-03,4.366851225495338440e-02,-7.277069240808486938e-02,-3.573464602231979370e-02,-7.822454720735549927e-02,7.088719308376312256e-02,-5.637030117213726044e-03,-2.187400311231613159e-02,9.523107856512069702e-02,-5.352756381034851074e-02,-8.539961650967597961e-03,-1.827562004327774048e-01,-5.309773236513137817e-02,-8.979233354330062866e-02,-1.135378032922744751e-01,4.133182810619473457e-04,-8.514424413442611694e-02,4.427552223205566406e-02,1.860301196575164795e-01,3.692213073372840881e-02,-1.364944782108068466e-02,3.413957357406616211e-02,-1.288592815399169922e-01,1.046436950564384460e-01,-1.106421370059251785e-02,-1.400888264179229736e-01,9.807819733396172523e-04,-1.477033644914627075e-01,1.400737613439559937e-01,1.824764013290405273e-01,1.611653119325637817e-01,-1.768271476030349731e-01,1.580700129270553589e-01,-9.695970267057418823e-02,-3.035048721358180046e-03,-3.134166598320007324e-01,7.284895330667495728e-02,5.251768603920936584e-02,-6.963769346475601196e-02,1.424214839935302734e-01,-1.175113916397094727e-01,-9.002986550331115723e-02,-2.270980328321456909e-01,1.523023843765258789e-01,-1.077561900019645691e-01,1.945866271853446960e-03,8.428803086280822754e-02,4.783700779080390930e-02,1.293480843305587769e-01,-1.495429277420043945e-01,3.205803036689758301e-02,4.058034345507621765e-02,9.915904700756072998e-02,-1.835875213146209717e-02,-1.240837499499320984e-01,-1.171273216605186462e-01,-6.940367072820663452e-02,-8.655774593353271484e-02,1.547664403915405273e-01,-2.423716522753238678e-02,1.994492262601852417e-01,-2.292778715491294861e-02,-1.569010019302368164e-01,6.080937013030052185e-02,1.449614912271499634e-01,-1.312962174415588379e-01,1.547761112451553345e-01,-3.585367696359753609e-03,-1.050783470273017883e-01,1.361510995775461197e-02,-1.488718539476394653e-01,-1.274975761771202087e-02,-8.488805592060089111e-02,6.199386436492204666e-03,-1.094830855727195740e-01,-6.292723119258880615e-02,-1.978400945663452148e-01,-3.295841813087463379e-02,-1.228841692209243774e-01,-2.169486731290817261e-01,-1.478669326752424240e-02,8.016030490398406982e-02,-9.730917215347290039e-02,-1.326494812965393066e-01,-3.987061977386474609e-02,-1.631370633840560913e-01,1.060177311301231384e-01,7.231851667165756226e-02,2.422941103577613831e-02,-4.467535018920898438e-02,7.819316536188125610e-02,-5.530311912298202515e-02,-1.602264493703842163e-01,1.352352201938629150e-01,-1.115098521113395691e-01,-1.960199177265167236e-01,1.724860966205596924e-01,-3.178938105702400208e-02,7.892038673162460327e-02,2.434110082685947418e-02,9.089935570955276489e-02,2.261004745960235596e-01,4.199180006980895996e-02,4.808027297258377075e-02,-2.070549316704273224e-02,1.344339400529861450e-01,-5.226247757673263550e-02,1.242758184671401978e-01,-5.548708140850067139e-02,7.308206707239151001e-02,-8.135531097650527954e-02,-1.706699695205315948e-04,3.877343609929084778e-02,-1.674968451261520386e-01,-8.366676419973373413e-02,-4.024892672896385193e-02,1.599634997546672821e-02,-9.211489558219909668e-02,1.230821684002876282e-01,1.630375385284423828e-01,1.073200106620788574e-01,-1.423765420913696289e-01,-1.108036637306213379e-01,5.052356421947479248e-02,-1.046712044626474380e-02,-9.170921891927719116e-02,-7.779338210821151733e-02,-3.315769433975219727e-01,1.425135135650634766e-01,3.570111840963363647e-02,-9.272126853466033936e-02,-6.571787595748901367e-02,1.760150939226150513e-01,-2.720388770103454590e-02,-1.109367012977600098e-01,-4.066302254796028137e-02,9.102003276348114014e-02,-7.884249091148376465e-03,-2.066206187009811401e-01,-1.568267792463302612e-01,-9.428243339061737061e-02,3.961306810379028320e-02,-2.557739913463592529e-01,4.965367540717124939e-02,-5.199107900261878967e-02,-7.547227293252944946e-02,-1.291325390338897705e-01,-1.682068966329097748e-02,-1.928511708974838257e-01,-9.679137170314788818e-02,-4.527014121413230896e-02,-3.388267159461975098e-01,-8.986689150333404541e-02,9.003373235464096069e-02,5.544188898056745529e-03,9.944415837526321411e-02,2.355014532804489136e-02,1.656245253980159760e-02,-2.263486832380294800e-01,-4.052652418613433838e-02,-1.401340682059526443e-02,-1.253771781921386719e-01,-2.725241892039775848e-02,-3.906284645199775696e-02,-1.298100352287292480e-01,-4.608515650033950806e-02,2.135049104690551758e-01,-7.522911182604730129e-04,-2.161528170108795166e-01,-3.705984652042388916e-01,1.111895665526390076e-01
-2.268531620502471924e-01,-8.002770692110061646e-02,-2.272854447364807129e-01,6.644850224256515503e-02,2.325378805398941040e-01,1.351676732301712036e-01,-6.804449111223220825e-02,5.769877135753631592e-02,1.782115548849105835e-02,-9.183774888515472412e-02,-6.310864351689815521e-03,-1.909799724817276001e-01,-2.511120736598968506e-01,-1.322757899761199951e-01,-2.911509573459625244e-01,-2.695999741554260254e-01,-5.076896548271179199e-01,-1.406581550836563110e-01,7.257793098688125610e-02,8.511006832122802734e-02,2.614279985427856445e-01,3.797376751899719238e-01,3.885605633258819580e-01,4.058978259563446045e-01,5.236100554466247559e-01,8.538139462471008301e-01,6.292541027069091797e-01,9.445962309837341309e-01,7.440567612648010254e-01,2.897182703018188477e-01,1.109246239066123962e-01,-3.983972370624542236e-01,-8.508625626564025879e-01,-2.965919971466064453e-01,-4.598336815834045410e-01,-7.836563587188720703e-01,-1.005961537361145020e+00,-1.012629032135009766e+00,-7.416623830795288086e-01,-5.427432656288146973e-01,-2.657405734062194824e-01,-2.922258675098419189e-01,-2.220879793167114258e-01,5.714549869298934937e-02,9.158866852521896362e-02,3.526067733764648438e-01,3.343102633953094482e-01,3.329701125621795654e-01,2.778747677803039551e-01,3.336328268051147461e-01,1.213514655828475952e-01,2.836022078990936279e-01,-5.686913803219795227e-02,5.302234739065170288e-02,-4.125785231590270996e-01,-4.074352383613586426e-01,-1.672334223985671997e-01,2.047014087438583374e-01,5.255954340100288391e-02,4.812127351760864258e-02,8.178415894508361816e-02,-3.273539012297987938e-03,-2.601252794265747070e-01,-2.332274168729782104e-01,-2.599199116230010986e-01,-1.900323182344436646e-01,-4.836215078830718994e-02,-2.001518309116363525e-01,-2.443847060203552246e-01,-1.072024852037429810e-01,-9.574011713266372681e-02,-1.249817833304405212e-01,-2.147012650966644287e-01,-2.029819190502166748e-01,-2.693520784378051758e-01,-2.208356559276580811e-01,-1.707390844821929932e-01,-9.546563029289245605e-02,-1.723225265741348267e-01,-2.342090606689453125e-01,2.643278054893016815e-02,-1.345997601747512817e-01,-1.391516476869583130e-01,-1.688680946826934814e-01,-8.025426417589187622e-02,-1.697692573070526123e-01,-7.491634786128997803e-02,-1.065873876214027405e-01,3.619579598307609558e-02,-1.379224658012390137e-01,-4.754569754004478455e-02,-8.093496412038803101e-02,-1.693107932806015015e-01,-1.269706338644027710e-01,-4.635291546583175659e-02,-1.689680069684982300e-01,-4.933961480855941772e-02,-1.253948658704757690e-01,-5.260618776082992554e-02,-2.123741209506988525e-01,-6.568936258554458618e-02,-2.103897482156753540e-01,-4.473990574479103088e-02,6.491607427597045898e-02,-1.594779491424560547e-01,-6.042210385203361511e-02,-9.486118704080581665e-02,-9.244362264871597290e-02,-2.280565240653231740e-06,5.335517227649688721e-02,1.221980303525924683e-01,-2.194401621818542480e-01,-1.222595870494842529e-01,-1.156112179160118103e-02,-2.131894081830978394e-01,-1.200415790081024170e-01,-2.114055901765823364e-01,7.364779710769653320e-02,-8.028227835893630981e-02,-1.777315139770507812e-01,9.113817475736141205e-03,-1.586624532938003540e-01,-1.308014732785522938e-03,-2.782682143151760101e-02,1.038935151882469654e-03,-1.534355580806732178e-01,-5.046899244189262390e-02,-2.566360235214233398e-01,-3.743917122483253479e-02,2.506219744682312012e-01,-1.839713007211685181e-01,3.578386083245277405e-02,-2.021866738796234131e-01,-1.690656691789627075e-01,-3.525834679603576660e-01,-2.178137749433517456e-01,-1.706213504076004028e-01,-1.126216053962707520e-01,-1.118158269673585892e-02,-2.915351092815399170e-02,-2.827581167221069336e-01,-2.113875597715377808e-01,-1.019083410501480103e-01,-3.135187923908233643e-01,-8.565198630094528198e-02,-1.157617047429084778e-01,-1.607541143894195557e-01,-7.391998916864395142e-02,-2.665091156959533691e-01,1.260146498680114746e-01,-2.133155465126037598e-01,-1.745154857635498047e-01,-1.092687696218490601e-01,-8.586979657411575317e-02,-1.498069167137145996e-01,-1.389679610729217529e-01,-3.482204079627990723e-01,-6.842733174562454224e-02,-1.551189720630645752e-01,-8.542189747095108032e-02,-2.049270868301391602e-01,-1.302816867828369141e-01,-2.025103420019149780e-01,-2.181889414787292480e-01,-2.187338024377822876e-01,-2.612120211124420166e-01,-1.963128000497817993e-01,-7.750818878412246704e-02,-1.476773023605346680e-01,-8.042591065168380737e-02,-2.914582490921020508e-01,-2.491690367460250854e-01,-1.777251362800598145e-01,-1.113200709223747253e-01,-2.449854910373687744e-01,-4.331287369132041931e-02,-7.747888565063476562e-02,-1.473486125469207764e-01,-3.031170070171356201e-01,-2.131808251142501831e-01,-3.868955075740814209e-01,-2.686591148376464844e-01,-2.299197018146514893e-01
4.602172225713729858e-02,3.095259144902229309e-02,-7.132979482412338257e-02,-8.542539179325103760e-02,2.566783726215362549e-01,8.859954774379730225e-02,-2.217141166329383850e-02,-1.790625602006912231e-01,1.466454565525054932e-01,-8.219921588897705078e-02,-2.956250309944152832e-02,1.750901788473129272e-01,1.801943331956863403e-01,3.902519866824150085e-02,-1.053070649504661560e-01,-4.805202409625053406e-02,-2.039279788732528687e-02,1.445639282464981079e-01,9.386897087097167969e-02,6.351274251937866211e-02,-2.005425095558166504e-01,6.040655449032783508e-02,6.335447728633880615e-02,-7.949157804250717163e-02,-1.395567804574966431e-01,3.269438073039054871e-02,2.746878564357757568e-01,3.330462798476219177e-02,-6.125719100236892700e-02,4.493365809321403503e-02,1.128870770335197449e-01,-7.062783837318420410e-02,-7.667171955108642578e-02,8.877526223659515381e-02,1.874273121356964111e-01,-1.384736746549606323e-01,-1.208325549960136414e-01,3.650171309709548950e-02,-1.417105346918106079e-01,-3.269084915518760681e-02,2.055151620879769325e-03,1.801845729351043701e-01,8.552476018667221069e-02,-2.089340239763259888e-01,1.199335698038339615e-02,7.245302200317382812e-02,2.488414496183395386e-01,1.169431433081626892e-01,1.753227263689041138e-01,-7.119332998991012573e-02,1.887186430394649506e-02,-7.582059502601623535e-02,-6.099507678300142288e-03,2.305311858654022217e-01,-1.356374658644199371e-02,4.961573518812656403e-03,-7.250172644853591919e-02,-1.115484088659286499e-01,-7.507759332656860352e-02,9.246637672185897827e-02,3.913214057683944702e-02,7.891666027717292309e-04,-7.595145143568515778e-03,-1.102146208286285400e-01,5.444413051009178162e-02,4.086322616785764694e-03,-1.837805360555648804e-01,1.951497495174407959e-01,5.253586173057556152e-02,5.138021707534790039e-02,1.068108454346656799e-01,2.510661073029041290e-02,-1.738487929105758667e-01,-7.310374081134796143e-02,2.823955379426479340e-02,3.792624920606613159e-02,7.582149654626846313e-02,4.919801279902458191e-02,1.938596069812774658e-01,-2.416598983108997345e-02,9.858056157827377319e-02,4.717515036463737488e-02,-1.084947511553764343e-01,-2.017823606729507446e-02,1.100305914878845215e-01,5.719063803553581238e-02,1.625550091266632080e-01,-3.894929960370063782e-02,2.764608860015869141e-01,-1.069170534610748291e-01,1.710507571697235107e-01,1.242033988237380981e-01,-4.926898330450057983e-02,-1.588463224470615387e-02,-1.554014384746551514e-01,1.001423001289367676e-01,9.132362902164459229e-02,1.098493039608001709e-01,-5.694304779171943665e-02,2.038783282041549683e-01,-2.133097872138023376e-02,1.596371829509735107e-02,1.462912708520889282e-01,1.520793605595827103e-02,9.517309069633483887e-02,3.073271922767162323e-02,6.915678083896636963e-02,-7.854307442903518677e-02,-2.076946664601564407e-03,-2.312283217906951904e-01,7.127621024847030640e-02,1.279801577329635620e-01,8.841712772846221924e-02,-2.186414003372192383e-01,-7.803668081760406494e-02,-1.385531872510910034e-01,5.716935545206069946e-02,-1.758665442466735840e-01,1.768143773078918457e-01,8.441180735826492310e-02,-1.292680054903030396e-01,3.182298690080642700e-02,-7.088007777929306030e-02,1.026195362210273743e-01,-2.628008462488651276e-02,-9.257481992244720459e-02,-1.464189141988754272e-01,-1.262023299932479858e-01,-2.694683894515037537e-02,3.550123423337936401e-02,1.559152305126190186e-01,-9.723382070660591125e-03,6.347160041332244873e-02,-4.215086251497268677e-02,1.473216116428375244e-01,1.328882481902837753e-02,-4.074946045875549316e-02,-2.153004854917526245e-01,-7.885050773620605469e-02,7.228920608758926392e-02,-4.479899257421493530e-02,-2.914271317422389984e-04,-1.744509339332580566e-01,4.029589891433715820e-02,2.671189606189727783e-01,6.739336997270584106e-02,1.519454270601272583e-02,-9.320384263992309570e-02,1.734410040080547333e-02,1.226616725325584412e-01,1.356864273548126221e-01,-2.396826073527336121e-02,-9.772452712059020996e-02,-1.411604881286621094e-01,-6.025551818311214447e-03,-3.129701688885688782e-02,2.616960741579532623e-02,-2.287924587726593018e-01,-1.145708709955215454e-01,1.998374611139297485e-01,2.552686957642436028e-03,1.399118900299072266e-01,-2.085107564926147461e-02,1.052956059575080872e-01,-4.869155585765838623e-02,3.242696821689605713e-02,1.630855202674865723e-01,-1.015969142317771912e-01,2.541907830163836479e-03,-9.622677415609359741e-02,1.056491304188966751e-02,2.233501756563782692e-03,1.832050234079360962e-01,6.037066504359245300e-02,1.360507905483245850e-01,1.602464616298675537e-01,-4.859980940818786621e-02,-1.405375152826309204e-01,-2.042939700186252594e-02,7.625559717416763306e-02,6.692748516798019409e-02,1.242470294237136841e-01,1.035697981715202332e-01
-1.605112999677658081e-01,-1.706239394843578339e-02,-1.048864871263504028e-01,2.905647037550806999e-03,-1.113704219460487366e-01,5.460428446531295776e-02,-8.114543557167053223e-02,-1.561063528060913086e-01,-1.906556077301502228e-03,-4.563621804118156433e-02,1.563901603221893311e-01,-8.597464859485626221e-02,-1.388253569602966309e-01,1.936999112367630005e-01,-3.181730210781097412e-02,-2.062797173857688904e-02,7.668378204107284546e-02,3.029969893395900726e-02,1.660156697034835815e-01,7.878524251282215118e-03,2.969068847596645355e-02,-8.841129392385482788e-02,1.042648311704397202e-02,9.262771159410476685e-02,1.045153513550758362e-01,-6.168290600180625916e-02,-1.493926346302032471e-01,1.247953698039054871e-01,-1.515208333730697632e-01,3.121084347367286682e-02,2.855098061263561249e-02,7.758640497922897339e-02,4.051000997424125671e-02,-2.084576487541198730e-01,-5.808453634381294250e-02,-1.137062162160873413e-01,-1.447881758213043213e-01,-2.116439118981361389e-02,1.526741869747638702e-02,9.552861005067825317e-02,5.064224079251289368e-02,8.925637230277061462e-03,-7.268758863210678101e-02,-3.731956332921981812e-02,5.624047666788101196e-02,-1.398345977067947388e-01,3.103987872600555420e-02,8.794352412223815918e-02,8.674686402082443237e-02,-1.676698774099349976e-01,-2.026312798261642456e-01,8.780842274427413940e-02,-2.646632790565490723e-01,1.787098199129104614e-01,1.781570352613925934e-02,-8.923010528087615967e-02,-2.257628291845321655e-01,1.111468393355607986e-02,-3.191625699400901794e-02,2.574573270976543427e-02,3.193966299295425415e-02,9.023389220237731934e-02,-1.364030539989471436e-01,-7.253440469503402710e-02,-1.330183893442153931e-01,4.234775900840759277e-02,2.311498112976551056e-02,1.586055606603622437e-01,1.039180904626846313e-02,2.259979248046875000e-01,2.308331057429313660e-02,5.471479147672653198e-02,-6.646369397640228271e-02,-1.814062595367431641e-01,-7.493902742862701416e-02,-1.291955262422561646e-01,-5.165570974349975586e-02,8.831669390201568604e-02,1.621438562870025635e-01,-1.371242851018905640e-01,-9.217905811965465546e-03,-1.573886349797248840e-02,-4.832848533987998962e-02,-6.533081829547882080e-02,-7.468815892934799194e-02,7.943234592676162720e-02,5.404425784945487976e-02,6.976334005594253540e-02,-2.518683299422264099e-02,8.539623767137527466e-02,5.008064955472946167e-02,-3.394602099433541298e-04,-2.701686322689056396e-01,7.490716129541397095e-02,6.818765401840209961e-02,1.383741348981857300e-01,-6.590502709150314331e-02,-3.093723952770233154e-02,-7.086716592311859131e-02,-1.104188114404678345e-01,6.681378930807113647e-02,4.811454191803932190e-02,8.892959356307983398e-02,6.433618813753128052e-02,-7.575318962335586548e-02,-1.298312991857528687e-01,-9.838476032018661499e-02,1.639124304056167603e-01,1.208250373601913452e-01,9.129440039396286011e-02,-7.658216357231140137e-02,-6.685233674943447113e-03,4.837397020310163498e-03,3.698014467954635620e-02,1.480873972177505493e-01,3.439329564571380615e-02,2.489201873540878296e-01,5.181410536170005798e-02,-5.040193442255258560e-03,2.061252482235431671e-02,-5.144274979829788208e-02,-8.366453461349010468e-03,-7.631925493478775024e-02,-3.564851358532905579e-02,-2.879146635532379150e-01,-1.668539084494113922e-02,-3.667471930384635925e-02,-1.437203586101531982e-01,-1.186554804444313049e-01,-1.494182050228118896e-01,5.128816887736320496e-02,1.626340672373771667e-02,-8.090127259492874146e-02,-5.245568975806236267e-02,1.120397001504898071e-01,8.031319826841354370e-02,1.564520299434661865e-01,3.750148788094520569e-02,-1.015170365571975708e-01,-5.645244382321834564e-03,-7.891641557216644287e-02,1.491129696369171143e-01,8.130592107772827148e-02,-4.868390038609504700e-02,-5.178725346922874451e-02,2.049188017845153809e-01,4.759355261921882629e-02,-1.480933725833892822e-01,9.801355749368667603e-02,-4.564021527767181396e-02,6.824769079685211182e-02,1.121879220008850098e-01,-5.577090755105018616e-02,-1.378209888935089111e-01,-4.571670293807983398e-02,7.588524371385574341e-02,-1.033791527152061462e-01,9.295681118965148926e-02,1.611720025539398193e-01,-7.632062584161758423e-02,1.540522426366806030e-01,-4.915124177932739258e-02,1.505311280488967896e-01,6.650892645120620728e-02,-1.364209502935409546e-01,1.582100987434387207e-01,-3.209767630323767662e-03,-6.514324992895126343e-02,-2.324456721544265747e-02,7.781086117029190063e-02,-7.816598564386367798e-02,6.995197385549545288e-02,1.793655306100845337e-01,-3.379487395286560059e-01,-1.733475178480148315e-01,1.788350194692611694e-01,-1.019279882311820984e-01,5.386031046509742737e-02,-1.726641505956649780e-02,7.531846314668655396e-02,-3.097366727888584137e-02,-2.514511048793792725e-01,-2.178219519555568695e-02
-1.467708125710487366e-02,1.951179355382919312e-01,2.701201140880584717e-01,9.716530889272689819e-02,4.104508087038993835e-02,-1.297845393419265747e-01,-5.295140296220779419e-02,1.643819361925125122e-01,-9.034913778305053711e-02,-7.990203797817230225e-02,-1.709758676588535309e-02,4.863646999001502991e-02,2.452568411827087402e-01,3.733795136213302612e-02,2.352333515882492065e-01,1.528293788433074951e-01,-8.563154935836791992e-02,1.398705318570137024e-02,-4.630922526121139526e-02,4.612448066473007202e-02,4.551953822374343872e-02,-1.943894326686859131e-01,-9.147914499044418335e-02,1.576147973537445068e-01,-4.172941669821739197e-02,-1.727126091718673706e-01,-2.968111261725425720e-02,8.446747809648513794e-02,3.355631604790687561e-02,1.675171852111816406e-01,-1.599525474011898041e-02,-4.203084111213684082e-02,-1.007773578166961670e-01,1.196838468313217163e-01,-9.733004868030548096e-02,-1.295181661844253540e-01,-5.084520950913429260e-02,5.773277953267097473e-02,9.459888190031051636e-02,1.310179010033607483e-02,-5.681478232145309448e-02,3.582295402884483337e-02,-4.467922821640968323e-02,9.302914887666702271e-02,2.046234607696533203e-01,8.933732658624649048e-02,1.297840625047683716e-01,2.343177422881126404e-02,4.329495131969451904e-02,-6.488063931465148926e-02,-2.933119656518101692e-03,1.926677674055099487e-02,7.697728462517261505e-03,1.176815759390592575e-02,-7.104789465665817261e-02,-1.421016454696655273e-01,-1.228271275758743286e-01,-2.469353564083576202e-02,-1.032260507345199585e-01,-1.004297733306884766e-01,-5.887841805815696716e-02,5.246759951114654541e-02,-8.606366813182830811e-02,-7.906639575958251953e-02,4.310542717576026917e-02,1.022112891077995300e-01,-2.235190272331237793e-01,-1.749615073204040527e-01,6.982134282588958740e-02,1.295624375343322754e-01,5.173091962933540344e-02,-1.974555663764476776e-02,-9.720987081527709961e-02,-1.829230599105358124e-02,-1.251898258924484253e-01,-6.640966981649398804e-02,-8.061927556991577148e-02,-1.434070020914077759e-01,2.286389470100402832e-02,-1.353882700204849243e-01,1.604673117399215698e-01,1.183413900434970856e-02,1.143490150570869446e-01,-1.653917282819747925e-01,-7.005559653043746948e-02,3.307021036744117737e-02,1.625826358795166016e-01,2.996495366096496582e-01,-4.911506548523902893e-02,1.620493680238723755e-01,-8.801166713237762451e-02,2.145222201943397522e-02,-4.532179329544305801e-03,8.416911959648132324e-02,-1.610151082277297974e-01,1.207941398024559021e-01,-4.699982330203056335e-02,-7.671550661325454712e-02,4.686003178358078003e-02,4.473385214805603027e-02,9.593424946069717407e-02,5.083778873085975647e-02,4.116652160882949829e-02,9.506750851869583130e-02,-7.528731133788824081e-03,-3.055948577821254730e-02,-4.433967173099517822e-02,4.412312060594558716e-03,9.140097349882125854e-02,3.227224573493003845e-02,2.336497455835342407e-01,1.470908820629119873e-01,-6.175506114959716797e-02,2.383215725421905518e-02,-3.215146437287330627e-02,2.142595872282981873e-02,1.330626457929611206e-01,-2.538330154493451118e-03,7.335091941058635712e-03,-2.370544075965881348e-01,5.145367234945297241e-02,1.464356929063796997e-01,-6.317976862192153931e-02,-8.455669134855270386e-02,2.427283115684986115e-02,1.161380633711814880e-01,-7.110286504030227661e-03,-4.446749389171600342e-02,1.197309643030166626e-01,6.876245886087417603e-02,1.099136918783187866e-01,4.663444310426712036e-02,5.103262513875961304e-02,-2.412693761289119720e-02,1.126259639859199524e-01,2.212320081889629364e-02,1.342077255249023438e-01,-1.910582035779953003e-01,5.323028564453125000e-02,-8.434731513261795044e-02,-4.942462220788002014e-02,8.948004245758056641e-02,-2.951593138277530670e-02,7.010648399591445923e-02,-1.250904202461242676e-01,-5.776577442884445190e-02,-6.193270534276962280e-02,7.720316946506500244e-02,-1.119432300329208374e-01,-3.356665372848510742e-02,1.598987914621829987e-02,-3.542238473892211914e-02,1.107834354043006897e-01,-2.792560458183288574e-01,-3.080303370952606201e-01,-9.721210598945617676e-02,-4.956126585602760315e-02,1.017856299877166748e-01,-3.302426636219024658e-02,-1.307295169681310654e-02,1.629127562046051025e-01,-4.837504774332046509e-02,1.436932384967803955e-01,3.357565402984619141e-02,-1.107158660888671875e-01,2.355991452932357788e-01,-8.639602363109588623e-02,1.132370159029960632e-01,6.971265655010938644e-03,6.859794259071350098e-02,-6.042186543345451355e-02,-6.689261645078659058e-02,3.141928464174270630e-02,6.591503322124481201e-02,-8.574942499399185181e-02,1.721286028623580933e-01,2.981750760227441788e-03,9.056075662374496460e-02,-1.139358654618263245e-01,-3.008675947785377502e-02,1.667584180831909180e-01,1.933350116014480591e-01,8.326707407832145691e-03
-2.106277048587799072e-01,-9.588376432657241821e-02,-3.423171490430831909e-02,-9.210883826017379761e-02,1.571967033669352531e-03,-5.108883604407310486e-02,-2.077984064817428589e-01,2.222890593111515045e-02,1.967007070779800415e-01,-3.515706583857536316e-02,-4.434827249497175217e-03,-7.359768450260162354e-02,-4.005675762891769409e-02,1.645028740167617798e-01,-2.093547582626342773e-02,-1.009541898965835571e-01,-6.341500580310821533e-02,4.094021022319793701e-02,1.225697994232177734e-01,7.430546451359987259e-03,-1.859147474169731140e-02,3.986457735300064087e-02,1.282537076622247696e-02,5.216057971119880676e-02,1.851289719343185425e-02,-3.779718652367591858e-02,4.338160157203674316e-03,-1.058320254087448120e-01,-7.037385553121566772e-02,-4.991262033581733704e-02,1.383007271215319633e-03,3.093417361378669739e-02,1.421059388667345047e-02,2.377184573560953140e-03,-2.475116401910781860e-02,-7.919732481241226196e-02,1.329674869775772095e-01,-2.390721589326858521e-01,2.750752270221710205e-01,-6.029583513736724854e-02,2.628668956458568573e-02,1.259415149688720703e-01,4.784351680427789688e-03,6.302995979785919189e-02,-2.004940062761306763e-01,4.495902732014656067e-02,-8.962696790695190430e-02,5.375727638602256775e-02,-1.130763664841651917e-01,1.503164172172546387e-01,1.246362999081611633e-01,-2.556951642036437988e-01,6.454578787088394165e-02,5.722225084900856018e-02,4.878611490130424500e-02,-7.964143157005310059e-02,1.561781764030456543e-01,1.255074739456176758e-01,-5.656455829739570618e-02,-2.894955873489379883e-02,-8.419612050056457520e-02,2.722665481269359589e-02,1.034373492002487183e-01,-3.811207786202430725e-02,-1.571444571018218994e-01,-9.432182461023330688e-02,-1.165081933140754700e-01,-1.688102036714553833e-01,-4.543516039848327637e-02,8.369454741477966309e-02,3.805145993828773499e-02,1.415595179423689842e-03,1.587288454174995422e-02,-3.455173596739768982e-02,-1.907781139016151428e-02,-3.946331515908241272e-02,-2.041834592819213867e-02,-1.582085192203521729e-01,-7.064668834209442139e-02,2.614616453647613525e-01,-1.167211383581161499e-01,6.059528142213821411e-02,8.658791333436965942e-02,-2.189711630344390869e-01,1.253091394901275635e-01,-1.980071067810058594e-01,1.021357700228691101e-01,1.954628899693489075e-02,-1.384198199957609177e-02,1.194030120968818665e-01,-8.194142952561378479e-03,7.740018516778945923e-02,-3.757542744278907776e-02,2.151566594839096069e-01,-7.412806153297424316e-02,-2.453261613845825195e-01,1.135402470827102661e-01,-1.860434561967849731e-01,2.992891147732734680e-02,1.111565306782722473e-01,6.895302236080169678e-02,-1.072096452116966248e-01,1.189125981181859970e-02,3.736713901162147522e-02,-9.120029211044311523e-02,-1.089170500636100769e-01,-3.747369349002838135e-02,-4.598116129636764526e-02,-8.792588114738464355e-02,-3.015495464205741882e-02,-1.822689920663833618e-02,-3.225609287619590759e-02,7.403479516506195068e-02,-1.174998283386230469e-01,5.627679452300071716e-02,1.557023376226425171e-01,-1.357212215662002563e-01,4.020765051245689392e-02,-1.198648214340209961e-01,1.873997896909713745e-01,5.149160698056221008e-02,7.799118757247924805e-02,3.018892928957939148e-02,-6.986773014068603516e-02,1.566236466169357300e-01,-2.899018116295337677e-02,-1.163073331117630005e-01,9.537627547979354858e-02,-1.918553560972213745e-02,1.117710024118423462e-01,-4.134064018726348877e-01,-2.116060629487037659e-02,1.620480604469776154e-02,-1.394668221473693848e-01,-2.145969867706298828e-01,1.634746938943862915e-01,1.030622399412095547e-03,1.052619293332099915e-01,-2.543767727911472321e-02,1.649300754070281982e-01,-2.120377421379089355e-01,-2.818060293793678284e-02,-1.504222601652145386e-01,-8.832399547100067139e-02,-7.240981608629226685e-02,9.317857772111892700e-02,6.420123577117919922e-02,6.825505988672375679e-05,-1.574934422969818115e-01,-7.804729789495468140e-02,-3.856894001364707947e-02,2.317274175584316254e-02,-4.605508595705032349e-02,1.413236707448959351e-01,-1.884544044733047485e-01,3.682439029216766357e-02,-4.781935736536979675e-02,-2.417104691267013550e-02,-2.055447101593017578e-01,2.372835278511047363e-01,1.001683101058006287e-01,6.636360287666320801e-02,1.609435677528381348e-01,-9.088663011789321899e-02,1.252395361661911011e-01,-2.259548194706439972e-02,-8.957214653491973877e-02,6.862873584032058716e-02,2.159169912338256836e-01,1.617123186588287354e-01,4.136330261826515198e-02,8.776847273111343384e-02,2.177040725946426392e-01,7.715354859828948975e-02,-1.251876801252365112e-01,4.664116352796554565e-02,-9.979438781738281250e-02,6.523899734020233154e-02,4.829280078411102295e-02,-3.152309358119964600e-02,3.550064750015735626e-03,-2.943831728771328926e-03,-6.598184257745742798e-02
-1.831255406141281128e-01,-6.019301712512969971e-02,-1.197037845849990845e-01,-1.148961260914802551e-01,-2.632415890693664551e-01,-2.924628853797912598e-01,-1.614728420972824097e-01,-4.776645451784133911e-02,1.972270309925079346e-01,1.465694904327392578e-01,9.320181608200073242e-02,4.511986300349235535e-02,2.759403288364410400e-01,2.770544728264212608e-03,1.584781110286712646e-01,1.455906331539154053e-01,2.069021761417388916e-01,1.693943887948989868e-01,2.673934400081634521e-01,2.952271699905395508e-01,2.163230478763580322e-01,8.845558762550354004e-02,6.976442039012908936e-02,-3.015120513737201691e-02,1.987069696187973022e-01,1.792399585247039795e-01,-1.180577278137207031e-02,-6.605392694473266602e-02,-2.315679043531417847e-01,-2.963506579399108887e-01,-3.717587590217590332e-01,-4.358882606029510498e-01,-2.504152357578277588e-01,3.979654982686042786e-02,-2.486906796693801880e-01,-1.383454650640487671e-01,3.258803859353065491e-02,3.518314100801944733e-03,-2.025702781975269318e-02,2.180545926094055176e-01,1.174452751874923706e-01,7.186182588338851929e-02,1.430485993623733521e-01,3.157524168491363525e-01,1.392028927803039551e-01,4.290879368782043457e-01,1.716314405202865601e-01,3.463355600833892822e-01,1.311334222555160522e-01,2.649162709712982178e-01,1.446978300809860229e-01,-2.329727448523044586e-02,-8.769033849239349365e-02,-1.117483824491500854e-01,-1.369181722402572632e-01,-2.058000117540359497e-01,6.244327872991561890e-02,-2.472023218870162964e-01,-2.697818875312805176e-01,-6.056315824389457703e-02,-3.073139488697052002e-02,6.247834861278533936e-02,6.774669885635375977e-02,1.868656575679779053e-01,2.338730245828628540e-01,1.439557969570159912e-01,2.547839581966400146e-01,1.585393100976943970e-01,1.317163109779357910e-01,3.514705002307891846e-01,2.646026015281677246e-01,2.999371290206909180e-01,2.575845718383789062e-01,2.098728716373443604e-01,2.453501671552658081e-01,-1.546722254715859890e-03,1.087153106927871704e-01,-6.568639725446701050e-02,1.944107376039028168e-02,1.009959504008293152e-01,-5.862132459878921509e-02,5.648401379585266113e-02,1.049188151955604553e-01,1.181577816605567932e-01,1.702908277511596680e-01,4.145144671201705933e-02,1.717812269926071167e-01,6.565263122320175171e-02,4.083137214183807373e-01,2.605826258659362793e-01,-1.195199862122535706e-01,4.816927388310432434e-02,5.052742362022399902e-02,7.869197428226470947e-02,-1.154439058154821396e-02,2.018803916871547699e-02,-1.401569042354822159e-02,8.527552336454391479e-02,2.696464657783508301e-01,1.992463022470474243e-01,1.962379515171051025e-01,8.514834940433502197e-02,5.362849682569503784e-02,1.851154863834381104e-01,7.714515179395675659e-02,1.783059909939765930e-02,-3.794536460191011429e-03,5.056770890951156616e-02,1.045337021350860596e-01,1.203147917985916138e-01,-5.993239954113960266e-02,5.771145597100257874e-02,-4.745182022452354431e-02,-3.091655299067497253e-02,1.267507076263427734e-01,-3.160694614052772522e-03,-6.086913496255874634e-02,-5.932343658059835434e-03,6.163163483142852783e-02,7.879513502120971680e-02,9.312748163938522339e-02,-1.992407739162445068e-01,-1.741127222776412964e-01,-1.562341898679733276e-01,-1.180151626467704773e-01,-1.090886294841766357e-01,2.466338500380516052e-02,-1.207081899046897888e-01,8.126246742904186249e-03,1.391536295413970947e-01,-3.539459314197301865e-03,-9.039255231618881226e-02,-1.030089557170867920e-01,-2.131305932998657227e-01,-5.677862465381622314e-02,-1.171892061829566956e-01,5.896349623799324036e-02,-1.182923838496208191e-01,1.234381049871444702e-01,2.417974919080734253e-02,-1.781565546989440918e-01,-1.123482063412666321e-01,-1.305511314421892166e-02,-6.331168860197067261e-02,-1.641605049371719360e-02,-2.615952678024768829e-02,4.180178046226501465e-02,-3.602117300033569336e-02,4.326416924595832825e-02,3.303736075758934021e-02,-2.074445039033889771e-01,-2.585045695304870605e-01,-1.678972542285919189e-01,-1.708919256925582886e-01,-6.746759265661239624e-02,-1.165107563138008118e-01,-2.998139858245849609e-01,7.055340707302093506e-02,-1.359118968248367310e-01,-1.284512132406234741e-01,-5.289119202643632889e-03,-2.847359180450439453e-01,-7.682015746831893921e-02,-1.285516023635864258e-01,-5.648107454180717468e-02,1.164405494928359985e-01,-2.849648296833038330e-01,-2.307523041963577271e-01,-7.503850013017654419e-02,5.116127803921699524e-02,-6.759820133447647095e-02,-2.315752357244491577e-01,-1.826477944850921631e-01,-2.303204387426376343e-01,-1.482007950544357300e-01,-1.064258217811584473e-01,-9.136015921831130981e-02,-1.148415803909301758e-01,3.219769801944494247e-03,-5.951299518346786499e-02,-2.502113580703735352e-01,-1.888027489185333252e-01,-2.792371436953544617e-02
3.025983870029449463e-01,-2.453739047050476074e-01,-1.332779377698898315e-01,4.438912272453308105e-01,4.642425477504730225e-01,3.382862508296966553e-01,1.599486321210861206e-01,-7.575327763333916664e-04,-1.019840762019157410e-01,2.674241364002227783e-02,5.405111983418464661e-02,-2.667447626590728760e-01,-2.929797172546386719e-01,-2.364962249994277954e-01,-9.321413002908229828e-03,-2.731041610240936279e-01,-9.379779547452926636e-02,-2.021106183528900146e-01,-2.037719786167144775e-01,-5.333053320646286011e-02,-3.061102926731109619e-01,-9.695020318031311035e-02,-5.633473023772239685e-02,-8.504305034875869751e-02,-1.278947591781616211e-01,-2.339946180582046509e-01,1.061097998172044754e-02,4.155240952968597412e-02,6.341352313756942749e-02,1.214634552597999573e-01,2.348245382308959961e-01,3.800244331359863281e-01,2.717866897583007812e-01,-1.596551574766635895e-02,-5.291352048516273499e-02,-7.679536938667297363e-02,-1.326317787170410156e-01,-1.871517598628997803e-01,-2.051132917404174805e-01,-2.094678133726119995e-01,-3.678932487964630127e-01,-4.739705324172973633e-01,-3.469759225845336914e-01,-3.497376441955566406e-01,-3.613878786563873291e-01,-1.182011663913726807e-01,-2.515098154544830322e-01,-2.710160613059997559e-01,-4.804045557975769043e-01,-3.789249658584594727e-01,-2.802923619747161865e-01,-3.704036474227905273e-01,-1.723104119300842285e-01,3.457913175225257874e-03,7.502213865518569946e-02,2.347676753997802734e-01,2.922227233648300171e-02,3.544585704803466797e-01,4.667436480522155762e-01,1.832164674997329712e-01,-2.209455333650112152e-02,4.250130057334899902e-02,-1.569765508174896240e-01,-1.013191118836402893e-01,-3.765564784407615662e-02,-4.506143555045127869e-02,-6.322547793388366699e-03,-2.615961134433746338e-01,-3.355296850204467773e-01,-1.489699333906173706e-01,-2.003202438354492188e-01,-5.548566579818725586e-02,-2.238606065511703491e-01,-1.877418458461761475e-01,-3.756851851940155029e-01,-5.093717575073242188e-02,-3.314064741134643555e-01,-3.081918656826019287e-01,3.105346485972404480e-02,-1.242778971791267395e-01,-3.609450906515121460e-02,8.262023329734802246e-03,-2.218003869056701660e-01,-1.529480069875717163e-01,-1.283518970012664795e-01,-1.222215294837951660e-01,-9.063123166561126709e-02,-2.271548062562942505e-01,-3.195226192474365234e-01,-3.901378214359283447e-01,-3.320795297622680664e-01,-4.819424152374267578e-01,-3.600319623947143555e-01,-5.831739902496337891e-01,-4.727012813091278076e-01,-3.793280124664306641e-01,-1.505010277032852173e-01,-4.184291660785675049e-01,-2.056846469640731812e-01,-5.784898996353149414e-01,-4.655519425868988037e-01,-3.262589275836944580e-01,-3.281746208667755127e-01,-2.812232971191406250e-01,-2.708430886268615723e-01,-1.385227292776107788e-01,-3.418492674827575684e-01,-3.146054446697235107e-01,-2.281670868396759033e-01,-3.259784579277038574e-01,-3.072541356086730957e-01,-2.637369632720947266e-01,-2.098593264818191528e-01,-3.250673413276672363e-01,-1.180315837264060974e-01,-2.416329681873321533e-01,-2.517775297164916992e-01,-2.165927439928054810e-01,-2.227037446573376656e-03,-4.018983542919158936e-01,-3.880339562892913818e-01,-8.722709864377975464e-02,-9.861922264099121094e-02,5.960040166974067688e-02,-3.518399596214294434e-02,1.039190888404846191e-01,-8.644063025712966919e-02,7.407770305871963501e-02,-4.883436858654022217e-02,1.377152353525161743e-01,2.163135074079036713e-02,-5.432113260030746460e-02,1.400533020496368408e-01,3.449339419603347778e-02,2.349393963813781738e-01,1.289126873016357422e-01,-6.626309454441070557e-02,4.299489408731460571e-02,1.323393583297729492e-01,1.722988933324813843e-01,1.310670655220746994e-02,9.849861264228820801e-02,1.322548091411590576e-01,2.554629743099212646e-02,2.833968028426170349e-02,8.851937949657440186e-03,1.887693256139755249e-01,6.650386750698089600e-02,8.227001875638961792e-02,7.343930006027221680e-02,-7.410959154367446899e-02,8.625452965497970581e-02,1.378058735281229019e-02,3.201130032539367676e-02,5.692024156451225281e-02,7.200390845537185669e-02,3.472223132848739624e-02,1.250300109386444092e-01,3.868760168552398682e-02,-1.661494374275207520e-02,2.570175230503082275e-01,1.845187395811080933e-01,1.696031391620635986e-01,1.047720387578010559e-01,9.235859848558902740e-03,1.345871835947036743e-01,1.761606186628341675e-01,9.453781694173812866e-02,1.243176907300949097e-01,3.584370762109756470e-02,9.180971235036849976e-02,6.144927069544792175e-02,9.107831865549087524e-03,1.068637743592262268e-01,2.782409265637397766e-02,-5.872476473450660706e-02,1.415627449750900269e-01,2.090119719505310059e-01,4.434462264180183411e-02,-5.079789087176322937e-02,4.016662016510963440e-02,4.232143238186836243e-02,1.012893114238977432e-02
-7.899554818868637085e-02,3.778758645057678223e-02,1.104622632265090942e-01,4.324927181005477905e-02,-5.632103979587554932e-02,-9.419456869363784790e-02,1.880272105336189270e-02,-3.895611315965652466e-02,1.718647591769695282e-02,4.245722293853759766e-02,8.179373107850551605e-03,-6.313574314117431641e-02,-1.107670739293098450e-01,-1.270240843296051025e-01,-1.503900289535522461e-01,-5.883851274847984314e-02,4.819827526807785034e-02,-6.499155610799789429e-02,-5.986672826111316681e-03,7.420986890792846680e-02,1.776979863643646240e-01,-3.442451730370521545e-02,-1.033611670136451721e-01,4.755012318491935730e-02,-6.790693104267120361e-02,-3.697169199585914612e-02,-2.431006543338298798e-02,3.361040353775024414e-02,-1.103638485074043274e-01,-2.640970945358276367e-01,-1.453966200351715088e-01,-8.127812296152114868e-02,1.701949804555624723e-04,4.445369914174079895e-02,5.460204184055328369e-02,2.439483813941478729e-02,1.133569050580263138e-02,6.645334511995315552e-02,3.359214961528778076e-02,-9.175138920545578003e-02,5.627648159861564636e-02,-5.807305872440338135e-02,-1.747982501983642578e-01,1.462988853454589844e-01,7.517460733652114868e-02,2.024003416299819946e-01,1.093494519591331482e-01,1.252455636858940125e-02,2.052771014859899879e-04,6.283794343471527100e-02,1.878434866666793823e-01,-4.255593568086624146e-02,-4.056210070848464966e-02,-6.698790937662124634e-02,-7.957235723733901978e-02,8.737991750240325928e-02,3.632536530494689941e-02,-1.519693881273269653e-01,1.038768962025642395e-01,-6.333889812231063843e-02,1.176556423306465149e-01,1.480456292629241943e-01,-7.691025733947753906e-02,1.108418852090835571e-01,6.032526865601539612e-02,-1.292671859264373779e-01,1.065309271216392517e-01,-7.075098156929016113e-02,-7.889930158853530884e-02,4.530873149633407593e-02,6.891139596700668335e-02,-8.327228575944900513e-02,2.562139416113495827e-03,-1.317890733480453491e-01,5.312939733266830444e-02,-5.208167806267738342e-02,4.324745759367942810e-02,-2.628763020038604736e-01,2.216255813837051392e-01,-2.233881354331970215e-01,-1.157483309507369995e-01,6.101331487298011780e-02,-4.138965532183647156e-02,-6.851331144571304321e-02,-2.886782214045524597e-02,7.151283323764801025e-02,1.081989854574203491e-01,7.465329021215438843e-02,1.659589111804962158e-01,-4.312364757061004639e-02,-9.559118747711181641e-02,-1.520902961492538452e-01,1.166692376136779785e-01,8.138669282197952271e-02,7.569891959428787231e-02,-1.968483999371528625e-02,1.344258040189743042e-01,5.590339004993438721e-02,1.376062333583831787e-01,6.447104364633560181e-02,4.729943349957466125e-02,9.548982977867126465e-02,3.992484509944915771e-02,8.911923319101333618e-02,2.500810660421848297e-02,-9.700372070074081421e-02,1.755198687314987183e-01,1.409856826066970825e-01,-1.896942965686321259e-02,1.182145103812217712e-01,-1.195854097604751587e-01,-4.618135839700698853e-02,-1.101435124874114990e-01,5.315124988555908203e-02,-1.477404087781906128e-01,-6.014565378427505493e-02,1.153927668929100037e-01,-8.853983879089355469e-02,-1.584288105368614197e-02,-1.758079230785369873e-02,-1.626236885786056519e-01,4.544287547469139099e-02,3.994308039546012878e-02,-4.555776249617338181e-03,-4.589914157986640930e-02,6.152105052024126053e-03,6.048205122351646423e-02,-9.884908795356750488e-03,9.223231114447116852e-03,-7.671467959880828857e-02,6.263036280870437622e-02,4.191968217492103577e-02,-4.467736929655075073e-02,6.411265581846237183e-03,5.109480395913124084e-02,8.531186729669570923e-02,3.406608477234840393e-02,4.967912659049034119e-02,-8.612164855003356934e-02,-1.856400072574615479e-01,7.052982598543167114e-02,4.630262032151222229e-02,1.927827745676040649e-01,-2.445973157882690430e-01,6.673742085695266724e-02,-2.327129244804382324e-03,-3.305681794881820679e-02,-1.138610616326332092e-01,4.169201105833053589e-02,1.179147958755493164e-01,3.752032667398452759e-02,8.639991283416748047e-03,-2.528808452188968658e-02,-8.988588303327560425e-02,2.735994197428226471e-02,1.511400192975997925e-01,4.445691034197807312e-02,8.950550854206085205e-02,1.965095400810241699e-01,3.456904739141464233e-02,1.678080707788467407e-01,1.817706674337387085e-01,-1.690416038036346436e-01,-1.738245189189910889e-01,-1.209859177470207214e-01,6.226315349340438843e-02,-1.121720224618911743e-01,1.046770364046096802e-01,6.791735067963600159e-04,9.967564046382904053e-02,5.696363747119903564e-02,8.533040434122085571e-02,1.548390388488769531e-01,-1.808368228375911713e-02,3.690496832132339478e-02,-8.136121928691864014e-02,1.277745813131332397e-01,-6.064669415354728699e-02,-5.736265331506729126e-02,-5.896225944161415100e-02,-1.127884089946746826e-01,-1.229143366217613220e-01,-8.417255245149135590e-03
-5.103152617812156677e-02,1.203106641769409180e-01,1.222314871847629547e-02,2.049705758690834045e-02,3.781235963106155396e-02,-9.219449758529663086e-02,-2.504215389490127563e-02,-3.452798724174499512e-02,-3.978671506047248840e-02,-1.404368132352828979e-01,4.534501582384109497e-02,-1.868230551481246948e-01,-9.631380438804626465e-02,-4.711546376347541809e-02,-5.107850581407546997e-02,5.368278175592422485e-02,-3.276007622480392456e-02,-3.257908858358860016e-03,-1.769333779811859131e-01,-1.467067897319793701e-01,9.293154627084732056e-02,-5.316700786352157593e-02,1.043740510940551758e-01,5.422866344451904297e-02,-2.454519718885421753e-01,-2.381567656993865967e-01,-1.973835378885269165e-01,3.326940815895795822e-03,4.993612878024578094e-03,1.006877645850181580e-01,4.068959653377532959e-01,-5.012724176049232483e-02,1.177233979105949402e-01,-1.011824756860733032e-01,2.001903206110000610e-01,-4.060656577348709106e-02,-2.043477632105350494e-02,-6.833822280168533325e-02,-1.632999032735824585e-01,-1.502114087343215942e-01,-2.458907663822174072e-02,1.417403668165206909e-01,6.933815777301788330e-02,-2.273368462920188904e-02,-2.501705884933471680e-01,-3.677619695663452148e-01,5.361913889646530151e-02,-6.307411193847656250e-02,-1.189979240298271179e-01,-1.726855710148811340e-02,-1.914868950843811035e-01,-7.165060937404632568e-02,7.561410963535308838e-02,1.397787630558013916e-01,1.929929256439208984e-01,5.076475441455841064e-02,2.101321965456008911e-01,3.235617280006408691e-02,1.078244950622320175e-02,-3.659365698695182800e-02,-3.671002388000488281e-02,-2.153811231255531311e-02,-9.115918725728988647e-02,-1.526548340916633606e-02,-2.202469706535339355e-01,2.151136472821235657e-02,1.456654369831085205e-01,-2.213001437485218048e-02,-8.010741323232650757e-02,-1.578660309314727783e-01,-1.052509695291519165e-01,2.183565869927406311e-02,-2.283413261175155640e-01,-1.333869695663452148e-01,-1.039847359061241150e-01,-4.519510865211486816e-01,-2.049420587718486786e-02,-1.645482033491134644e-01,-1.944257915019989014e-01,1.417526453733444214e-01,-2.306202203035354614e-01,-9.823359549045562744e-02,1.128994207829236984e-02,5.683138221502304077e-02,1.530184149742126465e-01,-2.173464447259902954e-01,3.810111433267593384e-02,-1.847498267889022827e-01,-2.218017578125000000e-01,-1.743257045745849609e-01,-2.129319123923778534e-02,-7.258803397417068481e-02,-2.161671072244644165e-01,6.920925527811050415e-02,1.212012115865945816e-02,-4.811275750398635864e-02,-1.464865952730178833e-01,2.321767434477806091e-02,-1.122122779488563538e-01,2.341083437204360962e-01,-6.387059390544891357e-02,-1.114398315548896790e-01,7.736481726169586182e-02,-7.113460451364517212e-02,6.793851405382156372e-02,-2.125795036554336548e-01,-1.273311674594879150e-02,-1.243361830711364746e-02,-4.127282276749610901e-02,-9.145976603031158447e-02,-6.236846745014190674e-02,3.275566175580024719e-02,-5.325350910425186157e-02,-2.576246857643127441e-01,-9.210549294948577881e-02,-6.554371118545532227e-02,-2.436140030622482300e-01,9.962318290490657091e-05,-1.925769746303558350e-01,-1.349171157926321030e-02,-8.383465558290481567e-02,-4.804521054029464722e-02,-2.143636941909790039e-01,-6.294431537389755249e-02,6.665197014808654785e-02,-1.856954023241996765e-02,5.319378525018692017e-02,-4.172411933541297913e-02,4.534245282411575317e-02,-8.703169971704483032e-02,4.426474869251251221e-02,8.000021427869796753e-02,-1.490395665168762207e-01,1.069874614477157593e-01,-9.577304124832153320e-02,-1.470756828784942627e-01,1.152131035923957825e-01,2.935293614864349365e-01,2.148202620446681976e-02,-6.464396417140960693e-02,6.308164447546005249e-02,6.978933513164520264e-02,-9.661035239696502686e-02,6.923274695873260498e-02,5.928547307848930359e-02,1.243089232593774796e-02,-3.392834588885307312e-02,1.121229259297251701e-03,7.623449712991714478e-02,-1.267293188720941544e-02,6.147760897874832153e-02,5.659230053424835205e-02,3.123476170003414154e-03,1.210501119494438171e-01,1.240727826952934265e-01,1.062668021768331528e-02,4.584064334630966187e-02,3.352781385183334351e-02,4.269590601325035095e-02,-1.260186638683080673e-02,-8.079846948385238647e-02,5.892198532819747925e-03,-7.955816388130187988e-02,1.402359157800674438e-01,1.631008088588714600e-01,-9.380647540092468262e-02,4.497317597270011902e-03,2.105375519022345543e-03,-1.646541953086853027e-01,1.340301334857940674e-01,8.220433443784713745e-02,6.812079995870590210e-02,-1.291420310735702515e-02,4.245744645595550537e-02,-2.374067157506942749e-02,1.013171747326850891e-01,1.708231680095195770e-02,-1.500866413116455078e-01,9.516287595033645630e-02,6.141132488846778870e-02,1.307782977819442749e-01,1.365910321474075317e-01,5.413725972175598145e-02
3.682400658726692200e-02,6.511653959751129150e-02,-1.304735541343688965e-01,4.486107081174850464e-02,4.198768734931945801e-02,-7.131798565387725830e-02,1.540035009384155273e-01,-1.345751881599426270e-01,6.877046078443527222e-02,-1.011358648538589478e-01,8.445636183023452759e-02,-1.872662827372550964e-02,2.099418640136718750e-01,-7.382882386445999146e-02,4.810536652803421021e-02,9.750015288591384888e-02,-3.910759091377258301e-02,-2.297466248273849487e-02,4.239250347018241882e-02,-1.226402148604393005e-01,2.413540845736861229e-03,2.473560471116797999e-06,7.910326868295669556e-02,5.924636498093605042e-03,5.039357766509056091e-02,-6.874819099903106689e-02,-1.936053782701492310e-01,-3.241807594895362854e-02,1.425954252481460571e-01,-3.538922592997550964e-02,-8.768603205680847168e-02,-1.158789470791816711e-01,-2.142289280891418457e-02,-1.523609459400177002e-01,6.866026669740676880e-02,-1.112455036491155624e-02,-1.204190105199813843e-01,1.345206648111343384e-01,2.315022516995668411e-03,1.061144694685935974e-01,-1.004874929785728455e-01,7.281175255775451660e-02,-5.264230817556381226e-02,-2.130885571241378784e-01,-1.561220288276672363e-01,1.631107553839683533e-02,-2.021262198686599731e-01,-3.361113369464874268e-02,-4.888008534908294678e-02,5.437772348523139954e-02,1.013831049203872681e-01,3.382232272997498512e-03,-5.122230201959609985e-02,3.251065686345100403e-02,3.321944177150726318e-02,1.517471820116043091e-01,8.467444032430648804e-02,-1.228530481457710266e-01,-4.351177066564559937e-02,7.249905169010162354e-02,2.057933434844017029e-02,-3.568255528807640076e-02,2.338229864835739136e-02,-1.365717947483062744e-01,-2.416319549083709717e-01,-6.683164089918136597e-02,-7.786301523447036743e-02,1.897151619195938110e-01,-8.334800601005554199e-02,3.348378837108612061e-02,1.406588125973939896e-02,-1.993007771670818329e-02,-2.032169103622436523e-01,-6.088441237807273865e-02,-7.042834162712097168e-02,1.997560029849410057e-03,-1.363063007593154907e-01,1.534022390842437744e-01,3.310342784970998764e-03,3.585867211222648621e-02,4.632010590285062790e-03,8.584800176322460175e-03,7.838635705411434174e-03,1.748573333024978638e-01,-1.837894469499588013e-01,1.103757396340370178e-01,-3.379806503653526306e-02,5.018795374780893326e-03,3.356824442744255066e-02,-6.273961067199707031e-02,-4.340780526399612427e-02,2.572311274707317352e-02,1.687498688697814941e-01,1.853241212666034698e-02,1.044377237558364868e-01,-1.484611332416534424e-01,2.080678939819335938e-02,-1.911469548940658569e-02,7.987698912620544434e-02,-1.309313178062438965e-01,7.161747664213180542e-02,6.336307525634765625e-02,-3.750471398234367371e-02,1.462735142558813095e-02,-2.115295082330703735e-01,4.476663016248494387e-04,3.185583651065826416e-02,2.291831076145172119e-01,9.502109140157699585e-02,5.179294571280479431e-02,-7.620488107204437256e-02,1.091838479042053223e-01,1.420425623655319214e-01,-5.326510407030582428e-03,-1.597366482019424438e-02,6.452398747205734253e-02,-7.345104217529296875e-02,6.728578358888626099e-02,4.718143492937088013e-02,-1.533681750297546387e-01,1.116970926523208618e-01,-2.089566737413406372e-02,1.795379668474197388e-01,2.926782891154289246e-02,7.005070894956588745e-02,5.127483978867530823e-03,4.694991931319236755e-02,1.412527821958065033e-02,-1.676723244599997997e-03,-8.545007556676864624e-02,-5.579354986548423767e-02,-9.323018603026866913e-03,-1.287084817886352539e-01,-1.070037260651588440e-01,2.032828032970428467e-01,2.091308683156967163e-01,-3.229711577296257019e-02,9.395739436149597168e-02,2.210192382335662842e-01,6.743825227022171021e-02,-2.460094913840293884e-02,2.272972092032432556e-02,3.560531884431838989e-02,1.793934404850006104e-01,2.664487808942794800e-02,-1.972632668912410736e-02,-4.481294378638267517e-02,-6.893491744995117188e-02,7.788804173469543457e-02,1.230022087693214417e-01,-3.933592513203620911e-02,-5.642776191234588623e-02,1.531838625669479370e-01,-1.066786497831344604e-01,-4.990201070904731750e-02,3.095387294888496399e-02,-7.869817316532135010e-02,4.270131513476371765e-02,7.082477957010269165e-02,1.382061839103698730e-01,1.007965505123138428e-01,2.323947846889495850e-01,-2.238232083618640900e-02,6.743217259645462036e-02,5.174655094742774963e-02,8.567252010107040405e-02,1.173282563686370850e-01,2.124774456024169922e-02,-1.558914128690958023e-02,-2.029800787568092346e-02,1.830331236124038696e-01,-3.943704534322023392e-03,2.430306747555732727e-03,-4.314376786351203918e-02,-1.520196720957756042e-02,2.611759677529335022e-02,-1.357422769069671631e-01,-6.218631565570831299e-02,-5.617468431591987610e-02,8.548204787075519562e-03,6.098433211445808411e-02,8.550705015659332275e-02,7.917208224534988403e-02
1.188966557383537292e-01,7.115376740694046021e-02,-8.331585675477981567e-02,7.474400848150253296e-02,-1.052677258849143982e-01,-9.516996145248413086e-02,-2.710061147809028625e-02,3.094138950109481812e-02,6.451778113842010498e-02,2.343091964721679688e-01,7.931716740131378174e-02,1.178966537117958069e-01,3.049265779554843903e-02,5.655476823449134827e-03,-9.242035448551177979e-02,-1.712257042527198792e-02,-1.611432060599327087e-02,1.026986241340637207e-01,9.028031677007675171e-02,-7.923508435487747192e-02,3.388389647006988525e-01,7.158755511045455933e-02,2.159556448459625244e-01,-4.824604466557502747e-02,-1.994682848453521729e-01,1.779700219631195068e-01,2.428676038980484009e-01,5.069337487220764160e-01,3.008415102958679199e-01,3.229082226753234863e-01,2.585945427417755127e-01,1.343628913164138794e-01,3.902013599872589111e-01,7.785283960402011871e-03,9.934242814779281616e-02,4.989901930093765259e-02,-6.007391214370727539e-02,1.593613415025174618e-04,3.564686328172683716e-02,-3.228266909718513489e-02,6.485273595899343491e-03,-6.304363161325454712e-02,3.389633493497967720e-03,-1.530468761920928955e-01,3.713603364303708076e-04,4.317007958889007568e-03,7.056970894336700439e-02,1.162881404161453247e-02,1.792159676551818848e-01,1.497976928949356079e-01,-1.113019585609436035e-01,-5.975658819079399109e-02,1.132093220949172974e-01,1.158108562231063843e-01,6.717659533023834229e-02,6.012986600399017334e-02,-8.773470297455787659e-03,4.415316798258572817e-04,-9.203485399484634399e-02,1.540123391896486282e-02,2.300637960433959961e-02,-3.020232170820236206e-02,4.408913105726242065e-02,2.085293233394622803e-01,1.147510856389999390e-01,-5.737756844609975815e-03,3.651624172925949097e-02,-9.508676826953887939e-02,6.572140753269195557e-02,-1.528434604406356812e-01,8.284899592399597168e-02,-2.923114039003849030e-02,-1.136859133839607239e-01,-3.973641619086265564e-02,1.110107228159904480e-01,-1.424102857708930969e-02,1.478949636220932007e-01,-6.140732765197753906e-02,5.872581899166107178e-02,-5.875022709369659424e-02,1.194624602794647217e-01,-8.003113791346549988e-03,1.666492968797683716e-01,-1.906696110963821411e-01,2.247531525790691376e-02,-5.208425223827362061e-02,-9.027986228466033936e-02,-1.932602934539318085e-02,7.746595889329910278e-02,5.668200924992561340e-02,9.354434907436370850e-03,7.006993889808654785e-02,3.815782023593783379e-03,-1.571489870548248291e-01,5.752780660986900330e-02,1.198615413159132004e-02,3.625948727130889893e-02,4.073602147400379181e-03,-2.232148349285125732e-01,-3.052357584238052368e-02,-1.253674179315567017e-02,9.683205932378768921e-02,-7.083061337471008301e-02,1.296597570180892944e-01,3.007406182587146759e-02,-5.778755992650985718e-02,-1.492742598056793213e-01,5.612058448605239391e-04,7.663357537239789963e-03,-1.492251753807067871e-01,-3.278411179780960083e-02,-4.681607335805892944e-02,2.935747988522052765e-02,4.628108069300651550e-02,8.289293199777603149e-02,2.718707919120788574e-01,2.007598988711833954e-02,1.455569416284561157e-01,1.221274584531784058e-01,-4.988811537623405457e-02,3.956218808889389038e-02,3.862452507019042969e-02,8.169885724782943726e-02,1.530045270919799805e-02,1.089433059096336365e-01,-5.744979530572891235e-02,1.463249232620000839e-02,5.912263318896293640e-02,3.216468170285224915e-02,2.125497907400131226e-01,1.050970554351806641e-01,2.539245784282684326e-01,1.513168588280677795e-02,-6.062901765108108521e-02,3.836742043495178223e-01,1.046862080693244934e-01,1.649417132139205933e-01,2.024849504232406616e-01,1.060969084501266479e-01,-7.113202940672636032e-03,9.261783957481384277e-02,-4.055472556501626968e-03,4.802475869655609131e-02,1.643377989530563354e-01,1.979667842388153076e-01,1.789163351058959961e-01,-2.196353860199451447e-02,-4.734297841787338257e-02,-5.110517516732215881e-02,1.385217905044555664e-01,-5.973862111568450928e-02,1.578711271286010742e-01,-4.476321861147880554e-02,1.580205559730529785e-01,2.401376375928521156e-03,1.445892602205276489e-01,1.081121042370796204e-01,-2.957907691597938538e-02,9.750466048717498779e-02,1.763599663972854614e-01,1.397338323295116425e-02,1.493906080722808838e-01,3.946191370487213135e-01,-2.900633588433265686e-02,1.714992821216583252e-01,1.053953170776367188e-01,2.922835350036621094e-01,2.171909511089324951e-01,1.388126164674758911e-01,5.524098500609397888e-02,8.738458156585693359e-02,2.026184499263763428e-01,9.239195287227630615e-02,1.182674765586853027e-01,2.324054688215255737e-01,3.134103715419769287e-01,1.110027059912681580e-01,1.256175041198730469e-01,1.036177948117256165e-01,2.257379442453384399e-01,1.053343489766120911e-01,2.663463950157165527e-01,2.102043181657791138e-01
9.962952136993408203e-02,-3.363537602126598358e-03,2.132736891508102417e-02,1.200429573655128479e-01,-3.297806903719902039e-02,1.767679750919342041e-01,-1.923164725303649902e-02,1.224817335605621338e-01,1.584784686565399170e-02,-3.880646824836730957e-02,-1.384977400302886963e-01,-4.461089894175529480e-02,3.253986239433288574e-01,-1.011611670255661011e-01,3.448581323027610779e-02,1.085273176431655884e-01,-4.693551734089851379e-02,-3.643709048628807068e-02,3.846963867545127869e-02,6.731518357992172241e-02,1.088028848171234131e-01,-6.809481233358383179e-02,9.191492944955825806e-02,9.449306875467300415e-02,1.843330562114715576e-01,-2.548686414957046509e-02,5.493293702602386475e-02,1.361196022480726242e-02,3.885776549577713013e-02,-4.284007474780082703e-02,-9.848953783512115479e-02,6.886524707078933716e-02,-2.212920635938644409e-01,2.377834171056747437e-03,-1.420124471187591553e-01,-9.722559899091720581e-02,3.160083293914794922e-02,1.409665048122406006e-01,-3.967559337615966797e-02,1.145730540156364441e-02,6.735333800315856934e-02,-5.101515352725982666e-02,-4.935906734317541122e-03,-8.865649253129959106e-02,2.059094905853271484e-01,-6.184002757072448730e-02,2.752215862274169922e-01,1.197743881493806839e-02,5.015970021486282349e-02,-2.017222046852111816e-01,9.571024775505065918e-02,-2.128805033862590790e-02,2.988036256283521652e-03,-4.570711404085159302e-02,-7.523958384990692139e-02,-1.241522803902626038e-01,-8.137694001197814941e-02,8.915061503648757935e-02,3.195334970951080322e-02,5.950384959578514099e-02,3.151734918355941772e-02,3.021953813731670380e-02,2.185581810772418976e-02,-8.717580884695053101e-02,2.621371299028396606e-02,-3.242961689829826355e-02,-1.287106126546859741e-01,-3.814965113997459412e-02,9.480772167444229126e-02,-1.149091217666864395e-02,1.159635186195373535e-01,5.585245788097381592e-03,1.128825247287750244e-01,-8.597647398710250854e-02,-1.019826307892799377e-01,1.468985825777053833e-01,-1.197429597377777100e-01,-2.800277993083000183e-02,1.697777360677719116e-01,5.240144580602645874e-02,7.023457437753677368e-02,-3.957777097821235657e-02,9.505758062005043030e-03,1.067587211728096008e-01,-1.834760159254074097e-01,1.327818632125854492e-01,-1.751068681478500366e-01,1.144257374107837677e-02,-6.539811193943023682e-02,7.638889551162719727e-02,1.716260612010955811e-01,7.728074491024017334e-02,7.434346480295062065e-04,9.875334799289703369e-02,5.662974715232849121e-02,-5.421354621648788452e-02,1.102811917662620544e-01,1.437696721404790878e-02,4.744926840066909790e-02,9.056352078914642334e-02,4.309311881661415100e-02,-1.913543790578842163e-02,6.813842803239822388e-02,3.119583055377006531e-02,2.470665723085403442e-01,3.511446714401245117e-02,8.426878601312637329e-02,-1.109900996088981628e-01,3.757928684353828430e-02,-2.357334792613983154e-01,1.276798397302627563e-01,-1.219879984855651855e-01,7.360849529504776001e-02,1.344778686761856079e-01,4.393793269991874695e-02,-4.788644239306449890e-02,1.032841503620147705e-01,-1.252025831490755081e-02,1.383736636489629745e-02,2.527156658470630646e-02,-6.624621152877807617e-02,-4.951098561286926270e-02,1.798709332942962646e-01,2.603663504123687744e-02,-1.141473576426506042e-01,6.332736462354660034e-02,1.279435157775878906e-01,1.201058030128479004e-01,-3.154431656002998352e-02,7.282043993473052979e-02,-1.172474771738052368e-01,1.681533902883529663e-01,1.157222911715507507e-01,1.642547547817230225e-01,-3.674913942813873291e-02,2.416607365012168884e-02,3.955089300870895386e-02,4.415572434663772583e-02,-2.669085189700126648e-02,-8.871917426586151123e-02,-6.940343230962753296e-02,4.934603348374366760e-02,-9.569868445396423340e-03,-9.627340734004974365e-02,-4.348369315266609192e-02,-7.893438637256622314e-02,-2.470245584845542908e-03,-2.752909362316131592e-01,3.495312482118606567e-02,-1.916177868843078613e-01,-1.059726625680923462e-01,2.132724784314632416e-02,2.011208385229110718e-01,-1.270376797765493393e-02,7.205350697040557861e-02,8.538164198398590088e-02,2.666135132312774658e-01,-6.077688559889793396e-02,-2.147406712174415588e-02,2.586510265246033669e-03,8.671484142541885376e-02,1.126110106706619263e-01,-3.381119668483734131e-02,-3.125290200114250183e-02,1.351598054170608521e-01,1.231595873832702637e-01,7.019843161106109619e-02,2.467060685157775879e-01,-9.471413679420948029e-03,1.946136057376861572e-01,7.241897284984588623e-03,-1.306751668453216553e-01,1.024384126067161560e-01,-5.305345728993415833e-02,4.810722172260284424e-02,-7.535359263420104980e-02,-2.063864767551422119e-01,1.841383576393127441e-01,-1.443897634744644165e-01,1.628908445127308369e-03,1.005794405937194824e-01,-5.046298354864120483e-02,-2.267633825540542603e-01
-4.964750632643699646e-02,3.529404103755950928e-02,-2.316935062408447266e-01,6.638176739215850830e-02,-9.872796386480331421e-02,-2.754100598394870758e-02,8.091502636671066284e-02,-2.485229820013046265e-01,-1.259056925773620605e-01,1.194589119404554367e-02,1.346785724163055420e-01,-1.699408516287803650e-02,1.615695804357528687e-01,1.531967055052518845e-02,-1.167685240507125854e-01,2.358438074588775635e-02,-6.679197400808334351e-02,-7.275496423244476318e-02,7.939054071903228760e-02,-7.826784253120422363e-02,-8.439096808433532715e-02,-3.765488043427467346e-02,-1.963779032230377197e-01,-2.442003414034843445e-02,5.830335617065429688e-02,1.773198135197162628e-02,-7.756528444588184357e-03,-2.755474299192428589e-02,-6.968825310468673706e-02,7.217087596654891968e-02,-3.706355765461921692e-02,-1.640482097864151001e-01,-1.403320133686065674e-01,7.404571771621704102e-02,-1.003956571221351624e-01,-9.375827014446258545e-02,1.120825186371803284e-01,-1.602496802806854248e-01,1.275079250335693359e-01,1.500747948884963989e-01,9.941532276570796967e-03,-1.961008161306381226e-01,-6.627250928431749344e-03,-1.519280523061752319e-01,-5.758510157465934753e-02,1.041294708847999573e-01,1.719054579734802246e-02,-2.133765444159507751e-02,5.878681689500808716e-02,3.242924436926841736e-02,-6.488712877035140991e-02,-1.409972757101058960e-01,2.462706267833709717e-01,-4.204463586211204529e-02,1.268310993909835815e-01,-2.122572995722293854e-02,3.252039849758148193e-02,1.963708698749542236e-01,1.468044668436050415e-01,1.140643358230590820e-01,8.238319307565689087e-03,-1.173392906785011292e-01,-6.386352330446243286e-02,6.895190477371215820e-02,3.366434946656227112e-02,1.829979568719863892e-02,-2.296411618590354919e-02,-8.940963447093963623e-02,-3.644623607397079468e-02,1.739425510168075562e-01,6.973408628255128860e-03,-5.452712997794151306e-02,-1.272445172071456909e-01,-1.223879754543304443e-01,1.874622851610183716e-01,-1.195612326264381409e-01,7.771953940391540527e-02,-8.454204350709915161e-02,-5.256345123052597046e-02,-8.510375022888183594e-02,-1.617389321327209473e-01,-1.692899167537689209e-01,-2.456150949001312256e-02,-1.420372873544692993e-01,-3.889119997620582581e-02,-3.830881789326667786e-02,-9.527358412742614746e-02,2.366004697978496552e-02,2.638009563088417053e-02,8.591831475496292114e-02,-9.773316234350204468e-02,1.896560341119766235e-01,-3.056900575757026672e-02,3.709460794925689697e-02,-9.612081199884414673e-02,-1.396409273147583008e-01,-1.195185184478759766e-01,1.844961494207382202e-01,6.616535782814025879e-02,2.246625870466232300e-01,-5.723310634493827820e-02,-3.495639935135841370e-02,-2.746491879224777222e-02,-1.074467897415161133e-01,-1.058679353445768356e-02,8.893524110317230225e-02,7.752350717782974243e-02,3.651752602308988571e-03,-3.423926234245300293e-02,-1.353112161159515381e-01,3.379102423787117004e-02,3.587271645665168762e-02,-1.616647280752658844e-02,-1.594239771366119385e-01,1.410047640092670918e-03,-6.788739934563636780e-03,8.396217226982116699e-02,-5.382746085524559021e-02,-8.626831322908401489e-02,9.661214798688888550e-02,-8.537409454584121704e-02,1.449885666370391846e-01,-5.436578020453453064e-02,7.640843838453292847e-02,5.215492844581604004e-02,-8.343234658241271973e-02,1.375349611043930054e-01,-5.135388672351837158e-02,6.940399762243032455e-03,1.519296914339065552e-01,-9.440379589796066284e-02,2.801138162612915039e-01,-1.111222133040428162e-01,1.210547238588333130e-01,-3.694314882159233093e-02,1.041155457496643066e-01,-4.481788352131843567e-02,-4.838996753096580505e-02,1.497333496809005737e-01,-8.019959181547164917e-02,9.742560982704162598e-02,1.242605671286582947e-01,-6.441214680671691895e-02,-4.697664175182580948e-03,2.124447003006935120e-02,1.654394567012786865e-01,-4.036954790353775024e-02,4.661218449473381042e-02,-1.327599585056304932e-01,1.024099439382553101e-01,-1.403375118970870972e-01,-1.903725787997245789e-02,6.107518821954727173e-02,2.287869751453399658e-01,4.296031594276428223e-02,-1.300267428159713745e-01,-1.500104814767837524e-01,8.981043100357055664e-02,1.467387229204177856e-01,3.109106235206127167e-02,2.323270589113235474e-02,-2.774835564196109772e-02,-3.293185308575630188e-02,-1.673921383917331696e-02,1.078032851219177246e-01,-6.760967522859573364e-02,2.212634310126304626e-02,2.340251356363296509e-01,-2.678244002163410187e-02,-4.939302429556846619e-02,6.154353171586990356e-02,-2.304723858833312988e-01,2.401521243155002594e-02,-4.830560460686683655e-02,1.784526556730270386e-02,-1.682890802621841431e-01,-5.257126316428184509e-02,7.105550169944763184e-02,1.246376186609268188e-01,6.343396008014678955e-02,5.729255825281143188e-02,2.708596587181091309e-01,1.478167623281478882e-01
2.548193931579589844e-02,1.624014824628829956e-01,-9.051490575075149536e-02,1.077270135283470154e-01,-1.204675622284412384e-02,-1.167031899094581604e-01,-7.385658472776412964e-02,7.422573119401931763e-02,-8.722873777151107788e-02,5.947398021817207336e-02,-6.009157747030258179e-02,-1.211192160844802856e-01,-1.538331061601638794e-02,-1.106503233313560486e-01,-3.692730516195297241e-02,-8.623497188091278076e-02,8.830484747886657715e-02,-1.575688719749450684e-01,6.327214837074279785e-02,-4.087663069367408752e-02,-1.124712580349296331e-04,2.391747385263442993e-02,-1.818745024502277374e-02,2.887819893658161163e-03,-2.823999710381031036e-02,-1.622631251811981201e-01,9.241344407200813293e-03,9.898729622364044189e-02,-1.960869580507278442e-01,-1.433419436216354370e-01,-5.470398068428039551e-02,-2.114148736000061035e-01,-3.110078722238540649e-02,9.731876105070114136e-02,-1.953094005584716797e-01,1.983707211911678314e-02,-1.496878638863563538e-02,-1.039585322141647339e-01,-1.042572110891342163e-01,-2.020549625158309937e-01,5.403859168291091919e-02,-2.936482056975364685e-02,3.010299243032932281e-02,2.955442294478416443e-02,2.695603296160697937e-02,1.421993672847747803e-01,1.414485424757003784e-01,4.977965354919433594e-02,-1.551884412765502930e-01,6.061930675059556961e-03,1.976011544466018677e-01,-2.621279656887054443e-02,9.235319495201110840e-02,-1.096793040633201599e-01,2.769595943391323090e-02,6.880537420511245728e-02,6.935194134712219238e-02,-4.076736420392990112e-02,-2.208488062024116516e-03,-6.213893741369247437e-02,2.705315500497817993e-02,-1.726896734908223152e-03,2.499220706522464752e-02,4.749619588255882263e-02,-2.036599442362785339e-02,3.154979273676872253e-02,-1.828824877738952637e-01,-9.665908664464950562e-02,-7.248358428478240967e-02,-1.774034947156906128e-01,7.669285405427217484e-03,-7.310165464878082275e-02,2.033720165491104126e-02,5.863992497324943542e-02,-1.831911504268646240e-01,1.844977736473083496e-01,1.208340823650360107e-01,-1.152627170085906982e-01,2.512552402913570404e-02,2.226882129907608032e-01,4.311767965555191040e-02,7.387014478445053101e-02,-3.173679858446121216e-02,-4.768124967813491821e-02,-3.638483956456184387e-02,1.325721144676208496e-01,1.617062836885452271e-01,-4.059367626905441284e-02,-1.077605336904525757e-01,1.210551783442497253e-01,-1.267890352755784988e-02,3.347741439938545227e-02,1.538855396211147308e-02,2.032113261520862579e-03,-1.093203127384185791e-01,-1.633758842945098877e-02,1.025405228137969971e-01,-7.130455225706100464e-02,-5.028897151350975037e-02,2.769675292074680328e-02,1.642236113548278809e-01,-1.286909878253936768e-01,-1.767117530107498169e-02,-4.768949002027511597e-02,2.836550353094935417e-03,-1.137430779635906219e-02,-1.295791119337081909e-01,3.266097977757453918e-02,-4.547113552689552307e-02,-1.577970758080482483e-02,-6.329414993524551392e-02,1.139682456851005554e-01,8.055999875068664551e-02,2.292366884648799896e-02,1.080431789159774780e-02,-1.763888001441955566e-01,7.665544748306274414e-02,-1.202033981680870056e-01,5.952657386660575867e-02,5.847692117094993591e-02,6.356569379568099976e-02,1.807813346385955811e-01,3.969524055719375610e-03,-1.420551836490631104e-01,7.789484411478042603e-02,-4.879885911941528320e-02,-7.861994951963424683e-02,8.910660445690155029e-02,9.100162982940673828e-02,-2.704086527228355408e-02,1.087745279073715210e-01,-1.596705168485641479e-01,5.025805905461311340e-02,-2.869396656751632690e-02,-3.867360576987266541e-02,-8.918423950672149658e-02,-6.411418318748474121e-02,1.013427525758743286e-01,-1.614417135715484619e-01,2.944164164364337921e-02,7.988228648900985718e-02,-1.674396842718124390e-01,5.500728264451026917e-02,3.578283265233039856e-02,-1.172127947211265564e-01,5.647292826324701309e-03,7.877213507890701294e-02,-1.122864522039890289e-02,-2.045858651399612427e-02,4.530536383390426636e-02,-4.630703479051589966e-02,-8.112336695194244385e-02,6.944869644939899445e-03,-1.468556672334671021e-01,2.369017712771892548e-02,-1.327013075351715088e-01,9.187768399715423584e-02,3.195532411336898804e-02,3.384171053767204285e-02,-6.374425720423460007e-03,1.628408432006835938e-01,-1.491637080907821655e-01,-2.061259560286998749e-02,-9.480044990777969360e-02,1.415282189846038818e-01,1.669690571725368500e-02,7.727731764316558838e-02,1.179777830839157104e-01,1.020683646202087402e-01,2.242074012756347656e-01,5.406385287642478943e-02,-5.230122059583663940e-02,-2.333790063858032227e-03,2.361820936203002930e-01,1.016527563333511353e-01,-7.979240268468856812e-02,-4.587438330054283142e-02,-2.675223909318447113e-02,-2.627082355320453644e-02,9.684297442436218262e-02,-8.628549054265022278e-03,1.175950467586517334e-02,9.169110655784606934e-02
1.993353515863418579e-01,3.961082100868225098e-01,4.191263914108276367e-01,1.652860492467880249e-01,6.186537072062492371e-02,3.532515466213226318e-02,1.372803598642349243e-01,9.663820266723632812e-02,2.120048999786376953e-01,8.331036567687988281e-02,-6.116495281457901001e-02,3.254274725914001465e-01,6.166168674826622009e-02,7.815816253423690796e-02,6.755778938531875610e-02,2.225453406572341919e-01,3.377996757626533508e-02,7.929745316505432129e-02,-2.277525886893272400e-02,2.194330096244812012e-02,-1.017230823636054993e-01,4.767763894051313400e-03,1.652567237615585327e-01,1.030054613947868347e-01,2.551903389394283295e-02,1.881342232227325439e-01,1.829825937747955322e-01,-7.375459372997283936e-02,7.405943423509597778e-02,2.261092364788055420e-01,1.560475584119558334e-02,5.817801132798194885e-02,1.450797617435455322e-01,1.826416403055191040e-01,1.738002747297286987e-01,1.344387680292129517e-01,9.949681162834167480e-02,1.418921500444412231e-01,4.980604350566864014e-02,4.332367330789566040e-02,8.278934285044670105e-03,6.083935126662254333e-02,8.040173351764678955e-02,-8.166576176881790161e-02,1.474318653345108032e-01,1.101423874497413635e-01,7.624857872724533081e-02,6.484030932188034058e-02,2.868384495377540588e-02,2.822262607514858246e-02,4.669348895549774170e-02,6.991323083639144897e-02,-1.623301953077316284e-01,2.687454223632812500e-02,8.684247732162475586e-02,1.267882883548736572e-01,-1.883914321660995483e-01,1.024973914027214050e-01,3.332132697105407715e-01,1.826745420694351196e-01,9.746041148900985718e-02,5.612262338399887085e-02,-4.707964137196540833e-03,1.624932885169982910e-01,1.803513020277023315e-01,6.094724684953689575e-02,6.659363210201263428e-02,3.710307553410530090e-02,2.054746001958847046e-01,2.579491734504699707e-01,8.258151262998580933e-02,1.910015791654586792e-01,1.743187606334686279e-01,2.016478329896926880e-01,2.331169396638870239e-01,2.126087546348571777e-01,6.525103747844696045e-02,3.154649734497070312e-01,2.287334203720092773e-01,1.765158474445343018e-01,2.256544977426528931e-01,2.039669640362262726e-02,1.079426035284996033e-01,2.050516903400421143e-01,2.768827416002750397e-02,-1.868471503257751465e-02,4.692238196730613708e-02,1.435824334621429443e-01,-5.723561719059944153e-02,-5.844360217452049255e-02,1.983191221952438354e-01,1.537966430187225342e-01,2.428837567567825317e-01,9.906554222106933594e-02,1.506720930337905884e-01,1.323239691555500031e-02,3.316142410039901733e-02,9.896928817033767700e-02,1.699022203683853149e-01,1.154911816120147705e-01,6.915773451328277588e-02,5.894463509321212769e-02,2.055333554744720459e-01,-3.123670816421508789e-02,1.183807570487260818e-02,-9.414684958755970001e-03,7.363950461149215698e-02,1.604483127593994141e-01,1.228242367506027222e-01,2.434817999601364136e-01,1.486762911081314087e-01,1.409818977117538452e-01,5.109653249382972717e-02,1.308828443288803101e-01,1.077175661921501160e-01,1.148014515638351440e-01,-6.391214579343795776e-02,1.482531279325485229e-01,1.872197836637496948e-01,8.980794996023178101e-02,2.121932059526443481e-02,1.618830263614654541e-01,-7.578063756227493286e-02,2.033656239509582520e-01,7.890377193689346313e-02,9.088239073753356934e-02,5.067009478807449341e-02,-7.562225311994552612e-02,1.234503230080008507e-03,2.298881709575653076e-01,1.297017186880111694e-01,4.975506663322448730e-02,1.235534250736236572e-01,1.444808989763259888e-01,1.089486479759216309e-01,2.008474320173263550e-01,6.997668743133544922e-02,8.665523678064346313e-02,1.471455693244934082e-01,7.137113809585571289e-02,-3.512283554300665855e-03,2.263552248477935791e-01,1.172951161861419678e-01,8.278708904981613159e-02,6.230850145220756531e-02,1.492805629968643188e-01,1.938324719667434692e-01,1.131991073489189148e-01,1.767169833183288574e-01,1.111385896801948547e-01,1.832546144723892212e-01,3.655077815055847168e-01,1.465538442134857178e-01,7.067784667015075684e-02,1.246266514062881470e-01,2.079017758369445801e-01,1.643458604812622070e-01,1.184419691562652588e-01,1.796909421682357788e-01,9.306692332029342651e-02,1.750738024711608887e-01,9.567114710807800293e-02,1.606132239103317261e-01,3.424965739250183105e-01,1.029449775815010071e-01,7.711726427078247070e-02,1.494590640068054199e-01,5.849583446979522705e-02,2.142668217420578003e-01,2.285770028829574585e-01,1.190226078033447266e-01,2.113425284624099731e-01,8.093302696943283081e-02,1.504392027854919434e-01,5.497331172227859497e-02,1.122850477695465088e-01,6.229323893785476685e-02,2.547927200794219971e-01,2.791231572628021240e-01,7.361891120672225952e-02,-8.366164751350879669e-03,5.185887217521667480e-02,2.120907008647918701e-01
-5.074619501829147339e-02,-3.501811297610402107e-03,-1.434951871633529663e-01,-3.168997913599014282e-02,5.494681373238563538e-02,6.198252737522125244e-02,1.832761913537979126e-01,-2.256052754819393158e-02,-1.850071847438812256e-01,1.162161491811275482e-02,-4.222375154495239258e-02,3.872501105070114136e-02,-1.657039672136306763e-01,2.854669466614723206e-03,-2.967660129070281982e-02,-5.775101482868194580e-02,-8.310078643262386322e-03,-1.527338922023773193e-01,5.671774223446846008e-02,-6.216277554631233215e-02,1.246056705713272095e-01,-5.797405168414115906e-02,-5.273449793457984924e-02,-2.254301905632019043e-01,2.413832694292068481e-01,1.159328594803810120e-01,-1.641064584255218506e-01,1.914114654064178467e-01,-1.976913362741470337e-01,-1.715809255838394165e-01,-1.104993969202041626e-01,-2.162710279226303101e-01,9.633948095142841339e-03,1.363240927457809448e-01,-1.367316860705614090e-02,8.307407051324844360e-02,2.084073424339294434e-02,-1.717105321586132050e-02,1.069683358073234558e-01,-4.987557977437973022e-02,1.313857734203338623e-01,8.338841050863265991e-02,-1.770312786102294922e-01,-1.206333562731742859e-01,1.054417788982391357e-01,-9.251753240823745728e-02,1.584397852420806885e-01,4.053262621164321899e-02,-4.947550594806671143e-02,2.323281019926071167e-02,-1.597372889518737793e-01,8.361415565013885498e-02,-5.473618954420089722e-02,3.213622421026229858e-02,2.384377457201480865e-02,8.902338892221450806e-02,-1.243693679571151733e-01,6.987634301185607910e-02,1.458784788846969604e-01,4.448043648153543472e-03,-1.754334270954132080e-01,-1.038198731839656830e-02,-1.103899069130420685e-02,-1.943941414356231689e-02,4.731865599751472473e-02,-8.705685287714004517e-02,1.921728998422622681e-02,4.815285280346870422e-02,-4.750697873532772064e-03,-9.955883771181106567e-02,1.343292742967605591e-02,-4.623792693018913269e-02,-1.775853708386421204e-02,2.740176320075988770e-01,-2.984937652945518494e-02,4.462213441729545593e-02,1.188573613762855530e-01,-2.170417159795761108e-01,1.436695009469985962e-01,1.244546920061111450e-01,1.383024156093597412e-01,-5.467975512146949768e-02,1.947149820625782013e-02,7.574863731861114502e-02,-6.989075243473052979e-02,6.470564007759094238e-02,2.844426222145557404e-02,1.072018127888441086e-02,1.202830392867326736e-02,1.819766312837600708e-02,7.573162019252777100e-02,1.470351666212081909e-01,-8.974661119282245636e-03,-1.002861782908439636e-01,-1.145340129733085632e-01,-1.498365104198455811e-01,6.618925929069519043e-02,1.172734871506690979e-01,-4.839074239134788513e-02,-1.423598080873489380e-01,2.849159017205238342e-02,6.911251228302717209e-03,2.251220196485519409e-01,-6.708077341318130493e-02,-5.295800045132637024e-02,-1.559245632961392403e-03,-7.004548609256744385e-02,1.397948712110519409e-01,-1.657154709100723267e-01,-3.922533243894577026e-02,1.318062543869018555e-01,1.506456919014453888e-02,-1.601980477571487427e-01,1.284588873386383057e-01,1.391274780035018921e-01,2.231988012790679932e-01,-8.259081840515136719e-02,-3.841546177864074707e-02,-4.258568212389945984e-02,-9.559186547994613647e-02,1.487114876508712769e-01,6.896209716796875000e-02,-9.132942068390548229e-04,-7.438466697931289673e-02,-2.463177032768726349e-02,-7.459916174411773682e-02,-1.243284344673156738e-01,5.094905570149421692e-02,1.283245999366044998e-02,-5.879063159227371216e-02,-7.407828420400619507e-02,1.682754009962081909e-01,-1.573834866285324097e-01,-1.976754665374755859e-01,2.172010242938995361e-01,1.627772748470306396e-01,-3.752992674708366394e-02,-1.373502463102340698e-01,1.450226008892059326e-01,-3.183473274111747742e-02,1.065188273787498474e-01,2.415045723319053650e-02,-3.924094606190919876e-03,-1.411483734846115112e-01,4.300979897379875183e-03,-1.288691908121109009e-01,1.596033871173858643e-01,9.065140783786773682e-02,-1.166397556662559509e-01,-8.548433333635330200e-02,5.730543658137321472e-02,3.501105681061744690e-02,6.449567154049873352e-03,-1.797947734594345093e-01,5.164053291082382202e-02,-2.172947488725185394e-02,-3.365202993154525757e-02,9.315276145935058594e-02,-1.168041080236434937e-01,-1.276702731847763062e-01,7.879329472780227661e-02,-1.198252290487289429e-01,-2.701073884963989258e-02,3.998680412769317627e-02,6.685192883014678955e-02,1.889989674091339111e-01,-1.529937796294689178e-02,1.189805865287780762e-01,-1.541998386383056641e-01,2.361064702272415161e-01,-3.146491348743438721e-01,-2.754321321845054626e-02,-5.379289016127586365e-02,-1.504859421402215958e-02,6.946823000907897949e-02,1.038402225822210312e-02,-1.958421617746353149e-01,4.819487035274505615e-02,6.549134105443954468e-02,2.278643697500228882e-01,4.614181816577911377e-02,-5.052296817302703857e-02,-1.471231728792190552e-01
-1.679269373416900635e-01,5.023042857646942139e-02,1.167677268385887146e-01,-2.334241196513175964e-02,6.297484040260314941e-02,5.445633828639984131e-02,-3.419077023863792419e-02,1.639091372489929199e-01,-1.012236699461936951e-01,1.708154380321502686e-01,-6.200717389583587646e-02,2.898453734815120697e-02,3.503605723381042480e-02,-1.414172053337097168e-01,3.228344023227691650e-02,2.069623582065105438e-02,1.409362405538558960e-01,1.140457466244697571e-01,-9.573618322610855103e-02,7.316955178976058960e-02,9.242153167724609375e-02,-3.925534710288047791e-02,-8.063632994890213013e-02,-1.432131826877593994e-01,-4.815774410963058472e-02,-3.860608115792274475e-02,-1.464254874736070633e-02,-1.072168350219726562e-01,1.914770752191543579e-01,1.562020927667617798e-01,4.061693325638771057e-02,7.712696492671966553e-02,9.464345872402191162e-02,-1.154915764927864075e-01,-5.660574138164520264e-02,4.161396995186805725e-02,-1.687970459461212158e-01,-1.189163047820329666e-02,-4.533834010362625122e-02,1.440276652574539185e-01,9.788893908262252808e-02,8.216829597949981689e-02,-2.185082435607910156e-02,4.283624701201915741e-03,8.920762687921524048e-02,-1.240845248103141785e-01,-5.076033622026443481e-02,1.401110589504241943e-01,-2.604780793190002441e-01,3.442752361297607422e-02,-1.266711801290512085e-01,-1.034476608037948608e-02,-3.209593519568443298e-02,-1.092360988259315491e-01,-1.381242927163839340e-02,-6.896073371171951294e-02,1.739247739315032959e-01,-1.689673168584704399e-03,-1.858766824007034302e-01,9.691591374576091766e-03,4.978652670979499817e-02,-3.039673157036304474e-02,-1.061315536499023438e-01,6.136254221200942993e-02,-7.305684499442577362e-03,-1.371691226959228516e-01,1.580610871315002441e-01,-6.973776966333389282e-02,1.184267848730087280e-01,7.041811197996139526e-02,2.072056531906127930e-01,-1.388974394649267197e-02,-7.339049130678176880e-02,7.128214836120605469e-02,2.307716198265552521e-02,-1.096978783607482910e-01,2.517184056341648102e-02,-1.722505688667297363e-01,-1.519806087017059326e-01,-1.495894510298967361e-02,1.137475762516260147e-02,1.526841334998607635e-02,4.863256588578224182e-02,-6.610602885484695435e-02,1.041880548000335693e-01,-4.746055603027343750e-02,9.243042767047882080e-02,9.518381953239440918e-02,1.154439225792884827e-01,-9.298798441886901855e-02,6.303341686725616455e-02,1.179253086447715759e-01,1.390259712934494019e-01,-1.801174134016036987e-01,-4.678052663803100586e-02,-1.409686505794525146e-01,-9.339049458503723145e-02,1.909053884446620941e-02,2.651055529713630676e-02,-1.069513186812400818e-01,-4.821695387363433838e-02,1.541975438594818115e-01,4.574761539697647095e-02,-6.704761087894439697e-02,-5.936687067151069641e-02,5.239268392324447632e-02,5.179657414555549622e-02,-4.828187450766563416e-02,9.140136837959289551e-02,9.067350625991821289e-02,1.220481172204017639e-01,1.125167384743690491e-01,-2.282668501138687134e-01,5.370911955833435059e-02,-9.217298589646816254e-03,-2.839141525328159332e-02,-5.749221146106719971e-02,1.402483433485031128e-01,8.695191144943237305e-02,-4.559526592493057251e-02,-2.000722661614418030e-02,-1.094467863440513611e-01,1.397532224655151367e-02,-2.487759143114089966e-01,8.218599855899810791e-02,6.546966731548309326e-02,3.269996959716081619e-03,1.050309687852859497e-01,3.111745975911617279e-02,-4.395120963454246521e-02,-3.091111220419406891e-02,1.412109583616256714e-01,7.333547621965408325e-02,1.097719371318817139e-01,-1.368662863969802856e-01,2.100386470556259155e-02,-1.398294568061828613e-01,1.781962364912033081e-01,8.557743579149246216e-02,1.541893035173416138e-01,1.476757377386093140e-01,1.908010919578373432e-03,-5.118610337376594543e-02,-1.089929938316345215e-01,3.242872282862663269e-02,-1.072475835680961609e-01,1.388457119464874268e-01,1.382204741239547729e-01,-3.768922388553619385e-02,-1.797137036919593811e-02,2.136618047952651978e-01,1.611986309289932251e-01,-4.733388870954513550e-02,-2.453240007162094116e-01,1.321350932121276855e-01,9.114465117454528809e-02,6.407064199447631836e-02,-1.262619942426681519e-01,-1.318572312593460083e-01,-2.328466810286045074e-02,5.310783162713050842e-02,8.200818300247192383e-02,8.353859186172485352e-02,-7.274255901575088501e-02,3.261643694713711739e-03,1.876412779092788696e-01,-6.760444026440382004e-03,1.525698006153106689e-01,4.666405916213989258e-02,6.830971688032150269e-02,2.095729410648345947e-01,8.013105392456054688e-02,3.168956562876701355e-02,1.865780800580978394e-01,8.832328021526336670e-02,1.990867406129837036e-01,1.234597805887460709e-02,-1.488485783338546753e-01,-1.878125816583633423e-01,-2.895203232765197754e-01,1.495202481746673584e-01,-4.656384512782096863e-02,6.004615500569343567e-02
5.581337213516235352e-02,5.552462115883827209e-02,-1.901826113462448120e-01,-1.938161551952362061e-01,-1.680386066436767578e-01,-8.514077961444854736e-02,-2.623102366924285889e-01,8.463397622108459473e-02,7.370287179946899414e-02,-3.078570216894149780e-02,2.126824855804443359e-02,2.491377890110015869e-01,1.317257285118103027e-01,2.140846848487854004e-01,3.273321315646171570e-02,8.517611026763916016e-02,1.066691279411315918e-01,2.527483403682708740e-01,1.042661741375923157e-01,1.945008337497711182e-01,1.270653605461120605e-01,3.391217812895774841e-02,-1.256301254034042358e-01,2.438475936651229858e-02,1.421174556016921997e-01,2.935532946139574051e-03,-1.011789217591285706e-01,-8.409877866506576538e-02,-1.796651631593704224e-01,-3.051160871982574463e-01,-2.484404146671295166e-01,-3.942982256412506104e-01,-4.319589734077453613e-01,-2.836319804191589355e-01,-3.684688210487365723e-01,-1.732558459043502808e-01,-2.731482088565826416e-01,-1.083792671561241150e-01,-5.419839173555374146e-02,4.418189078569412231e-02,1.088073402643203735e-01,3.434909880161285400e-01,1.400677561759948730e-01,-2.898316830396652222e-02,2.039922326803207397e-01,3.289853930473327637e-01,1.542219519615173340e-01,1.824962496757507324e-01,2.873088419437408447e-01,3.039593696594238281e-01,1.919028162956237793e-01,1.714542359113693237e-01,-1.372803002595901489e-01,-1.956671178340911865e-01,-4.200291261076927185e-02,-1.650544814765453339e-02,-7.019070535898208618e-02,-9.528288245201110840e-02,-3.461249172687530518e-01,-2.152343243360519409e-01,-3.511660173535346985e-02,-1.531643718481063843e-01,2.361901663243770599e-02,-5.939291324466466904e-03,7.516172528266906738e-02,8.881941437721252441e-02,-1.070626303553581238e-01,2.019794583320617676e-01,2.949263155460357666e-01,2.017187923192977905e-01,1.667308062314987183e-01,8.491252362728118896e-02,4.024302586913108826e-02,1.067115738987922668e-01,1.274952143430709839e-01,-1.917801238596439362e-02,1.871619075536727905e-01,2.926914580166339874e-02,1.670516431331634521e-01,-1.254666447639465332e-01,-1.400363352149724960e-02,-1.036717817187309265e-01,-2.638834714889526367e-02,-1.640868186950683594e-01,-1.089123338460922241e-01,-5.777810141444206238e-02,-1.253358423709869385e-01,-6.012482568621635437e-02,-5.673535913228988647e-02,-6.371783465147018433e-02,7.004407793283462524e-02,4.004981368780136108e-02,-9.515064768493175507e-03,-4.792343825101852417e-02,-7.065985351800918579e-02,-7.304100692272186279e-02,-1.127116084098815918e-01,-1.511385757476091385e-02,-3.833984956145286560e-02,1.176963374018669128e-01,-2.501675188541412354e-01,-1.023235637694597244e-02,9.451974183320999146e-02,-8.829637616872787476e-02,-1.583325862884521484e-01,-6.576256453990936279e-02,-3.027248568832874298e-02,1.725191175937652588e-01,-1.866293400526046753e-01,-5.357695743441581726e-02,4.836644977331161499e-03,3.032717481255531311e-02,-4.738041386008262634e-02,2.064565755426883698e-02,-5.166790634393692017e-02,-7.160646468400955200e-02,4.075809568166732788e-02,1.333003491163253784e-01,-1.867370009422302246e-01,-3.483935073018074036e-02,8.606031537055969238e-02,8.833958953619003296e-02,2.416473254561424255e-02,-1.254185885190963745e-01,-3.396116569638252258e-02,-3.132408484816551208e-02,-4.197350516915321350e-02,-3.143004775047302246e-01,-6.506205070763826370e-03,-2.496165633201599121e-01,-2.257629632949829102e-01,-9.613700211048126221e-02,-7.380258291959762573e-02,-4.276553168892860413e-02,-1.404705196619033813e-01,-1.789659261703491211e-01,-8.612261712551116943e-02,-1.421125233173370361e-01,-2.510316073894500732e-01,-1.116374433040618896e-01,-1.188089922070503235e-01,-1.880015581846237183e-01,-6.387417763471603394e-02,-9.376087784767150879e-02,-5.110359564423561096e-02,-1.684359461069107056e-01,-1.642473638057708740e-01,-7.511479780077934265e-03,-2.419707775115966797e-01,-2.523992359638214111e-01,-1.222851201891899109e-01,-2.872916758060455322e-01,-2.833261191844940186e-01,-1.185064986348152161e-01,-2.044906616210937500e-01,-8.803632110357284546e-02,-1.466687917709350586e-01,-1.598796993494033813e-01,-1.748806387186050415e-01,-1.051761582493782043e-01,-2.305999547243118286e-01,-1.126553937792778015e-01,-2.099892199039459229e-01,-1.313157975673675537e-01,-9.774932265281677246e-02,-2.101178020238876343e-01,-1.416784673929214478e-01,-1.907924562692642212e-01,-1.734680831432342529e-01,-1.439008116722106934e-01,-1.900868713855743408e-01,5.361065734177827835e-03,-6.453925371170043945e-02,-6.848368793725967407e-02,-2.389109879732131958e-01,-2.571330964565277100e-01,-2.302621863782405853e-02,-1.757979840040206909e-01,-1.800268143415451050e-01,-9.505592286586761475e-02,-1.144635602831840515e-01,3.632332757115364075e-02,-6.305888295173645020e-02
-6.652765274047851562e-01,-2.893821895122528076e-01,3.446240723133087158e-01,-2.811906859278678894e-02,-2.055727876722812653e-02,-1.226417645812034607e-01,1.825854480266571045e-01,1.856189966201782227e-01,6.726006418466567993e-02,5.056964978575706482e-02,-8.026057481765747070e-02,5.758611112833023071e-02,8.022489398717880249e-02,1.060629189014434814e-01,-8.587788790464401245e-02,2.361119166016578674e-02,4.866962507367134094e-02,-1.095300447195768356e-02,-1.191434264183044434e-01,3.142441436648368835e-02,-2.064744979143142700e-01,-3.344075987115502357e-03,-2.129243612289428711e-01,3.567526489496231079e-02,1.033078879117965698e-01,-1.050201281905174255e-01,-5.330985039472579956e-02,7.387565821409225464e-02,-3.007695972919464111e-01,-2.540714740753173828e-01,-2.571960985660552979e-01,2.363773807883262634e-02,-3.222855031490325928e-01,-2.849750518798828125e-01,-3.295856118202209473e-01,8.312817662954330444e-02,4.695522189140319824e-01,3.217585682868957520e-01,-1.121200155466794968e-02,-1.581028220243752003e-03,-9.124555438756942749e-02,1.583968549966812134e-01,8.095268905162811279e-02,2.766904532909393311e-01,1.044534221291542053e-01,1.317506432533264160e-01,2.551955580711364746e-01,9.310578554868698120e-02,3.166231513023376465e-01,2.463961690664291382e-01,-7.307579368352890015e-02,2.842289954423904419e-02,-1.314874738454818726e-01,3.423826396465301514e-01,-5.729894340038299561e-02,3.895004920195788145e-04,4.455797374248504639e-01,1.019750952720642090e+00,7.044731378555297852e-01,-2.636246681213378906e-01,-5.103908181190490723e-01,-2.696956694126129150e-01,1.567160487174987793e-01,5.403258204460144043e-01,3.825199306011199951e-01,2.602058351039886475e-01,4.073164463043212891e-01,3.184642493724822998e-01,3.369457423686981201e-01,1.884817928075790405e-01,4.284087419509887695e-01,4.905100166797637939e-01,2.990804016590118408e-01,3.146762847900390625e-01,5.304809659719467163e-02,3.488837182521820068e-01,3.422066569328308105e-01,2.346674054861068726e-01,9.092811495065689087e-02,3.975599110126495361e-01,-2.755981869995594025e-02,1.355932950973510742e-01,8.290734142065048218e-02,2.482905983924865723e-02,6.687329709529876709e-02,1.507910192012786865e-01,1.305605471134185791e-01,3.563261404633522034e-02,1.244910284876823425e-01,1.343974024057388306e-01,8.764763921499252319e-02,8.958927541971206665e-02,9.584397077560424805e-02,9.795773774385452271e-02,9.814689308404922485e-02,1.132681146264076233e-01,1.025435980409383774e-02,-2.273100912570953369e-01,-1.361013501882553101e-01,-1.810202025808393955e-03,5.585738644003868103e-02,2.104550749063491821e-01,2.054554410278797150e-02,9.040327742695808411e-03,-3.004268929362297058e-02,6.152597442269325256e-02,-8.859513700008392334e-02,1.978799700736999512e-01,1.309317797422409058e-01,2.176795154809951782e-02,1.917409338057041168e-02,1.511391848325729370e-01,1.535306870937347412e-01,1.093082036823034286e-02,-1.169948745518922806e-02,1.618688106536865234e-01,1.134861633181571960e-01,1.566805541515350342e-01,-2.434691414237022400e-02,1.427687704563140869e-01,-3.841171041131019592e-02,1.902749389410018921e-01,-7.456862926483154297e-02,1.310617327690124512e-01,2.723375521600246429e-02,-1.738926619291305542e-01,-5.536018311977386475e-02,3.582417592406272888e-02,-1.299411952495574951e-01,7.335291802883148193e-02,1.804230511188507080e-01,-8.215954154729843140e-02,4.839673265814781189e-02,1.275276690721511841e-01,8.675567060708999634e-02,-1.156533509492874146e-02,3.776359185576438904e-02,-3.782068192958831787e-02,3.067925572395324707e-01,-1.573204696178436279e-01,-2.238030359148979187e-02,6.093077734112739563e-02,5.330498889088630676e-02,3.137496113777160645e-02,1.360936313867568970e-01,3.335661813616752625e-02,-2.529830858111381531e-02,-1.423004865646362305e-01,-3.519193455576896667e-02,9.947134554386138916e-02,1.485804617404937744e-01,-2.310112863779067993e-02,2.767633832991123199e-02,3.823738172650337219e-02,-7.535240799188613892e-02,-9.018164128065109253e-02,-3.015957400202751160e-02,-5.092840641736984253e-02,7.536361366510391235e-02,1.355206072330474854e-01,1.376515030860900879e-01,6.486269831657409668e-02,2.261316180229187012e-01,1.080471724271774292e-01,-1.593461632728576660e-02,2.466331236064434052e-02,-7.738914340734481812e-02,-1.171274296939373016e-02,-5.021923780441284180e-02,2.111054658889770508e-01,5.083056539297103882e-02,6.769832223653793335e-02,1.290046572685241699e-01,-5.526867136359214783e-02,2.293476834893226624e-02,7.256591320037841797e-02,-5.193098261952400208e-02,4.318721592426300049e-02,-1.210184115916490555e-02,1.892275512218475342e-01,7.035704702138900757e-02,1.158725917339324951e-01,1.186565682291984558e-02
1.533835679292678833e-01,-5.247300490736961365e-03,1.812199205160140991e-01,-6.040932238101959229e-02,1.435337937436997890e-03,-2.868361398577690125e-02,2.466197824105620384e-03,-1.972019113600254059e-02,-1.761898249387741089e-01,6.077738106250762939e-02,9.443950839340686798e-03,6.517301499843597412e-02,1.581070572137832642e-01,-4.311062023043632507e-02,4.081285744905471802e-02,1.645521670579910278e-01,5.390442535281181335e-02,-6.426457315683364868e-03,-1.161440312862396240e-01,-1.563460379838943481e-01,2.080445922911167145e-02,2.079242281615734100e-02,5.530643835663795471e-02,8.652784675359725952e-02,2.304097712039947510e-01,1.089830100536346436e-01,3.502833843231201172e-02,7.111422717571258545e-02,-2.273167967796325684e-01,-1.706620603799819946e-01,-4.850530996918678284e-02,-8.323326706886291504e-02,-1.360006183385848999e-01,1.479722708463668823e-01,1.586895138025283813e-01,4.560923576354980469e-02,5.427149683237075806e-02,-1.096215993165969849e-01,-3.251916542649269104e-02,-7.266940921545028687e-02,1.606424897909164429e-01,1.796707808971405029e-01,-4.101775959134101868e-02,2.576947584748268127e-02,5.760231614112854004e-02,3.942691162228584290e-02,1.044379994273185730e-01,3.855140134692192078e-02,4.071279615163803101e-02,1.095309406518936157e-01,9.231013245880603790e-03,1.897680461406707764e-01,1.112229228019714355e-01,-1.999193057417869568e-02,-3.326242417097091675e-02,7.452870160341262817e-02,-7.495339959859848022e-02,-5.582054331898689270e-02,-5.203586071729660034e-02,8.772692829370498657e-02,-1.139037776738405228e-02,2.475472912192344666e-02,1.426441520452499390e-01,-5.229211226105690002e-02,1.386636793613433838e-01,4.497209563851356506e-02,1.109096333384513855e-01,3.331646323204040527e-02,-4.413151741027832031e-02,3.255245834589004517e-02,1.315000653266906738e-01,1.929009333252906799e-02,1.011086851358413696e-01,7.081366330385208130e-02,1.010005027055740356e-01,2.120866328477859497e-01,3.616741299629211426e-02,1.938909143209457397e-01,2.952936887741088867e-01,4.862399771809577942e-02,1.309424340724945068e-01,7.445789128541946411e-02,-2.848193235695362091e-02,-2.089227549731731415e-02,7.066105306148529053e-02,1.088430285453796387e-01,-8.043623529374599457e-03,2.480917572975158691e-01,1.112437993288040161e-01,1.628418713808059692e-01,-2.162765525281429291e-02,6.210578978061676025e-02,-4.677186254411935806e-03,1.568419635295867920e-01,5.889782309532165527e-02,1.136626303195953369e-01,2.485260665416717529e-01,3.914244100451469421e-02,4.430595412850379944e-02,1.048277020454406738e-01,3.338805586099624634e-02,-6.873957812786102295e-02,1.250039041042327881e-01,6.113673001527786255e-02,-1.246656551957130432e-01,8.486807346343994141e-02,2.867894060909748077e-02,1.278633922338485718e-01,8.383307605981826782e-02,-3.428832395002245903e-03,2.745617032051086426e-01,-9.343840926885604858e-02,-7.110873609781265259e-02,2.343845814466476440e-01,8.644198626279830933e-02,1.630745232105255127e-01,1.124820932745933533e-01,4.177517071366310120e-02,-2.788795530796051025e-02,6.441600620746612549e-02,-5.055885016918182373e-02,8.487632870674133301e-02,1.765482127666473389e-02,2.078215479850769043e-01,2.689880132675170898e-02,1.242612004280090332e-01,-9.448065608739852905e-02,1.199172288179397583e-01,2.751863002777099609e-02,3.280438110232353210e-02,3.066586144268512726e-02,-2.750953100621700287e-02,1.447198241949081421e-01,-1.975866407155990601e-01,-1.007574051618576050e-01,1.112096104770898819e-02,-1.302832514047622681e-01,-1.243199110031127930e-01,-4.408575966954231262e-02,-1.252640783786773682e-02,2.118637040257453918e-02,5.846754088997840881e-02,1.670533269643783569e-01,-1.381244510412216187e-02,9.448202699422836304e-02,-2.087529934942722321e-02,-1.243441253900527954e-01,8.095878362655639648e-02,-2.149996720254421234e-02,-8.357170224189758301e-02,3.164350986480712891e-02,2.668349146842956543e-01,5.575099959969520569e-02,-2.698241500183939934e-03,1.027526780962944031e-01,-4.364759847521781921e-02,-4.612356424331665039e-02,-9.948020800948143005e-03,7.149082422256469727e-02,-2.168197557330131531e-02,-1.859264522790908813e-01,1.661830991506576538e-01,8.974614739418029785e-02,-1.104122921824455261e-01,-5.717244744300842285e-02,1.907192915678024292e-01,-7.699377834796905518e-02,5.646941252052783966e-03,1.777987182140350342e-02,-9.364956617355346680e-02,-1.012367904186248779e-01,1.884701848030090332e-01,6.917776912450790405e-02,-7.472919672727584839e-02,2.366297543048858643e-01,5.589278042316436768e-02,1.541824340820312500e-01,-1.384933479130268097e-02,7.085701823234558105e-02,6.128327921032905579e-02,1.205946207046508789e-01,7.509844005107879639e-02,-1.717974804341793060e-02
1.080433800816535950e-01,1.005555987358093262e-01,2.331567853689193726e-01,-3.076722100377082825e-02,8.489070832729339600e-02,1.060337126255035400e-01,-1.908832192420959473e-01,3.246174752712249756e-02,3.949221223592758179e-02,1.499304324388504028e-01,1.455997377634048462e-01,6.073047593235969543e-02,2.291078269481658936e-01,1.344635933637619019e-01,-8.569265156984329224e-02,-4.247012734413146973e-02,-1.357360035181045532e-01,-1.008054520934820175e-02,4.250368103384971619e-02,2.227737568318843842e-02,1.149284243583679199e-01,-2.228995598852634430e-02,1.463688313961029053e-01,1.134355813264846802e-01,-1.154358088970184326e-01,-1.284576766192913055e-02,1.022789776325225830e-01,9.102403372526168823e-02,9.844061732292175293e-02,1.884859502315521240e-01,-1.180187426507472992e-02,-6.903985142707824707e-02,-3.641889989376068115e-02,8.358153700828552246e-02,-1.989172026515007019e-02,9.277709573507308960e-02,1.541568636894226074e-01,-8.406282216310501099e-02,3.665257692337036133e-01,-1.352031342685222626e-02,4.717941582202911377e-02,-1.219951827079057693e-02,1.438987702131271362e-01,6.019882392138242722e-03,-8.346536010503768921e-02,1.044666841626167297e-01,-1.296550314873456955e-02,1.110684126615524292e-01,-8.327783085405826569e-03,-4.456713050603866577e-02,-1.644429564476013184e-01,-1.121715605258941650e-01,-1.569542586803436279e-01,-2.335331290960311890e-01,-6.489335745573043823e-02,-7.589723169803619385e-02,-1.680019795894622803e-01,-1.533384472131729126e-01,-2.224508821964263916e-01,-7.438554614782333374e-02,-2.375456541776657104e-01,-8.560035377740859985e-03,-6.505028903484344482e-02,-7.664905488491058350e-02,-1.022082194685935974e-01,-1.234312802553176880e-01,5.468896124511957169e-03,1.348545998334884644e-01,1.778235584497451782e-01,-9.680502116680145264e-02,-1.270194202661514282e-01,1.094954684376716614e-01,4.466948658227920532e-02,-4.017411544919013977e-02,-9.798441827297210693e-02,4.585096240043640137e-02,2.312285825610160828e-02,-5.566821619868278503e-02,-1.023146137595176697e-01,-5.348912626504898071e-02,-2.327817492187023163e-02,5.703069642186164856e-02,-9.454127401113510132e-02,-7.779476791620254517e-02,-4.133441299200057983e-02,1.194659471511840820e-01,-2.635247260332107544e-02,3.965171799063682556e-02,9.087377786636352539e-02,1.250256299972534180e-01,1.160951554775238037e-01,-9.241680055856704712e-02,1.457825899124145508e-01,2.406176477670669556e-01,-5.673193372786045074e-03,2.073481678962707520e-02,2.323671728372573853e-01,2.055519968271255493e-01,1.285476237535476685e-01,-8.679307997226715088e-03,4.099143296480178833e-02,2.650703191757202148e-01,-6.530994176864624023e-02,6.060927733778953552e-02,1.407715827226638794e-01,2.171822637319564819e-01,2.163868024945259094e-02,1.190801430493593216e-02,1.289741247892379761e-01,-3.719811141490936279e-02,2.643449604511260986e-02,9.938407689332962036e-02,-1.455306634306907654e-02,6.254286319017410278e-02,2.402358502149581909e-01,-5.285534262657165527e-02,8.357057720422744751e-02,2.360481619834899902e-01,4.115177784115076065e-03,-1.757752895355224609e-02,-5.025780294090509415e-03,8.426222950220108032e-02,1.255869269371032715e-01,2.446070313453674316e-01,6.692429631948471069e-02,6.065762042999267578e-02,2.309363633394241333e-01,5.227935314178466797e-02,-4.447642713785171509e-02,-1.084918081760406494e-01,4.769526049494743347e-02,1.438442021608352661e-01,2.046537399291992188e-01,1.296969652175903320e-01,-6.105778366327285767e-02,-1.628704965114593506e-01,-6.804469972848892212e-02,1.059815380722284317e-02,2.024497091770172119e-01,-6.381477415561676025e-02,8.735963702201843262e-02,-1.530537288635969162e-02,1.004465222358703613e-01,2.826624736189842224e-02,1.826083362102508545e-01,1.085693389177322388e-01,-8.678957819938659668e-03,4.083465784788131714e-02,4.274620488286018372e-02,1.122438982129096985e-01,-7.627331465482711792e-02,8.510773628950119019e-02,7.270684838294982910e-02,1.752621680498123169e-01,-4.994481429457664490e-02,1.033581644296646118e-01,-1.172247156500816345e-02,-1.026530265808105469e-01,7.731521129608154297e-02,6.104439869523048401e-02,2.106709405779838562e-02,1.093999892473220825e-01,2.020212821662425995e-02,-6.454107910394668579e-02,7.394048571586608887e-02,-9.906922280788421631e-02,-4.616460204124450684e-02,-1.004291847348213196e-01,1.124835535883903503e-01,-5.070738866925239563e-02,-4.651744291186332703e-02,-2.897453308105468750e-02,1.191940978169441223e-01,1.297716051340103149e-01,2.351195961236953735e-01,-6.813193857669830322e-02,-3.286477550864219666e-02,-3.145381435751914978e-02,2.221121639013290405e-01,-1.785056479275226593e-02,9.718642383813858032e-02,1.816824227571487427e-01,2.758712768554687500e-01
2.430549822747707367e-03,-1.075177565217018127e-01,-1.489094048738479614e-01,-1.068790536373853683e-02,3.707985579967498779e-02,5.232818797230720520e-02,-8.011881262063980103e-02,9.410995990037918091e-02,-2.412711642682552338e-02,7.835072278976440430e-02,1.418419778347015381e-01,2.530446648597717285e-02,9.488471597433090210e-02,-2.772915549576282501e-02,1.566437482833862305e-01,5.084569379687309265e-02,-8.428968489170074463e-02,2.312527596950531006e-02,2.292490303516387939e-01,-1.944824010133743286e-01,6.923559308052062988e-02,5.526698753237724304e-02,-9.823427535593509674e-03,-1.579871922731399536e-01,-4.656228423118591309e-02,1.128131523728370667e-01,4.850935656577348709e-03,-9.817650541663169861e-03,-1.185875162482261658e-01,-1.268980801105499268e-01,-5.975429341197013855e-02,-1.604786962270736694e-01,-1.738251894712448120e-01,9.808572381734848022e-02,8.170197834260761738e-04,-1.178776323795318604e-01,-1.514485329389572144e-01,-1.625546962022781372e-01,-9.610136598348617554e-02,9.455598145723342896e-02,-2.739795111119747162e-02,4.481772333383560181e-02,1.296542882919311523e-01,-3.875959292054176331e-02,3.955441340804100037e-02,-1.113013252615928650e-01,-1.059496849775314331e-01,9.363332390785217285e-02,1.190519481897354126e-01,1.409155130386352539e-01,7.282044738531112671e-02,-3.785233199596405029e-02,1.225363761186599731e-01,-2.674927748739719391e-02,-2.709424868226051331e-02,-3.855044022202491760e-03,-4.292063042521476746e-02,7.248526811599731445e-02,-9.660878777503967285e-02,-2.174497209489345551e-02,4.506485164165496826e-02,-5.821530148386955261e-02,-1.307146698236465454e-01,1.258733123540878296e-01,1.167850941419601440e-01,1.402425020933151245e-01,-4.226681217551231384e-02,5.367699544876813889e-03,9.188512340188026428e-03,-3.265747800469398499e-02,8.727564662694931030e-02,1.605105102062225342e-01,4.262992739677429199e-02,-1.436520181596279144e-02,4.094971809536218643e-03,1.691794022917747498e-02,-1.442297995090484619e-01,7.151667773723602295e-02,-6.454704701900482178e-02,-1.138252168893814087e-01,-7.303322106599807739e-02,9.483209997415542603e-02,1.215572506189346313e-01,7.304599881172180176e-02,6.994352489709854126e-02,-3.926372155547142029e-04,-3.754483070224523544e-03,-5.796948075294494629e-02,1.190016791224479675e-01,2.664356231689453125e-01,2.913855481892824173e-03,-9.845874272286891937e-03,-3.668539598584175110e-02,-1.286370307207107544e-02,-4.006357118487358093e-02,4.752806574106216431e-02,1.082678288221359253e-01,8.005589246749877930e-02,2.311302721500396729e-02,-1.762139797210693359e-02,-5.099195986986160278e-02,-4.424712620675563812e-03,-5.061449483036994934e-03,-7.192096859216690063e-02,-7.587539497762918472e-03,-2.142171375453472137e-02,2.172812074422836304e-01,-2.937602810561656952e-02,2.528599500656127930e-01,-8.518458157777786255e-02,-9.072628617286682129e-02,6.397767364978790283e-02,-5.707697197794914246e-02,5.539918318390846252e-02,-1.455588191747665405e-01,-3.509883284568786621e-01,-1.794272661209106445e-01,-6.714608520269393921e-02,-2.612413663882762194e-04,3.273310884833335876e-02,1.973190307617187500e-01,-8.926081657409667969e-02,3.654041141271591187e-02,-5.784400738775730133e-03,2.122332751750946045e-01,-1.431148499250411987e-01,-4.241520911455154419e-02,-1.683382876217365265e-02,-4.096668958663940430e-02,4.209211841225624084e-02,-5.214013159275054932e-02,2.073143236339092255e-02,-6.534027308225631714e-02,-6.960000097751617432e-02,9.233428537845611572e-02,-1.638272106647491455e-01,-2.192535549402236938e-01,6.499091535806655884e-02,7.192690670490264893e-02,-5.823465809226036072e-02,1.395787149667739868e-01,-4.579643532633781433e-02,8.175727725028991699e-02,6.115318834781646729e-02,7.273989915847778320e-02,1.215151697397232056e-01,5.319389328360557556e-02,-2.084271013736724854e-01,9.925121814012527466e-02,9.348907321691513062e-02,-9.027493745088577271e-02,-4.271787405014038086e-02,-1.194012630730867386e-02,-1.297270134091377258e-02,1.258185505867004395e-01,-1.213928163051605225e-01,2.969177626073360443e-02,-1.808131672441959381e-02,-1.064549535512924194e-01,8.221857249736785889e-02,8.229867555201053619e-03,-7.250141352415084839e-02,-1.147023588418960571e-02,1.840096414089202881e-01,-6.912214308977127075e-02,-6.738591939210891724e-02,5.572522059082984924e-02,4.443802312016487122e-02,-9.622810781002044678e-02,6.796011328697204590e-02,8.818012475967407227e-02,-6.044550612568855286e-02,1.078572869300842285e-01,-1.173900514841079712e-01,1.568010598421096802e-01,-1.189825385808944702e-01,9.821467101573944092e-02,9.538231790065765381e-02,-1.691303402185440063e-01,3.524324297904968262e-02,6.875696778297424316e-02,-9.853998571634292603e-02,2.165856659412384033e-01
-2.548198401927947998e-01,-1.666572093963623047e-01,-9.375479817390441895e-02,3.015516512095928192e-02,-1.800771206617355347e-01,-1.090121120214462280e-01,-2.153614163398742676e-01,-1.990542411804199219e-01,-1.028539333492517471e-02,-1.816530823707580566e-01,-6.740443408489227295e-02,-1.296435669064521790e-02,-1.429283022880554199e-01,9.954850375652313232e-02,-1.250306814908981323e-01,-3.451538980007171631e-01,-7.956523448228836060e-02,-8.480358123779296875e-02,1.410938054323196411e-01,-8.466317504644393921e-02,6.312899291515350342e-02,-2.716028131544589996e-02,3.685763478279113770e-02,-2.051584124565124512e-01,-6.873613595962524414e-02,-1.576612442731857300e-01,-1.833057850599288940e-01,7.760339230298995972e-02,-1.844567954540252686e-01,-4.576026275753974915e-02,-4.127576574683189392e-02,-8.816348016262054443e-02,-1.348949521780014038e-01,-2.980371713638305664e-01,-1.605260930955410004e-02,-1.430467814207077026e-01,-2.809807658195495605e-02,-8.839137852191925049e-02,-1.102937832474708557e-01,7.229232043027877808e-02,2.529903054237365723e-01,1.568369567394256592e-01,1.047450583428144455e-02,-2.453300356864929199e-01,-2.525760531425476074e-01,-1.761772185564041138e-01,9.458509832620620728e-02,2.776773413643240929e-03,2.902301028370857239e-02,-1.291776150465011597e-01,8.066362887620925903e-02,-1.073054373264312744e-01,-1.614819169044494629e-01,-7.391563057899475098e-02,-1.043045520782470703e-01,1.334509551525115967e-01,-2.852525189518928528e-02,9.504362940788269043e-02,1.711326837539672852e-02,-3.590818867087364197e-02,-1.887193508446216583e-02,1.486997604370117188e-01,-7.468648254871368408e-02,-6.266305595636367798e-02,1.162258833646774292e-01,-1.701785773038864136e-01,-5.769240669906139374e-03,-1.972357481718063354e-01,1.966011896729469299e-02,-5.712474137544631958e-02,-5.146513134241104126e-02,-1.711267530918121338e-01,-9.654172509908676147e-02,8.693610131740570068e-02,-1.103958487510681152e-01,-9.965573251247406006e-02,-5.553621798753738403e-02,-3.713893517851829529e-02,4.420215636491775513e-02,-1.667195558547973633e-01,7.514266297221183777e-03,9.438590705394744873e-02,-2.211315482854843140e-01,3.486736863851547241e-02,-1.396708935499191284e-01,-2.025746256113052368e-01,-5.299892276525497437e-02,1.771151088178157806e-02,7.676559686660766602e-02,-2.668722569942474365e-01,-6.891142576932907104e-02,-2.808669507503509521e-01,-9.521619230508804321e-02,-2.242640703916549683e-01,-4.035015776753425598e-02,4.264347627758979797e-02,-1.024005189538002014e-01,-7.301916927099227905e-02,-8.468992263078689575e-02,8.683989942073822021e-02,-9.776963293552398682e-02,-1.448014825582504272e-01,8.045205846428871155e-03,7.030725479125976562e-02,-5.584432184696197510e-02,1.159771904349327087e-01,-1.661017686128616333e-01,-1.732187718152999878e-01,-1.868860870599746704e-01,-2.143228948116302490e-01,-3.272599577903747559e-01,-8.654274046421051025e-02,-9.381454437971115112e-02,-7.743923366069793701e-02,-2.673778831958770752e-01,-1.070903390645980835e-01,-2.172487229108810425e-01,1.230147033929824829e-01,1.084961965680122375e-01,-9.853679686784744263e-02,5.189384147524833679e-02,-1.244732588529586792e-01,-2.487006597220897675e-02,-2.066031545400619507e-01,-1.684136390686035156e-01,-1.289885193109512329e-01,-1.466306746006011963e-01,-1.997008919715881348e-01,-1.300688982009887695e-01,-6.002324819564819336e-02,1.545704714953899384e-02,-2.893742322921752930e-01,-3.421323895454406738e-01,-5.149555951356887817e-02,-1.829025298357009888e-01,-1.243783980607986450e-01,3.113623894751071930e-02,-2.119164764881134033e-01,-8.464654535055160522e-02,-1.004342176020145416e-02,2.607758715748786926e-02,-5.019165202975273132e-02,-2.216586619615554810e-01,-1.653756946325302124e-01,6.069980096071958542e-03,-3.383221477270126343e-02,-7.902558147907257080e-02,-1.646420806646347046e-01,-1.348763406276702881e-01,-5.484697408974170685e-03,1.432396192103624344e-02,-1.961518079042434692e-01,-7.891863584518432617e-02,-6.159438937902450562e-02,-1.695277541875839233e-01,-1.690974831581115723e-01,-1.407324802130460739e-03,-5.728063359856605530e-02,-9.958479553461074829e-03,-5.855197459459304810e-02,3.643454611301422119e-02,3.082856908440589905e-02,-2.449401915073394775e-01,9.714291989803314209e-02,5.812077224254608154e-02,1.422990486025810242e-02,6.270341575145721436e-02,-5.718005076050758362e-02,-9.096246212720870972e-02,-1.134331151843070984e-01,-6.443769484758377075e-02,-1.142206639051437378e-01,9.662326425313949585e-02,1.856185682117938995e-02,-4.652385413646697998e-02,-2.153103500604629517e-01,-1.984123885631561279e-01,-1.488299667835235596e-02,-4.787576571106910706e-02,-3.650511801242828369e-01,-1.729958653450012207e-01,6.015966460108757019e-02,-7.978682965040206909e-02
3.276001513004302979e-01,3.859309256076812744e-01,6.757816672325134277e-01,7.204311490058898926e-01,5.585142374038696289e-01,5.551755428314208984e-01,6.553614139556884766e-01,6.050598025321960449e-01,2.836701869964599609e-01,3.356804847717285156e-01,4.287715554237365723e-01,4.782294631004333496e-01,2.274274677038192749e-01,9.864923357963562012e-02,6.407953053712844849e-02,1.682092249393463135e-01,2.477408647537231445e-01,1.016744785010814667e-02,-3.742768988013267517e-02,-1.100375652313232422e-01,-1.734656989574432373e-01,-1.272488478571176529e-02,1.411901861429214478e-01,-6.692075729370117188e-02,-1.060356944799423218e-01,-5.814222991466522217e-02,5.777354910969734192e-02,6.851846724748611450e-02,-2.746882848441600800e-02,2.165531963109970093e-01,-8.775759488344192505e-02,-2.209904231131076813e-02,6.832131743431091309e-02,1.716220527887344360e-01,2.838239669799804688e-01,4.198904931545257568e-01,6.056053638458251953e-01,6.892293691635131836e-01,5.604067444801330566e-01,6.464685201644897461e-01,5.937788486480712891e-01,5.799198746681213379e-01,5.851322412490844727e-01,4.371465742588043213e-01,4.421561360359191895e-01,4.649566113948822021e-01,4.154511392116546631e-01,5.505731701850891113e-01,6.262142658233642578e-01,5.196564793586730957e-01,1.453247219324111938e-01,-1.736620217561721802e-01,-3.715240359306335449e-01,-4.970400929450988770e-01,-4.602427780628204346e-01,-2.308648824691772461e-01,-3.745254576206207275e-01,-2.727628350257873535e-01,-1.781906932592391968e-01,2.727093398571014404e-01,5.604152083396911621e-01,6.247399449348449707e-01,3.638988137245178223e-01,8.895802497863769531e-02,1.517978608608245850e-01,1.338671445846557617e-01,1.932029426097869873e-01,9.001915156841278076e-02,3.530365647748112679e-03,8.661920577287673950e-02,1.200752183794975281e-01,7.238742709159851074e-02,4.753428511321544647e-03,-4.187989234924316406e-02,-1.978375613689422607e-01,-1.973465085029602051e-02,1.062337756156921387e-01,1.956305801868438721e-01,8.660000562667846680e-02,-1.577547751367092133e-02,-1.297425329685211182e-01,-1.242527440190315247e-01,-1.150319278240203857e-01,-1.118904948234558105e-01,-7.230497896671295166e-02,-4.541017487645149231e-02,-6.204245984554290771e-02,-1.841561347246170044e-01,-2.601849436759948730e-01,-2.870988547801971436e-01,-1.813524961471557617e-01,-1.222274228930473328e-01,-8.707297593355178833e-02,-3.117361851036548615e-02,-5.976530537009239197e-02,2.201763167977333069e-02,-5.590534955263137817e-02,-1.838839948177337646e-01,-8.657120168209075928e-02,-3.668517768383026123e-01,-1.334888190031051636e-01,-2.212324440479278564e-01,-2.468027919530868530e-01,-3.215091228485107422e-01,-1.017682030797004700e-01,-2.070546597242355347e-01,-5.798193439841270447e-02,-1.747944504022598267e-01,-1.069514080882072449e-01,-1.972435712814331055e-01,-2.293833345174789429e-01,-1.536289900541305542e-01,-1.638630032539367676e-01,-1.639704406261444092e-01,-1.362399011850357056e-01,-1.667101681232452393e-01,-9.018623828887939453e-02,-1.571013927459716797e-01,-2.380428761243820190e-01,-2.135273665189743042e-01,-1.773562282323837280e-01,-2.293142825365066528e-01,-1.072050556540489197e-01,-6.612208485603332520e-02,-2.151805162429809570e-02,-1.027900502085685730e-01,2.142645418643951416e-02,-4.694653302431106567e-02,-6.950801610946655273e-02,-9.776749648153781891e-03,-1.049254983663558960e-01,8.400923013687133789e-02,-8.749455213546752930e-02,-1.493367999792098999e-01,-1.122234538197517395e-01,-1.726614832878112793e-01,-1.401542127132415771e-01,1.825208216905593872e-02,-8.592663705348968506e-02,-1.072196438908576965e-01,-1.255364567041397095e-01,-1.033096387982368469e-01,-3.716702386736869812e-02,-2.188977003097534180e-01,-6.566943973302841187e-02,-1.560139209032058716e-01,-9.870415180921554565e-02,-1.066705062985420227e-01,-6.565766036510467529e-02,-1.224760487675666809e-01,-1.075539439916610718e-01,-1.309724301099777222e-01,-3.781695291399955750e-02,-4.623163258656859398e-04,-9.540893882513046265e-02,2.357413247227668762e-02,-1.873861849308013916e-01,-1.154396981000900269e-01,-8.333598822355270386e-02,-1.421424150466918945e-01,-1.087678745388984680e-01,-1.113361343741416931e-01,-8.989217877388000488e-02,-1.705205738544464111e-01,-1.071177944540977478e-01,-1.609576642513275146e-01,-1.980384886264801025e-01,-1.915391236543655396e-01,-8.837271481752395630e-02,-1.005523428320884705e-01,-1.488723456859588623e-01,-1.484191566705703735e-01,-1.135218888521194458e-01,-1.887925416231155396e-01,2.518022805452346802e-02,-1.409192681312561035e-01,-1.221076026558876038e-01,-1.040654480457305908e-01,-1.512021869421005249e-01,-2.234181165695190430e-01,-1.900220960378646851e-01,-1.157818809151649475e-01,-1.822678595781326294e-01
-5.632567778229713440e-02,-1.826135814189910889e-01,1.639866083860397339e-02,-9.838658571243286133e-02,-8.088803291320800781e-02,2.781317010521888733e-02,-1.222589169628918171e-03,1.741652041673660278e-01,1.767320930957794189e-02,2.022597566246986389e-02,1.868114024400711060e-01,1.307449582964181900e-02,-1.552943289279937744e-01,1.201502904295921326e-01,-8.641067892313003540e-03,1.316612511873245239e-01,1.101276930421590805e-02,-1.045979410409927368e-01,-1.065844744443893433e-01,5.179987847805023193e-02,1.137707903981208801e-01,-1.846105009317398071e-01,9.015356749296188354e-02,-5.165821686387062073e-02,1.269007176160812378e-01,-1.443079859018325806e-01,2.692786455154418945e-01,4.495294764637947083e-02,2.135319449007511139e-02,-3.148488234728574753e-03,8.960153162479400635e-02,-7.140418887138366699e-02,-3.027156554162502289e-02,2.726303935050964355e-01,1.590715646743774414e-01,-1.356434524059295654e-01,-2.980748564004898071e-02,-1.564983427524566650e-01,-5.623853579163551331e-02,2.955406904220581055e-01,1.671270281076431274e-01,1.175745800137519836e-01,1.786505281925201416e-01,3.455839818343520164e-03,-1.706645488739013672e-01,5.337215214967727661e-02,2.596488781273365021e-02,1.475911289453506470e-01,1.123645808547735214e-03,6.070642918348312378e-02,1.920473724603652954e-01,-5.481610447168350220e-02,-2.980590797960758209e-02,6.475256383419036865e-02,1.038716807961463928e-01,-3.189990669488906860e-02,-4.105532076209783554e-03,-1.655498147010803223e-01,2.108046859502792358e-01,-1.085251383483409882e-02,6.165673583745956421e-02,3.368545323610305786e-02,-1.224061995744705200e-01,-7.305866573005914688e-03,1.208064705133438110e-01,-1.304278820753097534e-01,8.206829428672790527e-02,1.367128547281026840e-02,2.766168490052223206e-02,2.146363705396652222e-01,6.016109883785247803e-02,7.215844839811325073e-02,1.229731440544128418e-01,1.559135913848876953e-01,1.120926514267921448e-01,3.293568268418312073e-02,1.070491503924131393e-02,-1.796197891235351562e-01,2.017069160938262939e-01,1.915742456912994385e-01,-1.207575388252735138e-02,8.168365061283111572e-02,-1.065061613917350769e-01,2.223518677055835724e-02,1.352239996194839478e-01,-1.222824379801750183e-01,-1.534408032894134521e-01,6.442316621541976929e-02,4.086180403828620911e-02,1.558979693800210953e-02,-1.104892492294311523e-01,-1.150897517800331116e-01,-1.632017493247985840e-01,-1.057669296860694885e-01,2.996521070599555969e-02,-6.926257908344268799e-02,-2.910355292260646820e-02,4.339439421892166138e-02,2.054324299097061157e-01,9.590914472937583923e-03,6.627620756626129150e-02,7.216926314868032932e-04,6.808095425367355347e-02,1.250329427421092987e-02,2.276241779327392578e-01,-3.938435763120651245e-02,5.629155784845352173e-02,7.228432595729827881e-02,-9.042879194021224976e-02,7.617953419685363770e-02,2.222569882869720459e-01,1.372635960578918457e-01,-8.569206297397613525e-02,1.204944476485252380e-01,2.021877765655517578e-01,7.591143250465393066e-03,-5.712844803929328918e-02,7.403721101582050323e-03,-1.633029058575630188e-02,1.026769876480102539e-01,7.415814697742462158e-02,6.325872242450714111e-02,-7.328061759471893311e-02,1.188842281699180603e-01,1.095175296068191528e-01,2.042036652565002441e-01,4.663674160838127136e-02,-2.611990086734294891e-02,-1.102741062641143799e-01,4.125615581870079041e-02,-4.348144680261611938e-02,-7.978584617376327515e-02,-1.768910512328147888e-02,4.466606676578521729e-02,-2.281599342823028564e-01,-1.149490773677825928e-01,1.776933819055557251e-01,8.414697647094726562e-02,2.016171440482139587e-02,-4.225351661443710327e-02,9.379173628985881805e-03,-3.013999015092849731e-02,5.950004234910011292e-02,5.833880975842475891e-03,5.999016761779785156e-02,-9.915504604578018188e-02,-1.137535646557807922e-01,3.711052238941192627e-02,-1.939375847578048706e-01,4.030340164899826050e-02,2.647094614803791046e-02,7.044841349124908447e-02,1.055326685309410095e-01,2.729244828224182129e-01,1.867853701114654541e-01,-1.123549416661262512e-01,4.357872903347015381e-02,3.005570545792579651e-02,7.855124771595001221e-03,3.673351928591728210e-02,6.476016342639923096e-02,3.166960552334785461e-02,4.210095852613449097e-02,1.131474412977695465e-02,7.242084294557571411e-02,2.515911124646663666e-02,1.830038279294967651e-01,7.650262862443923950e-02,1.248324476182460785e-02,4.801364988088607788e-02,4.932114854454994202e-02,4.432711377739906311e-02,1.641072183847427368e-01,-1.851848214864730835e-01,-1.153321936726570129e-01,1.119082793593406677e-01,1.760245561599731445e-01,1.207214593887329102e-01,1.007116138935089111e-01,-6.474479287862777710e-02,-4.089305549860000610e-02,6.687489151954650879e-02,1.318704485893249512e-01
-6.144057959318161011e-02,1.737631559371948242e-01,2.245827199658378959e-04,1.152309253811836243e-01,1.061407178640365601e-01,2.845580130815505981e-02,-1.021483466029167175e-01,7.851194590330123901e-02,1.188667491078376770e-01,8.024333976209163666e-03,4.594460129737854004e-02,-2.393294684588909149e-02,1.631912142038345337e-01,7.809068262577056885e-02,-2.533273398876190186e-02,-7.920036464929580688e-02,-9.587419033050537109e-02,-1.093919351696968079e-01,-9.708705544471740723e-02,7.035376876592636108e-02,-1.168874558061361313e-02,6.417842954397201538e-02,2.063251435756683350e-01,6.328745186328887939e-02,1.196942627429962158e-01,-6.173801049590110779e-02,-1.417572982609272003e-02,7.006937265396118164e-02,-2.705321647226810455e-02,7.458050549030303955e-02,-5.190581455826759338e-02,-6.348439306020736694e-02,-1.838073879480361938e-02,4.958865419030189514e-02,-1.711808443069458008e-01,-2.109086662530899048e-01,5.859623104333877563e-02,8.112039417028427124e-02,-1.294880919158458710e-02,1.032453253865242004e-01,-9.748207777738571167e-02,5.679990723729133606e-02,8.139789849519729614e-02,-1.962038688361644745e-03,1.458836253732442856e-02,-1.477596163749694824e-01,5.555837973952293396e-02,6.777499616146087646e-02,1.318295765668153763e-02,2.886721119284629822e-02,9.436308592557907104e-02,1.267767278477549553e-03,-1.274155080318450928e-01,1.879682838916778564e-01,-9.248231351375579834e-02,8.072718232870101929e-02,-7.158025633543729782e-03,-4.005223885178565979e-02,-3.102777153253555298e-02,3.026461787521839142e-02,-1.665015369653701782e-01,-1.915572732686996460e-01,-1.275240778923034668e-01,-1.537240296602249146e-02,4.926159232854843140e-02,-1.431576460599899292e-01,-9.363222867250442505e-02,8.882057666778564453e-02,3.927088528871536255e-02,1.242365539073944092e-01,1.487530767917633057e-01,-9.741082321852445602e-04,-1.096019446849822998e-01,-2.790025807917118073e-02,2.990387380123138428e-02,-8.922609686851501465e-02,9.228227287530899048e-02,-7.775560021400451660e-02,-1.235105395317077637e-01,-7.798323035240173340e-02,6.494099646806716919e-02,1.345488131046295166e-01,7.819979451596736908e-03,-4.138390533626079559e-03,-7.510743290185928345e-02,-7.357515394687652588e-02,1.739323139190673828e-02,-8.315598964691162109e-02,2.088385522365570068e-01,-8.844324946403503418e-02,8.083130419254302979e-02,3.735689073801040649e-02,1.069977954030036926e-01,3.912587463855743408e-02,-1.337217390537261963e-01,-3.362598130479454994e-03,1.052619889378547668e-01,-5.119667202234268188e-02,2.899954095482826233e-02,1.233262289315462112e-02,4.432312771677970886e-02,6.127624958753585815e-02,1.522150933742523193e-01,6.805913895368576050e-02,8.388280868530273438e-02,4.688993562012910843e-03,-8.576890826225280762e-02,-2.747762948274612427e-02,-7.877534627914428711e-02,-2.167073041200637817e-01,-2.038395255804061890e-01,2.796639874577522278e-02,-8.842619135975837708e-03,8.116940408945083618e-02,4.108823463320732117e-02,1.099369600415229797e-01,3.633141145110130310e-02,-2.642610296607017517e-02,-2.125044353306293488e-02,-3.099136054515838623e-02,-1.255420595407485962e-01,-1.106808483600616455e-01,1.337611377239227295e-01,8.671358972787857056e-02,1.053853482007980347e-01,-7.677068561315536499e-02,-5.255170911550521851e-02,1.146135106682777405e-01,-9.390129894018173218e-02,-1.807971671223640442e-02,5.219595506787300110e-03,1.873372048139572144e-01,9.399884194135665894e-02,-1.255379468202590942e-01,1.178793981671333313e-01,-9.268958121538162231e-02,1.372738927602767944e-02,-1.899746805429458618e-02,2.530766725540161133e-01,-1.814869698137044907e-03,-4.051109403371810913e-02,2.024605683982372284e-02,5.582612752914428711e-02,-1.462472230195999146e-01,1.532420367002487183e-01,1.876504272222518921e-01,-1.513917893171310425e-01,-9.227901697158813477e-02,1.921983361244201660e-01,2.109665423631668091e-01,-1.119096130132675171e-01,7.095666974782943726e-02,-1.461896151304244995e-01,-1.290683150291442871e-01,3.231483325362205505e-02,1.326860487461090088e-01,6.227539107203483582e-02,-1.271181255578994751e-01,7.773333042860031128e-02,1.305094212293624878e-01,-1.244595572352409363e-01,1.929951086640357971e-02,-6.786851584911346436e-02,-1.365046501159667969e-01,1.128680184483528137e-01,9.991908445954322815e-03,-4.792305454611778259e-02,-3.042081184685230255e-02,1.214403733611106873e-01,6.892692297697067261e-02,8.716316521167755127e-02,-1.781697869300842285e-01,-1.644185930490493774e-01,3.933014348149299622e-02,-5.777146294713020325e-02,-7.555738836526870728e-02,5.387843400239944458e-02,1.555007845163345337e-01,-5.175233259797096252e-02,-2.560104057192802429e-02,-5.729655921459197998e-02,4.121433570981025696e-02,-8.419851958751678467e-02
1.250604093074798584e-01,-8.098550885915756226e-02,-4.355613887310028076e-02,-1.612459681928157806e-02,-1.350661218166351318e-01,-1.186840906739234924e-01,-1.159739643335342407e-01,-2.092744922265410423e-03,-2.354996278882026672e-02,2.781954407691955566e-02,-2.708111889660358429e-03,1.323040872812271118e-01,-7.751133292913436890e-02,2.922499924898147583e-02,-2.442055791616439819e-01,-1.174934133887290955e-01,-1.879414170980453491e-01,1.005991697311401367e-01,-2.172567322850227356e-02,-2.082754299044609070e-02,5.610972642898559570e-02,-9.556414186954498291e-02,4.743571579456329346e-02,2.770114876329898834e-02,1.167559158056974411e-02,1.427347026765346527e-02,-7.816307991743087769e-02,-1.434643864631652832e-01,8.627192676067352295e-02,-1.215326488018035889e-01,5.942993983626365662e-02,4.773978516459465027e-02,-1.231146696954965591e-02,-1.081072390079498291e-01,-1.719921529293060303e-01,9.948933124542236328e-02,6.364410370588302612e-02,-1.617709249258041382e-01,1.673427224159240723e-01,1.988730579614639282e-01,-7.727251853793859482e-03,8.252136409282684326e-02,-1.347713172435760498e-01,-9.353687614202499390e-02,-9.044002741575241089e-02,-9.388847649097442627e-02,-3.604661300778388977e-02,1.036289557814598083e-01,-3.206826001405715942e-02,1.373530626296997070e-01,1.342976029263809323e-04,-3.518260419368743896e-01,-1.103482395410537720e-01,1.773040741682052612e-02,-1.871941983699798584e-02,-1.367078870534896851e-01,2.604269236326217651e-02,-5.016788095235824585e-02,-1.021399199962615967e-01,8.334306627511978149e-02,4.445121437311172485e-02,-9.241427481174468994e-02,1.043015643954277039e-01,-1.296470314264297485e-01,-1.741692721843719482e-01,-9.080719202756881714e-02,-1.483621262013912201e-02,7.506245374679565430e-02,2.219705879688262939e-01,-6.400170177221298218e-02,-1.344588845968246460e-01,1.242333352565765381e-01,-2.599119208753108978e-02,6.405007839202880859e-02,-1.288882642984390259e-01,-5.735781788825988770e-02,-3.760471567511558533e-02,-3.560229390859603882e-02,4.930917173624038696e-02,3.987054154276847839e-02,-1.582148820161819458e-01,7.837999612092971802e-02,7.230120897293090820e-02,-5.006993934512138367e-02,2.442485652863979340e-02,-7.659950852394104004e-02,5.298045650124549866e-02,1.160992309451103210e-01,3.517873212695121765e-02,-1.937044411897659302e-01,1.264902530238032341e-03,-1.836557686328887939e-02,2.617511749267578125e-01,1.987449973821640015e-01,1.258299946784973145e-01,5.982261523604393005e-02,4.008057713508605957e-02,-8.113978058099746704e-02,1.794654726982116699e-01,-4.241217672824859619e-02,-7.602637261152267456e-02,-1.872559785842895508e-01,-5.750068649649620056e-02,1.066137030720710754e-01,-6.845901906490325928e-02,-2.776509337127208710e-02,9.637267142534255981e-02,1.296938210725784302e-01,-2.363288216292858124e-02,-1.168037801980972290e-01,-2.055882811546325684e-01,8.619970083236694336e-02,1.117009297013282776e-01,-1.558052897453308105e-01,1.087829694151878357e-01,-2.937795035541057587e-02,2.523028254508972168e-01,1.081828176975250244e-01,3.126370161771774292e-02,-9.376976639032363892e-03,1.583454310894012451e-01,-3.672816604375839233e-02,1.173467785120010376e-01,-4.796277265995740891e-03,9.025693684816360474e-02,2.758555673062801361e-02,-5.776940658688545227e-02,9.725754708051681519e-02,-1.081431657075881958e-01,-1.481741108000278473e-02,1.144423708319664001e-01,7.412698864936828613e-02,-2.458949759602546692e-02,-8.847633004188537598e-02,1.008282750844955444e-01,-2.106674015522003174e-01,9.332866221666336060e-02,1.590754278004169464e-02,-5.438145250082015991e-02,-1.927747428417205811e-01,-3.192580118775367737e-02,2.852196060121059418e-02,-5.421741679310798645e-02,8.678485453128814697e-02,-5.246027838438749313e-03,1.348596364259719849e-01,7.771174609661102295e-02,3.319765964988619089e-04,1.171587258577346802e-01,-2.541505694389343262e-01,-4.673856124281883240e-02,1.230838745832443237e-01,1.943883746862411499e-01,1.673588305711746216e-01,7.322533428668975830e-02,1.165033802390098572e-01,-9.977469593286514282e-02,2.011355571448802948e-02,-2.469902634620666504e-01,-2.323449961841106415e-02,5.222463607788085938e-02,1.280442178249359131e-01,8.526953309774398804e-02,-1.192963495850563049e-02,-6.191259622573852539e-02,-9.175714105367660522e-02,-2.724234201014041901e-02,1.780621856451034546e-01,-2.463056147098541260e-02,-4.882636666297912598e-02,-4.601179063320159912e-02,-4.735375568270683289e-02,-2.515593469142913818e-01,-1.535524521023035049e-02,6.337605416774749756e-02,-1.793075203895568848e-01,7.506905123591423035e-03,3.537464514374732971e-02,6.812160462141036987e-02,-5.766372382640838623e-02,-5.565517395734786987e-02,5.548240244388580322e-02,1.370795536786317825e-02
-1.730277389287948608e-01,-3.451595827937126160e-02,1.003113761544227600e-02,1.404507160186767578e-01,-1.422166638076305389e-02,-8.143252693116664886e-03,-9.318685531616210938e-02,2.902065776288509369e-02,-7.237531244754791260e-02,4.258056357502937317e-02,1.115262657403945923e-01,-8.894440531730651855e-02,-1.016588285565376282e-01,8.578070253133773804e-02,1.591537594795227051e-01,-9.026791155338287354e-02,4.871056973934173584e-02,8.532579988241195679e-02,-7.018817216157913208e-02,4.174931347370147705e-02,6.715959310531616211e-02,5.244621634483337402e-02,1.341147124767303467e-01,1.054730340838432312e-01,-1.082615777850151062e-01,8.927425742149353027e-02,-9.214991331100463867e-02,-1.154470294713973999e-01,4.892087727785110474e-02,-1.707949638366699219e-01,-1.554235965013504028e-01,1.310130804777145386e-01,-6.951217353343963623e-02,-1.158892065286636353e-01,7.414403837174177170e-03,1.376394927501678467e-01,-1.583765447139739990e-01,8.655730634927749634e-02,1.322689205408096313e-01,1.980844885110855103e-02,-7.679530233144760132e-02,-2.546142041683197021e-02,8.987504057586193085e-03,1.425554603338241577e-01,-6.636074930429458618e-02,4.205717146396636963e-02,-1.124616116285324097e-01,-1.673148870468139648e-01,4.955275356769561768e-02,-7.043083012104034424e-02,-6.108180433511734009e-02,-2.824293263256549835e-02,1.533138900995254517e-01,-7.470133900642395020e-02,1.134965047240257263e-01,1.530319750308990479e-01,6.961852312088012695e-02,3.357426226139068604e-01,-5.874793976545333862e-02,2.332448773086071014e-02,7.149749249219894409e-02,6.018777564167976379e-02,2.769548892974853516e-01,3.195662796497344971e-02,2.626863308250904083e-02,2.666665799915790558e-02,1.229618713259696960e-01,1.145855709910392761e-01,2.924978435039520264e-01,1.017554923892021179e-01,-1.123215705156326294e-01,1.888706088066101074e-01,-6.550521403551101685e-02,1.959533691406250000e-01,8.348351716995239258e-02,1.330585628747940063e-01,3.002188354730606079e-02,5.934640020132064819e-02,2.821899252012372017e-03,-9.429497644305229187e-03,-4.469795525074005127e-02,-1.815124973654747009e-02,5.590714886784553528e-02,-1.580611169338226318e-01,-5.067048477940261364e-04,4.581679776310920715e-02,3.059298358857631683e-02,-1.015837267041206360e-01,3.921006619930267334e-02,-6.018153578042984009e-02,4.760182276368141174e-02,-1.777565330266952515e-01,-1.387610286474227905e-01,-1.529670506715774536e-02,1.316988468170166016e-01,4.756009206175804138e-02,4.695707187056541443e-02,2.056450210511684418e-02,4.366092383861541748e-02,6.277599185705184937e-02,-6.998535245656967163e-02,-2.465852349996566772e-01,-6.007990986108779907e-02,-2.840902283787727356e-02,2.286272048950195312e-01,1.127187907695770264e-02,3.422366827726364136e-02,-5.229426175355911255e-02,-1.736999303102493286e-01,1.448294427245855331e-02,3.856363520026206970e-02,1.708361506462097168e-02,-3.992070630192756653e-02,-3.544229641556739807e-02,-2.538945712149143219e-02,-2.672947347164154053e-01,-9.201331436634063721e-02,8.900461345911026001e-02,7.060051709413528442e-02,-6.424290686845779419e-02,-1.923155784606933594e-02,-3.526270762085914612e-02,-1.698904037475585938e-01,8.420521765947341919e-02,-1.142071839421987534e-02,-3.928630799055099487e-02,3.049078024923801422e-02,-2.754264511168003082e-02,8.653939515352249146e-02,6.659200787544250488e-02,1.387727111577987671e-01,5.460543185472488403e-02,-1.226113662123680115e-01,-1.172625087201595306e-02,-5.597492307424545288e-02,8.285770565271377563e-02,-4.297836869955062866e-02,1.390502788126468658e-02,1.814031451940536499e-01,1.967661082744598389e-01,-8.715800940990447998e-02,-3.191163018345832825e-02,8.244156092405319214e-02,-4.089326784014701843e-02,1.384121179580688477e-02,6.327971816062927246e-02,-6.675686687231063843e-02,1.230800002813339233e-01,5.433435738086700439e-02,3.325286088511347771e-03,-4.650026187300682068e-02,-1.464522071182727814e-02,1.095637455582618713e-01,-1.022738814353942871e-01,-7.601889222860336304e-02,1.101109012961387634e-01,-6.514776498079299927e-02,-2.177274376153945923e-01,-1.965787410736083984e-01,1.254051178693771362e-01,-5.819403752684593201e-02,1.241097375750541687e-01,7.502229511737823486e-02,-6.933113187551498413e-02,-6.412901729345321655e-02,4.223268106579780579e-02,-6.827196339145302773e-04,-8.065855503082275391e-02,1.354689430445432663e-02,1.024606227874755859e-01,1.004912517964839935e-02,-1.085719764232635498e-01,7.559286057949066162e-02,-1.677798479795455933e-02,-1.823755800724029541e-01,-2.740324474871158600e-02,1.439081132411956787e-01,-1.496346592903137207e-01,2.873446978628635406e-02,-8.805972337722778320e-02,-2.015265226364135742e-01,2.725005149841308594e-02,-1.750739407725632191e-03
4.154213368892669678e-01,1.282664239406585693e-01,5.962180495262145996e-01,3.208862245082855225e-01,4.997572302818298340e-01,5.062958002090454102e-01,7.522532939910888672e-01,7.602651119232177734e-01,4.134801030158996582e-01,-8.044273853302001953e-01,-3.462999463081359863e-01,3.775746002793312073e-02,-3.186367750167846680e-01,-5.860722661018371582e-01,-1.330259293317794800e-01,1.238004118204116821e-01,-2.441395521163940430e-01,-2.630408480763435364e-02,-1.632072478532791138e-01,-1.743822991847991943e-01,-5.303816124796867371e-02,7.506456226110458374e-02,-2.363298684358596802e-01,-8.396013081073760986e-02,-6.352651119232177734e-02,4.547814130783081055e-01,3.673856854438781738e-01,-2.536715269088745117e-01,-4.294832646846771240e-01,1.915804669260978699e-02,-1.951124817132949829e-01,3.130052387714385986e-01,4.450605064630508423e-02,-2.441348135471343994e-02,3.220819234848022461e-01,4.217304289340972900e-01,1.564983427524566650e-01,-2.638493478298187256e-01,2.225713878870010376e-01,1.615012437105178833e-02,-4.307052865624427795e-02,7.343257963657379150e-02,-8.903802186250686646e-02,-1.167726814746856689e-01,-3.120951950550079346e-01,-1.923857331275939941e-01,-5.269059166312217712e-02,1.681537330150604248e-01,-3.076462075114250183e-02,-7.907001674175262451e-02,4.280448704957962036e-02,1.553992629051208496e-01,7.201562076807022095e-02,-1.063745468854904175e-02,-7.025044411420822144e-02,5.181314051151275635e-02,-1.003274098038673401e-01,-1.976488381624221802e-01,-2.564609348773956299e-01,2.577359378337860107e-01,8.182374835014343262e-01,6.474025845527648926e-01,2.083936333656311035e-01,5.223178267478942871e-01,6.162819266319274902e-01,8.375669121742248535e-01,9.604539275169372559e-01,9.480706453323364258e-01,3.476355969905853271e-01,3.561117351055145264e-01,2.337990105152130127e-01,4.686342477798461914e-01,5.272613763809204102e-01,2.047566175460815430e-01,9.835581295192241669e-03,2.710270881652832031e-01,1.711841523647308350e-01,1.183248609304428101e-01,9.269342571496963501e-02,3.154647946357727051e-01,3.894926309585571289e-01,2.421702444553375244e-01,1.666478440165519714e-02,1.478620022535324097e-01,2.258491069078445435e-01,9.395483136177062988e-02,2.173591852188110352e-01,1.861111819744110107e-01,4.044731259346008301e-01,1.944824606180191040e-01,3.305056691169738770e-01,2.142920047044754028e-01,1.337792426347732544e-01,9.398197382688522339e-02,5.496821925044059753e-02,2.308248877525329590e-01,1.813501119613647461e-01,1.513236612081527710e-01,1.445487141609191895e-01,4.363808929920196533e-01,5.138569474220275879e-01,2.258553504943847656e-01,-1.048355922102928162e-01,4.147366434335708618e-02,5.624527111649513245e-02,4.150452092289924622e-02,5.287008360028266907e-02,-1.600160002708435059e-01,-1.248701214790344238e-01,-1.779522299766540527e-01,-3.201809525489807129e-01,-4.867749512195587158e-01,-4.114072322845458984e-01,-7.219163775444030762e-01,-5.669779777526855469e-01,-4.109940528869628906e-01,-6.573225259780883789e-01,-5.902910828590393066e-01,-4.222596585750579834e-01,-4.294272661209106445e-01,-4.159973263740539551e-01,-2.834677696228027344e-01,-3.343674838542938232e-01,-2.941898107528686523e-01,-2.927814424037933350e-01,-2.970678210258483887e-01,-5.738334655761718750e-01,-2.408255785703659058e-01,-2.794700860977172852e-01,-3.141542077064514160e-01,-1.363769173622131348e-01,-2.615592479705810547e-01,-3.433081805706024170e-01,-4.286361634731292725e-01,-2.828390300273895264e-01,-2.652804851531982422e-01,-4.183773696422576904e-01,-1.478083580732345581e-01,-2.217506915330886841e-01,-4.104524254798889160e-01,-3.036465346813201904e-01,-3.737109601497650146e-01,-2.724215686321258545e-01,-3.572189807891845703e-01,-3.491198718547821045e-01,-2.394348233938217163e-01,-2.729751169681549072e-01,-4.589985907077789307e-01,-1.307964622974395752e-01,-1.136518269777297974e-01,-1.573312580585479736e-01,-2.159529775381088257e-01,-2.597841024398803711e-01,-4.829998910427093506e-01,-1.100366711616516113e-01,-3.080737888813018799e-01,-2.561484277248382568e-01,-2.215120494365692139e-01,-1.534139961004257202e-01,-2.133640795946121216e-01,-1.017636433243751526e-01,-1.757204979658126831e-01,-2.235696315765380859e-01,-2.219839245080947876e-01,-2.568126022815704346e-01,-2.751583158969879150e-01,-3.186177462339401245e-02,-2.900436222553253174e-01,-1.880518347024917603e-01,-2.508570551872253418e-01,-1.856396943330764771e-01,-2.804372310638427734e-01,-8.024897426366806030e-02,-3.692285120487213135e-01,-7.499258220195770264e-02,-2.955976128578186035e-01,-1.825193762779235840e-01,-6.893567740917205811e-02,-3.289512395858764648e-01,-1.616568118333816528e-01,-4.986394196748733521e-02,-2.052055746316909790e-01,-2.353820651769638062e-01
-1.225252673029899597e-01,-1.704371571540832520e-01,-1.143725682049989700e-02,-1.690418124198913574e-01,-1.903016120195388794e-01,1.535492837429046631e-01,-1.912852935492992401e-02,1.079072430729866028e-02,-1.396363675594329834e-01,1.975539326667785645e-02,-6.628845818340778351e-03,3.473414853215217590e-02,-6.322762370109558105e-02,-7.357351481914520264e-02,5.520287156105041504e-02,-1.997773498296737671e-01,-6.301698088645935059e-02,-1.981704682111740112e-01,-1.700512021780014038e-01,-9.210591763257980347e-02,-1.686159968376159668e-01,-1.422305405139923096e-01,-6.330628693103790283e-02,-8.563512563705444336e-02,-2.937999926507472992e-02,-3.388722613453865051e-02,-2.037668079137802124e-01,-2.508378922939300537e-01,-1.302788704633712769e-01,-1.035637967288494110e-02,-1.230703219771385193e-01,-8.154257386922836304e-02,5.330331157892942429e-03,9.386727213859558105e-02,4.103546217083930969e-02,-7.505660876631736755e-03,-4.752126336097717285e-02,7.095260918140411377e-02,7.720422744750976562e-02,2.421727636829018593e-03,1.104718595743179321e-01,-2.062387317419052124e-01,-1.338096428662538528e-02,3.344526141881942749e-02,-3.930687904357910156e-02,-3.249894678592681885e-01,-1.095145717263221741e-01,4.163199290633201599e-02,-6.394352018833160400e-02,3.231915179640054703e-03,-1.425163596868515015e-01,-1.016542464494705200e-01,-1.045454517006874084e-01,-1.743339002132415771e-01,4.187669139355421066e-03,-1.383599787950515747e-01,-3.973739221692085266e-03,-9.602274745702743530e-02,-9.859662503004074097e-02,-1.519112102687358856e-02,-1.197631098330020905e-02,1.724245846271514893e-01,-4.225451126694679260e-02,-1.431917250156402588e-01,8.286704123020172119e-02,-3.963521495461463928e-02,-3.943454101681709290e-02,-2.045262455940246582e-01,-3.710474446415901184e-02,-8.576193451881408691e-02,-7.996107451617717743e-03,-6.265014410018920898e-02,-9.009597450494766235e-02,-7.919388823211193085e-03,8.858685940504074097e-02,-1.244321092963218689e-01,-1.241861097514629364e-02,-1.282906830310821533e-01,2.831220999360084534e-02,-2.243327349424362183e-02,-1.833595186471939087e-01,9.299279749393463135e-02,7.885494083166122437e-02,1.790602318942546844e-02,3.583845123648643494e-02,4.311187937855720520e-02,-3.626100718975067139e-02,-1.128171905875205994e-01,-1.342731267213821411e-01,3.999944403767585754e-02,-5.037839338183403015e-02,-1.161831542849540710e-01,-7.090878486633300781e-02,1.649702340364456177e-01,6.178031489253044128e-02,-6.778127700090408325e-02,1.030742898583412170e-01,-9.421365708112716675e-02,1.995038390159606934e-01,-7.914198189973831177e-02,8.283352851867675781e-02,-4.016450792551040649e-02,8.294528722763061523e-02,8.843240141868591309e-02,3.099043853580951691e-02,-5.955350119620561600e-03,-8.937758952379226685e-02,-5.428863316774368286e-02,-1.557962149381637573e-01,-9.471797384321689606e-03,-6.598189473152160645e-02,-1.827365458011627197e-01,2.526704408228397369e-02,-2.919808216392993927e-02,-1.947636306285858154e-01,1.029493752866983414e-02,-2.306087408214807510e-03,-7.877339422702789307e-02,-1.149719464592635632e-03,4.117585718631744385e-02,-1.881953328847885132e-03,-1.497036069631576538e-01,-1.981175988912582397e-01,-1.368099898099899292e-01,-1.879484504461288452e-01,4.743127152323722839e-02,5.327599123120307922e-02,8.719269186258316040e-02,1.148808561265468597e-02,-3.903192281723022461e-02,-1.555191818624734879e-02,-8.259916305541992188e-02,-2.255305945873260498e-01,6.886908784508705139e-03,5.504723172634840012e-03,-7.454015314579010010e-02,-7.722663879394531250e-02,2.040736190974712372e-02,-7.309745997190475464e-02,-1.878471300005912781e-02,-7.847056537866592407e-02,-1.341736614704132080e-01,-5.545458290725946426e-03,1.702621877193450928e-01,8.495447039604187012e-02,-5.946726724505424500e-02,1.514113694429397583e-02,-1.648184508085250854e-01,-1.655181050300598145e-01,-2.591721899807453156e-02,-2.111870236694812775e-02,6.411127001047134399e-02,-1.149809509515762329e-01,1.620170101523399353e-02,-1.584937125444412231e-01,-1.387414634227752686e-01,1.014117524027824402e-01,2.352230101823806763e-01,4.356804117560386658e-02,-6.689709424972534180e-02,-4.586377739906311035e-02,-3.480914980173110962e-02,1.252224743366241455e-01,6.805247068405151367e-02,-6.057824194431304932e-02,1.413138806819915771e-01,-1.295428723096847534e-01,-9.387979656457901001e-02,-1.142117902636528015e-01,-5.031815916299819946e-02,3.760242462158203125e-02,4.505072906613349915e-02,-9.073582291603088379e-02,-1.118720993399620056e-01,-2.102021276950836182e-01,-7.626935839653015137e-02,2.265395671129226685e-01,-1.309210807085037231e-01,-1.369061619043350220e-01,2.545253606513142586e-03,9.171012789011001587e-02,-5.560026317834854126e-02,-2.484172955155372620e-02
-4.184279590845108032e-03,-1.290535032749176025e-01,8.006797730922698975e-02,-5.442886427044868469e-02,1.684000641107559204e-01,6.035506352782249451e-02,-9.170173108577728271e-02,8.835882693529129028e-02,-1.880494803190231323e-01,1.322535574436187744e-01,-3.907652199268341064e-02,1.144910156726837158e-01,-3.174466267228126526e-02,-8.401940017938613892e-02,1.216291710734367371e-01,-8.510100096464157104e-02,-1.579178720712661743e-01,5.107347387820482254e-03,-4.354021698236465454e-02,3.473369032144546509e-02,-8.789604902267456055e-02,-6.659154780209064484e-03,1.393678933382034302e-01,-8.100850880146026611e-02,-6.430577486753463745e-03,4.115641582757234573e-03,4.340335726737976074e-02,-5.197549611330032349e-02,-9.055395424365997314e-02,-1.818263828754425049e-01,-1.956033334136009216e-02,1.018980517983436584e-01,-1.175423264503479004e-01,4.624734446406364441e-02,6.957963109016418457e-02,-1.097169145941734314e-01,-1.370348930358886719e-01,1.275110840797424316e-01,-2.988194115459918976e-02,2.690791338682174683e-02,5.850341171026229858e-02,8.097731508314609528e-03,-4.744584858417510986e-02,-2.993757836520671844e-03,1.587757468223571777e-01,1.166823729872703552e-01,-3.736058622598648071e-02,2.173985391855239868e-01,5.389932543039321899e-02,-2.081912010908126831e-01,-8.164350688457489014e-02,2.175133675336837769e-02,1.748402118682861328e-01,4.199405014514923096e-02,-7.429521996527910233e-03,1.885158009827136993e-02,-2.443542629480361938e-01,4.540669918060302734e-02,8.595053106546401978e-02,5.304182879626750946e-03,-4.939839243888854980e-02,1.497482210397720337e-01,1.585049480199813843e-01,3.902349621057510376e-02,-1.916766352951526642e-02,1.331529468297958374e-01,6.318255793303251266e-03,1.218920201063156128e-02,4.051887989044189453e-02,1.084486953914165497e-03,-1.289433538913726807e-01,-1.649856567382812500e-01,4.538831301033496857e-03,-8.221039175987243652e-02,4.804084450006484985e-02,1.184518858790397644e-01,6.414513289928436279e-02,-1.522910743951797485e-01,2.209593169391155243e-02,-6.959600001573562622e-02,-7.948654890060424805e-02,-3.793485462665557861e-02,1.272510886192321777e-01,1.233942657709121704e-01,-7.244516909122467041e-02,2.333164960145950317e-02,-1.023798435926437378e-01,-1.133200004696846008e-01,-2.277045696973800659e-01,7.715549319982528687e-02,1.243878751993179321e-01,-7.655914127826690674e-02,2.169456183910369873e-01,3.689879551529884338e-02,-1.878257095813751221e-01,-5.162993818521499634e-02,-1.976207494735717773e-01,7.606781274080276489e-02,-1.016225367784500122e-01,1.069303695112466812e-02,-1.003409177064895630e-01,-3.790854010730981827e-03,1.143556833267211914e-01,-3.099811635911464691e-02,1.487182378768920898e-01,7.589390128850936890e-02,1.329439878463745117e-02,1.174048706889152527e-01,1.498425193130970001e-02,-7.964874058961868286e-02,-2.978612296283245087e-02,-7.309982925653457642e-02,-5.314714461565017700e-02,7.696450501680374146e-02,-1.789054274559020996e-02,1.531580463051795959e-02,2.139455080032348633e-01,1.023305878043174744e-01,-1.702779978513717651e-01,1.073785573244094849e-01,5.519281607121229172e-03,-5.438912287354469299e-02,1.344198286533355713e-01,-2.812668681144714355e-01,-5.601686611771583557e-02,1.602027863264083862e-01,-6.367352604866027832e-02,-1.657485961914062500e-02,7.204503566026687622e-02,1.111146211624145508e-01,7.238873839378356934e-02,1.129142567515373230e-01,2.769768703728914261e-03,-1.349451839923858643e-01,9.740699827671051025e-02,3.228522604331374168e-03,-4.157381132245063782e-02,-1.301447767764329910e-02,-7.729034125804901123e-02,9.647341072559356689e-02,5.668852478265762329e-02,-9.135286323726177216e-03,-6.353709846735000610e-02,4.074112698435783386e-02,6.250395625829696655e-02,-6.439559161663055420e-02,1.249043550342321396e-02,-7.940894365310668945e-02,6.658315658569335938e-02,1.288126111030578613e-01,4.444777499884366989e-03,7.858514785766601562e-02,-2.471546269953250885e-02,-1.659299135208129883e-01,1.520358026027679443e-02,2.303980737924575806e-01,5.927741527557373047e-02,5.961167439818382263e-02,1.360853016376495361e-01,6.405937671661376953e-02,-1.658842563629150391e-01,-7.835080474615097046e-02,1.732673794031143188e-01,1.426593959331512451e-01,1.007409468293190002e-01,2.637873031198978424e-02,1.439599245786666870e-01,1.967878341674804688e-01,2.218967527151107788e-01,1.027533635497093201e-01,-1.983587592840194702e-01,1.140746399760246277e-01,4.283615946769714355e-02,7.953808456659317017e-02,2.436464466154575348e-02,8.350674062967300415e-02,-9.624741971492767334e-02,1.332003772258758545e-01,-7.628755271434783936e-02,-8.580705523490905762e-02,5.615870654582977295e-02,1.355095207691192627e-01,6.539355963468551636e-02
-8.561848849058151245e-02,1.357887126505374908e-02,1.386971175670623779e-01,6.816999614238739014e-02,-2.434331476688385010e-01,2.319443225860595703e-02,1.613643765449523926e-02,2.807057201862335205e-01,8.471082150936126709e-02,-6.307936459779739380e-02,7.290674000978469849e-02,5.843002349138259888e-02,-2.017362266778945923e-01,7.130773365497589111e-02,-2.691817283630371094e-02,2.021680027246475220e-01,1.832926459610462189e-02,-3.721557930111885071e-02,1.636109314858913422e-02,1.370640397071838379e-01,-5.183795094490051270e-02,1.574656181037425995e-02,-2.028424143791198730e-01,4.577809572219848633e-02,-3.792964294552803040e-02,4.888130724430084229e-02,-4.312203451991081238e-02,-1.047124434262514114e-02,-1.277475804090499878e-01,-3.565868362784385681e-02,-1.830838322639465332e-01,-2.865670621395111084e-02,-4.023973643779754639e-02,-1.120259016752243042e-01,4.944464564323425293e-02,1.226280853152275085e-01,1.065636873245239258e-01,2.433256618678569794e-02,-6.357102841138839722e-02,1.528847813606262207e-01,1.527467668056488037e-01,-7.062699645757675171e-02,1.695927679538726807e-01,9.748791158199310303e-02,-9.962912648916244507e-02,-9.480234235525131226e-03,-1.344688236713409424e-01,-4.306866228580474854e-02,-1.256126016378402710e-01,-9.530794620513916016e-02,-4.671023413538932800e-02,-2.854644134640693665e-02,1.486310921609401703e-02,-1.292997598648071289e-01,2.892926149070262909e-02,-3.934759646654129028e-03,2.432473935186862946e-02,-6.201415322721004486e-03,8.298884332180023193e-02,8.899569511413574219e-02,-5.969589203596115112e-02,6.904971599578857422e-02,-6.461086869239807129e-02,9.310134500265121460e-02,-1.494675967842340469e-02,8.444727212190628052e-02,-6.573891267180442810e-03,-6.350750476121902466e-02,3.907994553446769714e-02,-6.982558220624923706e-02,-8.850858360528945923e-02,9.273150563240051270e-02,7.613762863911688328e-04,7.030058652162551880e-02,2.174090966582298279e-02,-3.322534635663032532e-02,-5.163893476128578186e-02,-2.535719890147447586e-03,-1.148046739399433136e-02,-1.100643128156661987e-01,-2.994967699050903320e-01,3.338351845741271973e-02,-4.170806705951690674e-02,1.519964039325714111e-01,5.534722283482551575e-02,6.957884877920150757e-02,-2.538478374481201172e-02,1.311795692890882492e-02,-3.030864335596561432e-02,1.051846668124198914e-01,-1.408964674919843674e-02,-1.471734642982482910e-01,7.481010165065526962e-03,1.038438454270362854e-01,3.699884563684463501e-02,-6.577317416667938232e-02,2.923083677887916565e-02,-8.516894280910491943e-02,-4.593331366777420044e-03,-7.022836711257696152e-03,1.398769468069076538e-01,4.843413084745407104e-02,1.816422119736671448e-02,1.838138848543167114e-01,-1.993796601891517639e-02,1.396889537572860718e-01,-3.895822912454605103e-02,2.021501660346984863e-01,4.037139471620321274e-03,-1.006831899285316467e-01,3.254020959138870239e-02,3.392904251813888550e-02,1.667905002832412720e-01,-9.066649526357650757e-02,-5.980101600289344788e-02,-2.860318683087825775e-02,2.346699126064777374e-02,4.612889885902404785e-02,4.296839982271194458e-02,-3.557326504960656166e-03,-2.829247526824474335e-02,-1.048652008175849915e-01,-1.745604574680328369e-01,8.571787737309932709e-03,1.514395177364349365e-01,4.263075441122055054e-02,1.818037480115890503e-01,-9.818147122859954834e-02,-1.203723438084125519e-02,2.044051513075828552e-02,1.575232818140648305e-05,6.201428920030593872e-02,-9.248616546392440796e-02,1.161295101046562195e-01,8.669561892747879028e-02,1.578451246023178101e-01,8.875843137502670288e-02,9.965324401855468750e-02,1.294359564781188965e-01,1.786254793405532837e-01,5.890531465411186218e-02,3.811637759208679199e-01,-6.100463122129440308e-02,1.306793689727783203e-01,1.731531769037246704e-01,1.162746623158454895e-01,3.643755614757537842e-02,1.531649231910705566e-01,-7.560040801763534546e-02,7.795182615518569946e-02,2.379636093974113464e-02,-1.134056448936462402e-01,-1.966135762631893158e-02,-8.498607575893402100e-02,1.291116029024124146e-01,5.324691534042358398e-02,-2.014615833759307861e-01,-4.292624071240425110e-03,-6.644723564386367798e-02,-1.231991648674011230e-01,-5.781995877623558044e-02,3.632493317127227783e-02,-1.893510222434997559e-01,-5.272914841771125793e-02,2.411982715129852295e-01,-1.807073801755905151e-01,-1.914162039756774902e-01,-1.038306113332509995e-02,-6.035274639725685120e-02,-1.663683503866195679e-01,-8.168973773717880249e-02,1.372114419937133789e-01,-1.264062821865081787e-01,3.562986850738525391e-02,-1.338601112365722656e-01,-1.608015298843383789e-01,1.719415038824081421e-01,-1.364751718938350677e-02,-1.683925539255142212e-01,1.139707788825035095e-01,-6.322746723890304565e-02,5.123027414083480835e-02,-4.354189708828926086e-02
-2.756013721227645874e-02,-1.623476445674896240e-01,-4.365798830986022949e-02,-8.683640509843826294e-02,3.068855218589305878e-02,-1.568080782890319824e-01,-1.309183193370699883e-03,-2.935239486396312714e-02,-1.227619498968124390e-01,-7.301680743694305420e-02,-2.089778333902359009e-02,1.972319781780242920e-01,-2.539078891277313232e-02,2.500573359429836273e-02,-1.024184077978134155e-01,4.534705728292465210e-02,-1.974589005112648010e-02,-8.241896331310272217e-02,6.174834445118904114e-02,6.846939213573932648e-04,1.136535555124282837e-01,5.311084166169166565e-02,-1.059042438864707947e-01,-1.008533313870429993e-01,-1.326056718826293945e-01,-1.654334366321563721e-01,1.929846405982971191e-01,6.291715055704116821e-02,-9.546533972024917603e-02,1.032232642173767090e-01,1.142894029617309570e-01,-1.146611198782920837e-01,-1.090167462825775146e-01,2.440373152494430542e-01,-1.082325950264930725e-01,7.273371517658233643e-02,2.090727835893630981e-01,2.924746647477149963e-02,-1.535643190145492554e-01,2.225364148616790771e-01,-1.241631433367729187e-01,5.020652711391448975e-02,1.081687361001968384e-01,6.239667907357215881e-02,3.259717300534248352e-02,4.294130206108093262e-02,5.646227672696113586e-02,4.049920663237571716e-02,1.086646392941474915e-01,3.053686581552028656e-02,6.362064927816390991e-02,2.943867743015289307e-01,6.258106231689453125e-02,1.373926699161529541e-01,1.422693282365798950e-01,1.380780935287475586e-01,1.485094428062438965e-02,6.989871710538864136e-02,-2.416731044650077820e-02,-1.949204690754413605e-02,-5.147529393434524536e-02,5.627555772662162781e-02,2.933618985116481781e-02,-1.007133722305297852e-01,-5.564625933766365051e-02,4.564113914966583252e-02,-1.436028629541397095e-01,1.169056864455342293e-03,-4.790840670466423035e-02,-9.881952404975891113e-02,6.180310621857643127e-02,-4.441052442416548729e-04,8.596007525920867920e-02,-5.420643463730812073e-02,-1.773658767342567444e-02,5.434623733162879944e-02,-3.307063281536102295e-01,-2.986819148063659668e-01,1.012485697865486145e-01,-9.216721355915069580e-02,1.223132535815238953e-01,1.089137513190507889e-02,2.491637505590915680e-02,2.272989042103290558e-02,-1.073505878448486328e-01,-4.912638291716575623e-02,-1.653507202863693237e-01,1.383122950792312622e-01,-1.543302088975906372e-02,-1.944939494132995605e-01,3.307916596531867981e-02,1.627720892429351807e-01,-1.126634031534194946e-01,-1.321224421262741089e-01,1.425951370038092136e-03,-8.066850155591964722e-02,-1.388838887214660645e-02,6.557338684797286987e-02,-1.915745735168457031e-01,-2.075164020061492920e-01,3.217102587223052979e-02,1.463435292243957520e-01,-2.098396420478820801e-01,2.002848498523235321e-02,-2.798548936843872070e-01,-8.357953280210494995e-02,4.529575631022453308e-02,-2.421935088932514191e-02,-1.540468037128448486e-01,4.656292498111724854e-02,-2.582458220422267914e-02,-5.742107052356004715e-03,6.479127332568168640e-03,-4.751157760620117188e-02,3.826833888888359070e-02,1.691653579473495483e-01,-1.110889166593551636e-01,9.248948842287063599e-02,-1.040012314915657043e-01,-9.762901812791824341e-02,-1.283039599657058716e-01,2.027218043804168701e-02,-5.431997030973434448e-02,-1.946257054805755615e-01,1.106912940740585327e-01,-1.233358085155487061e-01,-1.860399097204208374e-01,-9.111766703426837921e-03,-5.908421427011489868e-02,-6.498499959707260132e-02,1.586906611919403076e-01,1.025029644370079041e-01,3.752289712429046631e-02,-1.886590719223022461e-01,-5.250976607203483582e-02,-2.269904017448425293e-01,-1.341719925403594971e-01,-1.097317337989807129e-01,7.443842291831970215e-02,-6.262231618165969849e-02,7.461113389581441879e-03,-4.245382919907569885e-02,-2.328808046877384186e-02,1.005699485540390015e-02,-9.117632359266281128e-02,-3.717798739671707153e-02,-2.674856483936309814e-01,-1.649756133556365967e-01,-5.824299901723861694e-02,4.332311451435089111e-02,3.913733363151550293e-02,-5.903106555342674255e-02,-1.478227674961090088e-01,-5.649305135011672974e-02,-1.145809739828109741e-01,1.816289499402046204e-02,1.346381939947605133e-02,1.344346404075622559e-01,8.743532001972198486e-02,1.125971153378486633e-01,1.967704668641090393e-02,-2.963680326938629150e-01,2.069505164399743080e-03,8.708350360393524170e-02,-9.885533899068832397e-02,1.366691011935472488e-02,1.605667732656002045e-02,-6.146607175469398499e-02,-3.951266780495643616e-02,2.886033989489078522e-02,-2.554953843355178833e-02,1.142011396586894989e-02,1.830013692378997803e-01,1.172217354178428650e-01,-4.502446949481964111e-02,-9.571638703346252441e-02,-6.423072423785924911e-03,1.051841652952134609e-03,1.027033552527427673e-01,-2.390038967132568359e-02,1.351966895163059235e-02,1.290743052959442139e-01,-2.423382550477981567e-01
3.412312269210815430e-02,4.960702359676361084e-02,7.335972040891647339e-02,4.367726668715476990e-02,-2.595218457281589508e-02,-9.187017381191253662e-02,2.302193343639373779e-01,1.055936515331268311e-02,-2.917291969060897827e-02,4.953627660870552063e-02,1.496404595673084259e-02,9.299612045288085938e-02,-9.012037515640258789e-02,1.083814874291419983e-01,8.261482417583465576e-02,7.222944498062133789e-02,1.518974155187606812e-01,5.645390227437019348e-02,2.090958878397941589e-02,1.223245728760957718e-02,1.464600116014480591e-01,2.922460809350013733e-02,-3.844571486115455627e-02,-1.657973416149616241e-02,2.109101228415966034e-02,-8.909748494625091553e-02,-2.517324686050415039e-02,4.984008148312568665e-03,-5.019987747073173523e-02,-1.921313442289829254e-02,-2.244489639997482300e-01,-1.660189926624298096e-01,-5.505987629294395447e-02,-7.938148826360702515e-02,-2.888683229684829712e-02,-1.088257580995559692e-01,1.159738972783088684e-01,-2.429324202239513397e-02,1.544771045446395874e-01,-3.651287034153938293e-02,-3.557851910591125488e-02,1.572277992963790894e-01,-1.230229530483484268e-02,3.161305189132690430e-02,6.272111088037490845e-02,1.310139801353216171e-02,2.845829725265502930e-02,6.855004280805587769e-02,7.250367850065231323e-02,6.117461249232292175e-02,1.817889213562011719e-01,4.797893017530441284e-02,2.364595681428909302e-01,8.430871367454528809e-02,-5.394051596522331238e-02,1.157227233052253723e-01,1.720480434596538544e-02,-1.011313870549201965e-01,-1.418202817440032959e-01,1.326522231101989746e-01,-1.616528481245040894e-01,-1.619424372911453247e-01,-2.959059737622737885e-02,-1.752783171832561493e-02,-1.277104914188385010e-01,-2.656724676489830017e-02,-8.544410578906536102e-03,-1.714911758899688721e-01,-4.833433032035827637e-02,-5.654832348227500916e-02,3.961760550737380981e-02,-5.689376592636108398e-02,1.501587331295013428e-01,7.362389564514160156e-02,1.555527150630950928e-01,-5.663344636559486389e-02,9.478275477886199951e-02,2.062788307666778564e-01,6.833103019744157791e-03,-9.023064374923706055e-02,1.994462907314300537e-01,1.764951497316360474e-01,1.599818095564842224e-02,-1.022160798311233521e-01,-8.984663337469100952e-02,4.454186186194419861e-02,-1.670727389864623547e-03,2.030483633279800415e-01,-8.101395517587661743e-02,-1.498505286872386932e-02,-7.502461969852447510e-02,-3.622893616557121277e-02,-8.492472022771835327e-02,1.404576152563095093e-01,-1.493554748594760895e-02,1.095243766903877258e-01,-4.966015368700027466e-02,-1.284347623586654663e-01,3.285230603069067001e-03,3.745392896234989166e-04,9.337957203388214111e-02,2.212990522384643555e-01,5.344208702445030212e-02,4.506611824035644531e-02,-1.157890632748603821e-01,1.337705645710229874e-02,-7.257151883095502853e-03,1.188883557915687561e-02,9.105649590492248535e-02,-3.898447379469871521e-02,-1.530058085918426514e-01,-5.761912325397133827e-04,1.507340930402278900e-02,9.691616892814636230e-02,-1.702601611614227295e-01,3.204950690269470215e-02,-9.136135876178741455e-02,-5.151706933975219727e-02,4.096116125583648682e-02,-2.089409530162811279e-01,2.764817327260971069e-02,-8.387946523725986481e-03,-2.476446516811847687e-02,-7.809380441904067993e-02,7.136901468038558960e-02,5.636548995971679688e-02,9.495580941438674927e-02,2.683489769697189331e-02,-9.226911514997482300e-02,4.715663939714431763e-02,1.136934012174606323e-02,1.197223216295242310e-01,-2.176735848188400269e-01,-1.807924509048461914e-01,1.815156079828739166e-02,1.194910109043121338e-01,4.977991431951522827e-02,1.175010297447443008e-02,1.373086869716644287e-01,-1.179258376359939575e-01,-7.103350758552551270e-02,-8.548100478947162628e-03,1.544833779335021973e-01,-1.378167141228914261e-02,1.784752756357192993e-01,1.592941880226135254e-01,-5.025986582040786743e-02,1.737650483846664429e-02,-3.575759381055831909e-02,4.787100479006767273e-02,-5.642214417457580566e-02,-5.583244189620018005e-02,-6.157032027840614319e-02,2.690073288977146149e-02,-1.538378000259399414e-01,1.437683105468750000e-01,-2.655318379402160645e-02,-8.703032135963439941e-02,2.194739878177642822e-02,-1.666847057640552521e-02,-3.678637370467185974e-02,1.827943921089172363e-01,-1.470235735177993774e-01,2.037398964166641235e-01,-8.705898374319076538e-02,6.679483223706483841e-03,-3.565843775868415833e-02,-9.607803076505661011e-02,-1.585502736270427704e-02,2.652338147163391113e-01,-1.021502092480659485e-01,-5.496900528669357300e-02,1.092053111642599106e-02,1.492716930806636810e-02,2.202928215265274048e-01,-1.303717587143182755e-02,7.433730177581310272e-03,-2.305343896150588989e-01,-1.562418937683105469e-01,1.741627231240272522e-02,5.019697919487953186e-02,-5.880730226635932922e-02,-7.024358958005905151e-02
9.736613184213638306e-02,2.768337354063987732e-02,3.982101380825042725e-02,-1.105513144284486771e-02,1.073668301105499268e-01,-1.306020468473434448e-01,9.529040195047855377e-03,8.273106068372726440e-02,-1.229274049401283264e-01,-1.338974982500076294e-01,4.266279935836791992e-02,-2.708581648766994476e-02,-1.020524501800537109e-01,7.212617900222539902e-03,-1.323514729738235474e-01,-1.488673985004425049e-01,-1.787818372249603271e-01,-1.318192929029464722e-01,1.036375612020492554e-01,-5.375953018665313721e-02,6.879519205540418625e-03,8.141047321259975433e-03,4.977316781878471375e-02,-1.869465038180351257e-02,-1.503163129091262817e-01,1.151183433830738068e-02,4.218059778213500977e-02,3.811931982636451721e-02,9.266158565878868103e-03,4.273368394933640957e-04,6.832806020975112915e-02,3.691083937883377075e-02,2.572614140808582306e-02,-3.426979854702949524e-02,-9.457945823669433594e-02,-1.577579379081726074e-01,7.193563133478164673e-02,4.848362877964973450e-02,2.875786973163485527e-03,-4.930851981043815613e-02,3.273659944534301758e-02,-1.020899936556816101e-01,-3.583693131804466248e-02,-1.392330378293991089e-01,1.461685984395444393e-03,1.295648664236068726e-01,-6.613244768232107162e-03,-1.009241342544555664e-01,1.736064851284027100e-01,-6.538341939449310303e-02,1.702473312616348267e-01,3.509400412440299988e-02,1.830496825277805328e-02,2.386213466525077820e-02,9.279838204383850098e-02,1.265615224838256836e-01,-4.419548436999320984e-02,1.076542139053344727e-01,-1.487659849226474762e-02,4.247967526316642761e-02,1.618839055299758911e-01,6.544514000415802002e-02,-1.060384907759726048e-03,6.782617419958114624e-02,-2.096448987722396851e-01,-9.476236999034881592e-03,1.471896022558212280e-01,8.212494105100631714e-02,7.285245507955551147e-02,3.303279355168342590e-02,-9.690114855766296387e-02,7.825674116611480713e-02,-9.303901344537734985e-02,-3.754569217562675476e-02,6.668462604284286499e-02,7.004417479038238525e-02,-1.183127537369728088e-01,-5.704895406961441040e-02,2.381410449743270874e-03,1.738401800394058228e-01,1.034256964921951294e-01,-8.626881241798400879e-02,-2.469197362661361694e-01,-2.673580776900053024e-03,-5.688391625881195068e-02,-1.977071911096572876e-02,-1.375493779778480530e-02,-2.208303473889827728e-02,9.452675282955169678e-02,1.609479077160358429e-02,1.071896553039550781e-01,1.061553210020065308e-01,1.206014528870582581e-01,2.012488059699535370e-02,-1.203240267932415009e-02,-2.536362262617330998e-05,1.848938614130020142e-01,-1.521542817354202271e-01,1.182737573981285095e-01,3.706103190779685974e-02,2.170128375291824341e-02,-1.083704978227615356e-01,-6.126955524086952209e-02,-7.805731147527694702e-02,-5.014317482709884644e-02,-3.146979957818984985e-02,-1.587933599948883057e-01,-6.752721220254898071e-02,-1.669368743896484375e-01,-1.084478646516799927e-01,-6.034467369318008423e-02,-7.417901605367660522e-02,-5.370730068534612656e-03,2.271222136914730072e-02,-4.209249839186668396e-02,8.536593616008758545e-02,-2.445373311638832092e-02,1.785632669925689697e-01,-1.643759161233901978e-01,-2.780636213719844818e-02,6.301219109445810318e-03,-6.755426526069641113e-02,2.742687053978443146e-02,1.516997162252664566e-02,-1.015988737344741821e-02,1.242694258689880371e-01,-1.681295186281204224e-01,2.236849367618560791e-01,7.401524484157562256e-02,-1.217371691018342972e-02,7.275449484586715698e-02,-1.916786581277847290e-01,-5.666882172226905823e-02,1.337134242057800293e-01,-7.074671797454357147e-03,-9.732273966073989868e-02,-4.928854852914810181e-02,-5.147990584373474121e-02,1.375472545623779297e-01,2.752996236085891724e-02,-7.363641262054443359e-02,-1.143304351717233658e-02,-4.864481091499328613e-02,1.553193181753158569e-01,-6.841781549155712128e-03,-1.632632315158843994e-02,-1.990502886474132538e-02,9.320244938135147095e-02,8.265300840139389038e-02,-1.625512242317199707e-01,5.141116678714752197e-02,-2.206681296229362488e-02,8.403957635164260864e-02,1.081503927707672119e-01,9.607563726603984833e-03,6.530045717954635620e-02,2.829220704734325409e-02,-7.572501897811889648e-02,1.063288897275924683e-01,6.276248395442962646e-02,1.230137143284082413e-02,-1.900359094142913818e-01,2.235191501677036285e-02,-1.324372291564941406e-01,3.902025986462831497e-03,-3.148222714662551880e-02,-2.578329853713512421e-02,-7.975071668624877930e-02,-1.714390382403507829e-04,-3.636569529771804810e-02,-4.279522690922021866e-03,-4.165769089013338089e-03,9.889792650938034058e-03,1.591752022504806519e-01,4.512936357059516013e-05,-2.790957316756248474e-02,-4.379753768444061279e-02,1.771617121994495392e-02,-1.657250970602035522e-01,1.515383869409561157e-01,-8.955930173397064209e-02,-1.341542899608612061e-01,1.906135864555835724e-02
2.695846930146217346e-02,-1.607331633567810059e-01,8.820255845785140991e-02,6.758435070514678955e-02,-5.220989882946014404e-02,-4.333510994911193848e-02,-4.381136968731880188e-02,3.482686355710029602e-02,-4.275726526975631714e-02,-5.980227515101432800e-02,1.609271913766860962e-01,-1.570089608430862427e-01,6.919700652360916138e-02,-7.295332849025726318e-02,-4.629563540220260620e-02,4.822794348001480103e-02,-8.440941572189331055e-02,1.813152804970741272e-02,1.421795487403869629e-01,-6.953019648790359497e-02,7.107996195554733276e-02,-1.196323782205581665e-01,-7.993569225072860718e-02,-3.342542052268981934e-01,-4.301927983760833740e-02,-6.550729274749755859e-02,-9.358669817447662354e-02,-1.975346952676773071e-01,-9.893300384283065796e-02,-2.456206455826759338e-02,-1.574770957231521606e-01,-1.455370634794235229e-01,-2.274468094110488892e-01,1.256575882434844971e-01,-1.180703565478324890e-01,7.907187193632125854e-02,6.653061509132385254e-02,1.856731921434402466e-01,6.488602608442306519e-02,-9.495821595191955566e-02,-7.183092087507247925e-02,1.922725737094879150e-01,1.101273670792579651e-01,1.910507678985595703e-01,4.908783361315727234e-02,4.330899566411972046e-03,-4.329542070627212524e-02,-1.264138333499431610e-02,1.044746935367584229e-01,-1.388780120760202408e-02,-1.337098423391580582e-02,-4.910151287913322449e-02,-2.212926149368286133e-01,-3.414062783122062683e-02,-5.361451581120491028e-02,-2.332557737827301025e-01,-2.336536161601543427e-02,-3.141739871352910995e-03,-1.170904487371444702e-01,-3.922857344150543213e-02,1.080858260393142700e-01,1.123110055923461914e-01,-1.500512193888425827e-02,8.841789327561855316e-03,7.030607014894485474e-02,1.188476453535258770e-03,-2.750195562839508057e-02,-8.484116196632385254e-02,2.221925184130668640e-02,1.718234829604625702e-02,-7.470235228538513184e-02,4.469952359795570374e-02,2.272845953702926636e-01,-7.746292650699615479e-02,-1.721941530704498291e-01,-1.284943819046020508e-01,-1.728717470541596413e-04,8.749213069677352905e-02,2.368984930217266083e-02,-7.870498299598693848e-02,-2.461422234773635864e-02,-1.301120128482580185e-02,3.817697614431381226e-02,2.509952336549758911e-02,1.108061000704765320e-01,-1.367655694484710693e-01,3.121492564678192139e-01,-1.189298182725906372e-01,-6.977903842926025391e-02,5.088843032717704773e-02,-6.451697647571563721e-02,-8.483470976352691650e-02,-9.573594667017459869e-03,1.854044944047927856e-01,1.383426934480667114e-01,9.840131551027297974e-02,-4.434099793434143066e-02,-8.141913451254367828e-03,1.780568957328796387e-01,-6.202558986842632294e-03,8.596511930227279663e-02,-1.330890804529190063e-01,-1.315542012453079224e-01,-1.105949357151985168e-01,5.144061148166656494e-02,1.398379355669021606e-02,3.445531055331230164e-02,-2.376531362533569336e-01,-3.851038962602615356e-02,-9.935300052165985107e-02,-1.558970361948013306e-01,-1.331442743539810181e-01,-7.215320318937301636e-02,7.513303309679031372e-02,-6.578244268894195557e-02,9.857022017240524292e-02,-7.600899040699005127e-02,1.395053863525390625e-01,-8.008846640586853027e-02,2.656579203903675079e-02,-5.215132143348455429e-03,2.572352886199951172e-01,-1.217281073331832886e-01,-8.212817460298538208e-02,1.109843999147415161e-01,-2.529598958790302277e-02,7.066661119461059570e-02,4.322396963834762573e-02,-1.348583959043025970e-02,-1.021684929728507996e-01,-6.498038023710250854e-02,6.433627754449844360e-02,3.054754436016082764e-01,1.404870748519897461e-01,1.614117324352264404e-01,1.025803834199905396e-01,7.466444279998540878e-03,-8.457945287227630615e-02,1.044865325093269348e-01,7.545366883277893066e-02,9.996414184570312500e-02,4.465531185269355774e-02,-2.096609771251678467e-02,-1.101342961192131042e-01,-1.012342348694801331e-01,3.046865575015544891e-02,-2.443366497755050659e-02,-2.174588739871978760e-01,5.358583107590675354e-02,6.270373612642288208e-02,-9.084462374448776245e-02,1.382077038288116455e-01,1.054198071360588074e-01,-1.172441318631172180e-01,-5.426764115691184998e-02,2.930972352623939514e-02,-1.594809070229530334e-02,6.362639367580413818e-02,1.255298405885696411e-01,-6.006905436515808105e-02,-6.874754093587398529e-03,6.002119183540344238e-02,-1.860819384455680847e-02,1.266801059246063232e-01,-1.117607653141021729e-01,-2.159670740365982056e-01,-8.975979872047901154e-03,-1.711079627275466919e-01,-1.598673015832901001e-01,8.470959961414337158e-02,-9.661088883876800537e-02,1.654239147901535034e-01,-1.243651434779167175e-01,-1.191071122884750366e-01,1.610067300498485565e-02,1.403949707746505737e-01,-2.428155392408370972e-02,8.005678653717041016e-02,-1.264947056770324707e-01,-7.640969008207321167e-02,3.489916399121284485e-02,4.282414168119430542e-02,1.108407005667686462e-01
2.626840472221374512e-01,1.349126249551773071e-01,1.167988032102584839e-01,2.925101816654205322e-01,1.568531692028045654e-01,7.524981349706649780e-02,2.857443988323211670e-01,3.300673365592956543e-01,-8.983067423105239868e-02,4.311161860823631287e-02,3.637972772121429443e-01,3.076708316802978516e-01,3.588513135910034180e-01,3.211786448955535889e-01,1.960201561450958252e-01,1.253989785909652710e-01,1.383010745048522949e-01,-2.169494749978184700e-03,1.581656932830810547e-01,4.028836637735366821e-02,2.630174160003662109e-01,1.904327422380447388e-01,3.249695152044296265e-02,1.981551945209503174e-02,1.024919450283050537e-01,6.293643265962600708e-02,1.211526393890380859e-01,3.141770958900451660e-01,-2.357465215027332306e-02,-1.199679896235466003e-01,1.279114037752151489e-01,1.286696493625640869e-01,8.298402279615402222e-02,3.809895366430282593e-02,1.252346020191907883e-02,1.591215431690216064e-01,1.445170789957046509e-01,1.739763617515563965e-01,1.313495039939880371e-01,2.240628451108932495e-01,9.439279884099960327e-02,8.596466481685638428e-02,1.189328953623771667e-01,1.437088847160339355e-01,4.101860895752906799e-02,-4.188948310911655426e-03,1.172432824969291687e-01,9.017764776945114136e-02,3.828072249889373779e-01,1.182140335440635681e-01,5.989846587181091309e-02,-1.592614650726318359e-01,-4.337441176176071167e-02,3.501119837164878845e-02,1.132682412862777710e-01,-2.908622473478317261e-02,4.361020773649215698e-02,-7.020428031682968140e-02,2.657172083854675293e-01,2.423110157251358032e-01,1.213065460324287415e-01,4.894655942916870117e-02,-2.457881867885589600e-01,1.510501801967620850e-01,8.842440694570541382e-02,1.017672196030616760e-01,2.567343786358833313e-02,2.164329439401626587e-01,2.925642430782318115e-01,1.389378607273101807e-01,1.388737410306930542e-01,6.402648240327835083e-02,1.928351521492004395e-01,1.735824048519134521e-01,2.494964748620986938e-01,1.812200099229812622e-01,9.202769398689270020e-02,1.720390468835830688e-01,8.575946837663650513e-02,2.613337635993957520e-01,8.870436996221542358e-02,1.993576884269714355e-01,2.072783857583999634e-01,7.144679129123687744e-02,1.380606293678283691e-01,8.603722602128982544e-02,4.322215914726257324e-02,7.513660192489624023e-02,1.444220542907714844e-01,8.452292531728744507e-02,-4.920487850904464722e-02,6.155771203339099884e-03,-4.697830975055694580e-02,-1.202960684895515442e-01,-2.992246672511100769e-02,5.726614594459533691e-02,1.718902401626110077e-02,8.365191519260406494e-02,-1.116762012243270874e-01,6.589542329311370850e-02,9.935502894222736359e-04,1.407982259988784790e-01,3.837660327553749084e-02,1.641871035099029541e-01,6.353235989809036255e-02,9.777250699698925018e-03,1.365829855203628540e-01,-4.067955166101455688e-02,6.463857134804129601e-04,1.685263402760028839e-02,2.472348324954509735e-02,3.892112988978624344e-03,2.609932422637939453e-01,6.329686194658279419e-02,1.098343506455421448e-01,5.505430744960904121e-04,9.616620838642120361e-02,-9.264159202575683594e-02,1.294411569833755493e-01,1.926655620336532593e-01,8.433112502098083496e-02,1.564079225063323975e-01,2.218345999717712402e-01,9.212150238454341888e-03,7.314766198396682739e-02,3.189112991094589233e-02,-6.027653440833091736e-02,6.100371852517127991e-02,2.002449631690979004e-01,-8.861306123435497284e-03,8.490173518657684326e-02,-1.223849249072372913e-03,1.540836691856384277e-01,2.419689483940601349e-02,1.522855907678604126e-01,1.145608872175216675e-01,2.683636546134948730e-01,4.619912430644035339e-02,-6.558255106210708618e-02,6.606417149305343628e-02,2.182266563177108765e-01,-4.819937422871589661e-02,3.922576829791069031e-02,1.514471024274826050e-01,1.847921907901763916e-01,8.976433426141738892e-02,1.400560140609741211e-01,1.329082995653152466e-01,1.573921293020248413e-01,8.387152850627899170e-02,1.362773180007934570e-01,2.959453267976641655e-03,1.170155778527259827e-01,1.276593506336212158e-01,3.082473576068878174e-01,1.230923011898994446e-01,6.479571014642715454e-02,1.767324358224868774e-01,9.142211079597473145e-02,1.146213412284851074e-01,-3.353392705321311951e-02,1.892310827970504761e-01,7.687030732631683350e-02,-4.752033390104770660e-03,1.610903739929199219e-01,2.681413292884826660e-01,2.019837051630020142e-01,1.007393449544906616e-01,1.659278273582458496e-01,5.001610517501831055e-02,1.477976590394973755e-01,7.491002231836318970e-02,1.991131007671356201e-01,1.434164792299270630e-01,2.413882017135620117e-01,1.911201477050781250e-01,2.211598902940750122e-01,9.851954132318496704e-02,-5.288465879857540131e-03,2.579738795757293701e-01,1.317510306835174561e-01,1.194892898201942444e-01,3.334802761673927307e-02
-2.066082507371902466e-01,1.134473383426666260e-01,-1.211846917867660522e-01,-3.656343370676040649e-02,9.179151803255081177e-02,-1.461560428142547607e-01,4.053591936826705933e-02,6.464748829603195190e-02,-1.524602621793746948e-02,-1.376279443502426147e-02,2.337596379220485687e-02,6.700666248798370361e-02,-8.823191374540328979e-02,-1.018251404166221619e-01,-4.939322918653488159e-02,6.671099364757537842e-02,1.868068128824234009e-01,-3.581250086426734924e-02,-3.424550220370292664e-02,-9.357604198157787323e-03,9.385257959365844727e-02,-1.118283048272132874e-01,-2.156882360577583313e-02,3.318511694669723511e-02,3.513124212622642517e-02,-7.460212707519531250e-02,1.163453143090009689e-02,-1.551812291145324707e-01,6.290757656097412109e-02,-2.609578892588615417e-02,-1.680772006511688232e-01,-2.825771868228912354e-01,3.758121654391288757e-02,-2.436120361089706421e-01,5.982817336916923523e-02,9.511642903089523315e-02,-1.418379992246627808e-01,2.049474269151687622e-01,1.908119767904281616e-01,-4.015849158167839050e-02,-4.415463190525770187e-03,-5.844789743423461914e-02,-2.368672639131546021e-01,1.128286719322204590e-01,1.108189299702644348e-01,1.984493583440780640e-01,1.481286734342575073e-01,1.831494644284248352e-02,-7.383743673563003540e-02,-6.298045162111520767e-03,-4.669984802603721619e-02,1.076996326446533203e-01,-6.532716006040573120e-02,-5.086142942309379578e-02,-1.028133183717727661e-01,1.287937313318252563e-01,-2.245589196681976318e-01,-1.031134501099586487e-01,-2.402871474623680115e-02,-1.687184423208236694e-01,7.190830260515213013e-02,4.832686856389045715e-02,-6.383357197046279907e-02,-1.830280721187591553e-01,1.195540577173233032e-01,1.355608850717544556e-01,4.236773774027824402e-02,-6.750182807445526123e-02,-1.655970811843872070e-01,1.865464635193347931e-02,-1.633326523005962372e-02,-5.241290107369422913e-02,1.173743084073066711e-01,4.132881760597229004e-02,-6.590256094932556152e-02,5.122428759932518005e-02,1.255656778812408447e-01,-1.484221685677766800e-02,-4.352901130914688110e-02,-6.541061401367187500e-02,2.079069167375564575e-01,3.002046141773462296e-03,-1.141643822193145752e-01,6.324030458927154541e-02,1.668172627687454224e-01,8.197165280580520630e-02,1.608010083436965942e-01,-9.664297848939895630e-02,9.378775954246520996e-03,-1.326777040958404541e-01,6.795455515384674072e-02,1.337142884731292725e-01,-1.030324473977088928e-01,-1.942679584026336670e-01,4.703604057431221008e-02,6.288602203130722046e-02,-1.875187084078788757e-02,-5.074509419500827789e-03,-2.070465683937072754e-01,6.658124178647994995e-02,-2.291030436754226685e-02,-1.133930534124374390e-01,-7.245716452598571777e-02,4.411979392170906067e-02,-1.259895861148834229e-01,8.171449601650238037e-02,7.006002962589263916e-02,1.010194495320320129e-01,-9.118299931287765503e-03,-1.064009964466094971e-01,-3.306752815842628479e-02,-1.639082133769989014e-01,8.588129281997680664e-02,-1.612383127212524414e-01,-1.523539125919342041e-01,1.530821900814771652e-02,1.132629066705703735e-01,-2.300071567296981812e-01,5.958369001746177673e-02,-2.953126840293407440e-02,-2.304419316351413727e-02,-5.300923436880111694e-02,3.077276982367038727e-02,-1.100558415055274963e-02,-1.975619643926620483e-01,-2.869150228798389435e-02,-1.469602435827255249e-01,-1.032990217208862305e-01,6.605429947376251221e-02,-2.609665691852569580e-02,6.182510405778884888e-02,7.939859293401241302e-03,-1.371473520994186401e-01,1.030889376997947693e-01,-2.015213966369628906e-01,2.132320851087570190e-01,-1.010275725275278091e-02,-1.037611141800880432e-01,1.595930941402912140e-02,4.730378463864326477e-02,1.903612762689590454e-01,4.800060391426086426e-02,1.358254104852676392e-01,-8.505923300981521606e-02,-1.697376668453216553e-01,-4.569317772984504700e-02,-2.779959514737129211e-02,-5.494250357151031494e-02,8.385612070560455322e-02,-8.016821928322315216e-03,-7.848951220512390137e-02,1.187171936035156250e-01,1.359183192253112793e-01,2.139497846364974976e-01,-1.489811390638351440e-01,-7.543748617172241211e-02,-1.873346976935863495e-02,6.908528506755828857e-02,5.527619644999504089e-02,3.090529888868331909e-02,-7.697969209402799606e-03,-4.718357697129249573e-02,-7.161245495080947876e-02,-1.140700802206993103e-01,-1.039653830230236053e-02,-3.980815410614013672e-02,2.983386069536209106e-02,1.710936985909938812e-02,-5.301171913743019104e-02,-1.618430018424987793e-02,-4.526698589324951172e-02,4.131044074892997742e-02,1.517980694770812988e-01,1.560231298208236694e-01,-5.748312920331954956e-02,-1.531194001436233521e-01,8.322818903252482414e-04,-8.649339526891708374e-02,4.688986390829086304e-02,-1.078447401523590088e-01,2.540618926286697388e-02,-1.452634483575820923e-02,4.490823671221733093e-02
-3.151205182075500488e-01,-3.220839798450469971e-01,7.895348221063613892e-02,8.960627019405364990e-02,-5.935928225517272949e-01,3.856288269162178040e-02,3.544546961784362793e-01,1.575156748294830322e-01,1.913105100393295288e-01,1.642391085624694824e-01,-1.317251920700073242e-01,-2.719539403915405273e-02,-6.478735208511352539e-01,-4.953874647617340088e-01,-2.838555574417114258e-01,6.494536995887756348e-01,-1.443660631775856018e-02,-4.624039679765701294e-02,-1.593468934297561646e-01,-4.224334359169006348e-01,-5.002446845173835754e-02,3.698395788669586182e-01,-5.803670361638069153e-02,1.925386488437652588e-01,4.659247994422912598e-01,2.517343759536743164e-01,1.486017107963562012e-01,4.068261384963989258e-02,-3.315626978874206543e-01,-9.739950299263000488e-01,-1.076620817184448242e+00,-3.676837086677551270e-01,-9.237796813249588013e-02,-4.541075229644775391e-01,-7.732062339782714844e-01,-2.967232167720794678e-01,5.695567131042480469e-01,1.111637353897094727e-01,-6.583878397941589355e-01,-4.449422955513000488e-01,-2.804911732673645020e-01,-2.068774849176406860e-01,-3.284816443920135498e-01,2.050815969705581665e-01,6.427375078201293945e-01,-4.098606705665588379e-01,-3.859789371490478516e-01,-1.916275173425674438e-01,-1.523515880107879639e-01,3.403578400611877441e-01,3.487265706062316895e-01,9.369343519210815430e-01,6.998059749603271484e-01,9.036411643028259277e-01,1.030839443206787109e+00,1.154091000556945801e+00,1.112131953239440918e+00,-4.528677165508270264e-01,-1.614480614662170410e-01,-8.054727911949157715e-01,-1.022727251052856445e+00,-3.732137978076934814e-01,1.576123982667922974e-01,6.391652822494506836e-01,5.123403072357177734e-01,1.967995911836624146e-01,6.045446395874023438e-01,-1.748199611902236938e-01,1.721942871809005737e-01,1.108354479074478149e-01,5.964854955673217773e-01,5.895773768424987793e-01,8.145109415054321289e-01,7.871321439743041992e-01,1.640396006405353546e-02,7.546706795692443848e-01,9.524872899055480957e-02,-2.102077752351760864e-01,9.488830566406250000e-01,8.165051341056823730e-01,7.049041390419006348e-01,6.709963083267211914e-01,6.689883470535278320e-01,8.625439405441284180e-01,3.344519734382629395e-01,-3.151024281978607178e-01,2.803187966346740723e-01,6.466054320335388184e-01,4.546848535537719727e-01,-4.887260496616363525e-02,-1.014333963394165039e-01,-5.110210273414850235e-03,5.639269948005676270e-01,3.189912065863609314e-02,5.748368501663208008e-01,4.635559916496276855e-01,5.553401112556457520e-01,6.381613016128540039e-01,7.926365733146667480e-01,5.165729671716690063e-02,6.448176689445972443e-03,1.146238856017589569e-02,-7.738342881202697754e-02,4.890901148319244385e-01,6.852076202630996704e-02,7.777588814496994019e-02,-8.275144547224044800e-02,-1.578757762908935547e-01,-5.437018275260925293e-01,-4.814704954624176025e-01,-2.214790731668472290e-01,-4.780711233615875244e-01,-3.322956264019012451e-01,-7.381264567375183105e-01,-6.707760691642761230e-01,-3.391345739364624023e-01,-4.373253285884857178e-01,-2.041248977184295654e-01,-3.285612463951110840e-01,-4.834862649440765381e-01,-8.789736032485961914e-02,-5.512164831161499023e-01,-6.256881952285766602e-01,-2.382008284330368042e-01,-8.597945570945739746e-01,-6.600205898284912109e-01,-2.880673706531524658e-01,-2.415174543857574463e-01,-9.594323039054870605e-01,-3.416636288166046143e-01,-9.800001978874206543e-01,-7.872523665428161621e-01,-3.463194370269775391e-01,-5.717915892601013184e-01,-8.716651201248168945e-01,-5.998263359069824219e-01,-4.557351469993591309e-01,-4.098248779773712158e-01,-6.603260636329650879e-01,-2.138354480266571045e-01,-4.650969207286834717e-01,-9.784325957298278809e-01,-8.577852249145507812e-01,-6.009285151958465576e-02,-5.479887127876281738e-01,-7.304187417030334473e-01,-4.135489165782928467e-01,-4.653182625770568848e-01,-8.222578763961791992e-01,-8.967097401618957520e-01,-5.016209483146667480e-01,-6.347113251686096191e-01,-2.414271384477615356e-01,-1.748903095722198486e-01,-9.665833115577697754e-01,-6.761609315872192383e-01,-7.682470083236694336e-01,-8.472291827201843262e-01,-9.442402720451354980e-01,-4.162190854549407959e-01,-8.749122023582458496e-01,-4.335124790668487549e-01,-5.266062617301940918e-01,-5.179201960563659668e-01,-8.804258704185485840e-01,-1.049230813980102539e+00,-7.132944464683532715e-01,-3.053057491779327393e-01,-6.293611526489257812e-01,-5.901906490325927734e-01,-5.471908450126647949e-01,-2.893027961254119873e-01,-8.862445950508117676e-01,-3.483185470104217529e-01,-7.722716331481933594e-01,-7.065721154212951660e-01,-2.838390171527862549e-01,-6.362549066543579102e-01,-5.545246005058288574e-01,-3.524447083473205566e-01,-7.942370772361755371e-01,-6.552764773368835449e-01,-7.078750133514404297e-01
1.155701950192451477e-01,-2.320171333849430084e-02,1.216885540634393692e-02,-3.901348263025283813e-02,4.352227225899696350e-02,1.422659307718276978e-01,6.478209793567657471e-02,1.225553452968597412e-01,-4.264554008841514587e-02,3.603682667016983032e-02,8.555497229099273682e-02,1.094184219837188721e-01,4.940968006849288940e-02,-5.225474014878273010e-02,-7.409957051277160645e-02,6.185695528984069824e-02,-5.540228262543678284e-02,7.475847750902175903e-02,6.842591613531112671e-02,1.813258826732635498e-01,-1.194550916552543640e-01,-1.294795423746109009e-01,9.331242740154266357e-02,-1.732865534722805023e-02,-1.150192916393280029e-01,-7.108127325773239136e-02,-5.430176481604576111e-02,1.403266042470932007e-01,2.010725438594818115e-01,-8.019747212529182434e-03,-4.075837880373001099e-02,-8.194933086633682251e-02,-4.142581671476364136e-02,-3.129155933856964111e-02,-1.167358905076980591e-01,-6.347931176424026489e-02,6.897000968456268311e-02,2.233000472187995911e-02,7.100979238748550415e-02,7.359571009874343872e-02,6.156159192323684692e-02,7.315624505281448364e-02,2.019363269209861755e-02,-3.652105852961540222e-02,-1.175727546215057373e-01,-6.823248416185379028e-02,-1.609346121549606323e-01,-2.289605699479579926e-02,-1.907069534063339233e-01,-4.500081390142440796e-02,-4.912996292114257812e-02,7.433196157217025757e-02,2.127407677471637726e-02,2.019746787846088409e-02,-1.238997131586074829e-01,-1.676847343333065510e-03,5.405238643288612366e-02,1.041302233934402466e-01,9.490599483251571655e-02,8.215171843767166138e-02,2.393151074647903442e-02,7.057614624500274658e-02,-3.156153485178947449e-02,9.263710677623748779e-02,1.301401108503341675e-01,5.452769994735717773e-02,8.101762831211090088e-02,5.891958624124526978e-02,1.558823883533477783e-02,6.248047947883605957e-02,-1.126806624233722687e-02,2.154297530651092529e-01,-4.012317955493927002e-02,-1.067453175783157349e-01,1.456535793840885162e-02,3.982032462954521179e-02,-1.341653168201446533e-01,-5.223761498928070068e-02,6.356529146432876587e-02,3.155049309134483337e-02,7.924462109804153442e-02,-1.215483769774436951e-01,2.955077448859810829e-03,-5.357967689633369446e-02,1.107341945171356201e-01,1.852347748354077339e-03,-1.146624460816383362e-01,1.422987282276153564e-01,9.800489246845245361e-02,-1.998444497585296631e-01,4.817612469196319580e-02,1.511201113462448120e-01,-1.583274006843566895e-01,-4.551899805665016174e-02,-8.137215673923492432e-02,1.269975304603576660e-01,1.290449202060699463e-01,-5.536016076803207397e-02,1.363386660814285278e-01,2.379548177123069763e-02,9.063046425580978394e-02,9.902835637331008911e-02,4.799301922321319580e-02,-1.955353319644927979e-01,8.194387704133987427e-02,2.159245312213897705e-01,5.887570232152938843e-02,-7.225488126277923584e-02,3.903626650571823120e-02,5.864575132727622986e-02,8.006533607840538025e-03,3.561859205365180969e-02,-1.001641675829887390e-01,2.528700046241283417e-02,-6.111038476228713989e-02,-1.029713973402976990e-01,-4.523044824600219727e-02,1.050823368132114410e-02,-5.019597709178924561e-02,-1.141251921653747559e-01,3.975791484117507935e-02,1.438748836517333984e-01,8.158457279205322266e-02,-1.389790028333663940e-01,3.689212352037429810e-02,-3.364510834217071533e-02,-3.429193794727325439e-02,-1.099520400166511536e-01,-4.229239374399185181e-02,-1.332511156797409058e-01,1.572757363319396973e-01,4.420637711882591248e-02,6.427902728319168091e-02,-1.389678418636322021e-01,-3.680973500013351440e-02,3.312206361442804337e-03,5.076552554965019226e-02,1.538588553667068481e-01,1.973298192024230957e-02,5.892762914299964905e-02,-1.450653187930583954e-02,-8.831706643104553223e-02,6.040730327367782593e-02,2.768512256443500519e-02,-2.274383455514907837e-01,3.378050401806831360e-02,1.152818128466606140e-01,4.752443055622279644e-04,-4.126055166125297546e-02,-6.139823794364929199e-02,-1.022695899009704590e-01,-3.331020101904869080e-02,1.543941944837570190e-01,-1.307794079184532166e-02,-9.024181216955184937e-02,-7.462679594755172729e-02,8.280745893716812134e-02,-7.406942546367645264e-02,-2.993721887469291687e-02,1.680090874433517456e-01,-7.293926179409027100e-02,-5.496664345264434814e-02,-1.133303865790367126e-01,-5.092623084783554077e-02,6.032726168632507324e-02,-1.028578579425811768e-01,1.692123897373676300e-02,-1.703954488039016724e-02,1.457360684871673584e-01,1.467892378568649292e-01,9.929329901933670044e-02,3.233911842107772827e-02,4.868721961975097656e-02,1.642636209726333618e-01,-5.900691077113151550e-02,1.895116418600082397e-01,-9.430442750453948975e-02,1.537284813821315765e-02,5.018820520490407944e-03,1.169413849711418152e-01,1.250853091478347778e-01,3.935924172401428223e-02,5.802398175001144409e-02
-1.161594092845916748e-01,-2.811294198036193848e-01,-1.500925701111555099e-02,1.912989765405654907e-01,-2.644021250307559967e-02,5.982396006584167480e-02,1.184093132615089417e-01,-1.717068254947662354e-01,-1.861170530319213867e-01,3.533457964658737183e-02,1.533866822719573975e-01,2.126656174659729004e-01,2.079458087682723999e-01,3.063426725566387177e-02,-3.835416585206985474e-02,2.111817151308059692e-01,1.420107334852218628e-01,9.369105845689773560e-02,-5.856635794043540955e-02,-1.151973307132720947e-01,-8.989422023296356201e-02,-3.769982978701591492e-02,5.551500245928764343e-02,-9.984853118658065796e-02,-3.793217241764068604e-02,-6.723945029079914093e-03,-2.458295822143554688e-01,-9.487017244100570679e-02,-9.870591759681701660e-02,2.456413395702838898e-02,-9.000553190708160400e-02,1.277049928903579712e-01,-1.109455674886703491e-01,1.067702025175094604e-01,3.210804425179958344e-03,-2.247938215732574463e-01,1.525467783212661743e-01,1.163849681615829468e-01,5.601410195231437683e-02,3.246654570102691650e-02,2.393377199769020081e-02,-4.336741939187049866e-02,-7.180918753147125244e-02,-7.416264712810516357e-02,-2.314399927854537964e-01,-1.769028156995773315e-01,-7.961472868919372559e-02,-1.714797616004943848e-01,-1.473421901464462280e-01,-1.240576654672622681e-01,1.009922400116920471e-01,-1.159154847264289856e-01,-5.778848752379417419e-02,1.824111193418502808e-01,-1.667311042547225952e-02,2.275567054748535156e-01,2.410130761563777924e-02,-1.375983804464340210e-01,1.280426084995269775e-01,4.099798854440450668e-03,-5.931428074836730957e-02,-1.264605522155761719e-01,-4.907092824578285217e-02,-6.217045243829488754e-03,1.140118315815925598e-01,-1.551805287599563599e-01,-1.825679391622543335e-01,-1.694451868534088135e-01,-1.492472738027572632e-01,-2.371882349252700806e-01,-1.041148230433464050e-01,3.606029227375984192e-02,-5.016531422734260559e-02,1.307788193225860596e-01,-1.018090099096298218e-01,1.011065393686294556e-02,-1.799544878304004669e-02,6.404362618923187256e-02,1.183229461312294006e-01,3.567793220281600952e-02,1.413151323795318604e-01,-6.466432660818099976e-02,7.041565328836441040e-02,2.077009826898574829e-01,-7.317021489143371582e-02,-2.054556086659431458e-02,5.441762879490852356e-02,-4.510506056249141693e-03,-3.534215688705444336e-02,-2.357829548418521881e-02,-1.182984095066785812e-02,-9.169070422649383545e-02,1.946775019168853760e-01,-8.757407963275909424e-02,-3.105759620666503906e-02,-1.082279756665229797e-01,6.984783709049224854e-02,-6.398305296897888184e-02,-6.337512284517288208e-02,3.432680293917655945e-02,3.253395203500986099e-03,3.940294310450553894e-02,-7.974807173013687134e-02,3.439272195100784302e-02,1.147035509347915649e-03,9.814652055501937866e-02,-8.927827700972557068e-03,-9.421429783105850220e-02,-3.415255993604660034e-02,-1.033879444003105164e-01,-8.112543821334838867e-02,-8.404076099395751953e-02,-1.079797819256782532e-01,-6.107975542545318604e-02,6.183990091085433960e-02,4.095223918557167053e-02,-7.142160087823867798e-02,4.507596790790557861e-02,2.018977403640747070e-01,1.714631766080856323e-01,-1.363172382116317749e-01,4.500472173094749451e-02,8.683311194181442261e-02,-1.067396700382232666e-01,-7.223298400640487671e-02,1.330667585134506226e-01,-1.851079016923904419e-01,1.425210684537887573e-01,5.617075366899371147e-04,-8.583681657910346985e-03,8.527055382728576660e-02,6.104223430156707764e-02,-6.771653890609741211e-02,-1.168296262621879578e-01,-1.753037273883819580e-01,7.887132465839385986e-02,5.954740941524505615e-02,2.313782125711441040e-01,-4.856346175074577332e-03,-1.313001811504364014e-01,6.733496487140655518e-02,8.469191193580627441e-02,8.661482483148574829e-02,-6.392710655927658081e-02,-3.720651613548398018e-03,-5.565829202532768250e-02,-3.773068636655807495e-02,-1.700702821835875511e-03,1.170504745095968246e-02,1.267262846231460571e-01,-5.467899143695831299e-02,1.114173009991645813e-01,-3.693690150976181030e-02,8.784701675176620483e-02,1.350191831588745117e-01,5.172664532437920570e-04,-2.683748602867126465e-01,-1.419935226440429688e-01,7.764546573162078857e-02,3.893328458070755005e-02,-1.081906035542488098e-01,-3.332059830427169800e-03,9.618998505175113678e-03,7.035066932439804077e-02,-5.656822398304939270e-02,-2.260664477944374084e-02,7.269538193941116333e-02,-9.924630075693130493e-02,1.154200136661529541e-01,7.691933214664459229e-02,2.289161458611488342e-02,-4.905343055725097656e-03,1.877499744296073914e-02,-4.304705560207366943e-02,-6.372854113578796387e-02,9.272029995918273926e-02,8.307071402668952942e-03,2.190603911876678467e-01,2.939038537442684174e-02,-1.797200739383697510e-01,1.007559075951576233e-01,9.311860799789428711e-02,-5.275727063417434692e-02
1.183333713561296463e-02,2.989328466355800629e-02,6.633080542087554932e-02,-1.152259632945060730e-01,5.327351018786430359e-02,-1.387846767902374268e-01,-6.243168935179710388e-02,6.791456788778305054e-02,-1.441281139850616455e-01,-1.352462619543075562e-01,6.357316672801971436e-02,3.096218779683113098e-02,1.517062187194824219e-01,-1.295412927865982056e-01,1.056437045335769653e-01,2.101541608572006226e-01,-1.244263276457786560e-01,1.983678042888641357e-01,-1.086154058575630188e-01,-8.740829676389694214e-02,1.707350909709930420e-01,1.348005235195159912e-01,8.294933289289474487e-02,8.515005558729171753e-02,-1.851885020732879639e-01,5.061783641576766968e-02,-2.442574501037597656e-02,5.493871495127677917e-02,-1.666470617055892944e-01,-3.240999206900596619e-02,-1.231798380613327026e-01,5.539751797914505005e-02,-6.933971494436264038e-02,-2.458822540938854218e-02,-5.738959833979606628e-02,3.134274482727050781e-02,2.333418466150760651e-02,-1.086695566773414612e-01,1.035899892449378967e-01,1.151469815522432327e-02,5.208660289645195007e-02,1.734315305948257446e-01,2.374224662780761719e-01,-2.839456498622894287e-02,-3.618685901165008545e-02,1.697978973388671875e-01,-1.235911063849925995e-02,1.005957573652267456e-01,1.413283590227365494e-02,4.246047697961330414e-03,1.228153258562088013e-01,5.525586381554603577e-02,-5.989938229322433472e-02,-2.066257223486900330e-02,-1.949936300516128540e-01,-8.544504642486572266e-02,-3.452586382627487183e-02,-8.860394358634948730e-02,2.081424184143543243e-02,7.661477476358413696e-02,-8.780788630247116089e-02,1.440031379461288452e-01,-5.569351837038993835e-02,-7.558632642030715942e-02,-1.052583083510398865e-01,-2.423377633094787598e-01,-5.339258909225463867e-02,-8.168112486600875854e-02,4.963022470474243164e-02,2.660999633371829987e-02,7.521545141935348511e-02,2.427521627396345139e-03,9.774342924356460571e-02,-5.881677381694316864e-03,-1.482623536139726639e-02,-7.175390422344207764e-02,9.864226728677749634e-02,-1.825381666421890259e-01,1.405278593301773071e-02,5.721597373485565186e-02,1.121644675731658936e-02,-1.068637147545814514e-01,3.116264566779136658e-02,-1.329341083765029907e-01,4.660174995660781860e-02,7.259138673543930054e-02,1.584010571241378784e-02,-8.375153876841068268e-03,2.092100381851196289e-01,-2.020962387323379517e-01,-1.896342188119888306e-01,8.564827032387256622e-03,-8.936545997858047485e-02,-1.075004264712333679e-01,-1.135515570640563965e-01,6.881960202008485794e-03,8.312305435538291931e-03,-3.179661557078361511e-02,-1.493056416511535645e-01,1.067135408520698547e-01,6.779276765882968903e-03,-8.313940465450286865e-02,-1.793265342712402344e-03,3.094476461410522461e-02,1.843598634004592896e-01,1.004359573125839233e-01,-2.452257461845874786e-02,1.318251341581344604e-01,4.987867083400487900e-03,-7.977871596813201904e-02,-4.564814269542694092e-02,-1.101986616849899292e-01,9.649197757244110107e-02,1.344785839319229126e-01,-5.480593442916870117e-02,-5.178853496909141541e-02,-2.990405075252056122e-02,2.154413014650344849e-01,4.837723821401596069e-02,-3.438659012317657471e-02,5.933522805571556091e-02,1.362023651599884033e-01,7.780936080962419510e-03,-5.409868806600570679e-02,-2.107417024672031403e-02,1.546634584665298462e-01,2.306289970874786377e-02,-8.219093829393386841e-02,-4.318970022723078728e-04,6.703281402587890625e-02,1.061741635203361511e-01,-1.752280443906784058e-01,5.888503417372703552e-02,5.436047166585922241e-02,-1.018387153744697571e-01,3.009546548128128052e-02,-1.721928454935550690e-02,3.931310027837753296e-02,-2.083452604711055756e-02,-4.285227973014116287e-03,-9.789190441370010376e-02,7.937759160995483398e-02,3.834393620491027832e-02,5.411532148718833923e-02,-1.708789146505296230e-03,-5.336847901344299316e-02,-2.617049776017665863e-02,1.852497309446334839e-01,-1.775983124971389771e-01,-5.957082845270633698e-03,-1.903935521841049194e-02,-2.592577598989009857e-02,-2.539969421923160553e-02,-1.675318777561187744e-01,3.834030404686927795e-02,2.993265353143215179e-02,5.656183511018753052e-02,1.479499340057373047e-01,-4.058545827865600586e-02,7.694010436534881592e-02,4.276560619473457336e-02,-5.859043449163436890e-02,1.595607399940490723e-02,-1.668072044849395752e-01,-1.620810329914093018e-01,-5.055064707994461060e-02,-2.425993047654628754e-02,-9.143349528312683105e-02,-2.721590921282768250e-02,-2.299541421234607697e-02,-7.059405092149972916e-03,-4.912079870700836182e-02,9.123554080724716187e-02,5.904721096158027649e-02,-5.570137128233909607e-02,-2.103694379329681396e-01,8.078108727931976318e-02,4.222625494003295898e-02,-8.803904056549072266e-03,-4.381738603115081787e-02,-2.178168594837188721e-01,-3.351145610213279724e-02,1.121468767523765564e-01
4.436971992254257202e-02,-4.345541819930076599e-02,-1.362851355224847794e-02,1.052648797631263733e-01,4.019337520003318787e-02,8.164818584918975830e-02,1.046554967761039734e-01,-6.731399893760681152e-02,-1.043951720930635929e-03,3.483391180634498596e-02,2.510810643434524536e-02,9.933803230524063110e-02,1.898911315947771072e-03,1.714390367269515991e-01,-6.789821386337280273e-02,-1.085537001490592957e-01,9.409856051206588745e-02,-1.013098284602165222e-01,-9.836424887180328369e-02,5.402423068881034851e-02,1.606173813343048096e-01,8.386749029159545898e-02,-1.045259162783622742e-01,7.899813354015350342e-02,-1.076693683862686157e-01,1.831676228903234005e-03,1.326211839914321899e-01,-1.247866638004779816e-02,-6.468540430068969727e-02,-2.340000122785568237e-02,5.177575349807739258e-02,-1.414645165205001831e-01,-7.847702503204345703e-02,-1.009854152798652649e-01,1.847026497125625610e-01,-2.137751132249832153e-02,8.612942695617675781e-02,-2.432109788060188293e-02,1.949087381362915039e-01,-6.367685645818710327e-02,-2.020655870437622070e-01,2.242899499833583832e-02,3.798066824674606323e-02,4.977045580744743347e-02,8.498983085155487061e-02,1.867545954883098602e-02,4.275498911738395691e-02,-3.090252541005611420e-02,-3.617197647690773010e-02,7.738865911960601807e-02,-1.298177093267440796e-01,-1.273241043090820312e-01,-1.099306270480155945e-01,-2.970890840515494347e-03,-7.434642314910888672e-02,-8.557262271642684937e-02,-1.332135647535324097e-01,-1.711356937885284424e-01,-8.870300836861133575e-03,-7.242650538682937622e-02,4.976133257150650024e-02,9.263770282268524170e-02,-7.559138536453247070e-02,9.291750937700271606e-02,3.988957777619361877e-02,9.921105951070785522e-02,4.342503100633621216e-02,-4.697342589497566223e-02,4.802298173308372498e-02,-2.168071269989013672e-02,2.498331107199192047e-02,-5.040696635842323303e-02,1.703325808048248291e-01,7.959046214818954468e-02,1.632984280586242676e-01,2.097156643867492676e-01,-2.224712371826171875e-01,-2.130303531885147095e-01,1.039604246616363525e-01,-1.910077035427093506e-02,-1.519191563129425049e-01,7.611887156963348389e-02,2.818451263010501862e-02,1.576441526412963867e-01,-1.013988405466079712e-01,-3.118252567946910858e-02,-1.873795241117477417e-01,1.640116870403289795e-01,-2.566098235547542572e-03,3.166685346513986588e-03,-9.998035617172718048e-03,-2.785806357860565186e-01,1.024213433265686035e-01,-9.559656679630279541e-02,2.005625367164611816e-01,-3.749478608369827271e-02,-8.732897043228149414e-02,2.587182447314262390e-02,-7.346884161233901978e-02,-1.094615310430526733e-01,-8.890263736248016357e-03,-9.178283065557479858e-02,-8.915550261735916138e-02,3.949018195271492004e-02,1.496214419603347778e-01,9.785274416208267212e-02,1.220928356051445007e-01,-2.929423190653324127e-02,8.894536644220352173e-02,1.038394048810005188e-01,2.559408843517303467e-01,5.972667410969734192e-02,6.691692769527435303e-02,-6.865525990724563599e-02,9.594213217496871948e-02,-1.218314748257398605e-02,1.318499594926834106e-01,-1.108856946229934692e-01,-5.562966689467430115e-02,1.062008962035179138e-01,-5.466507747769355774e-02,-1.491860747337341309e-01,8.121330291032791138e-02,-2.501320242881774902e-01,1.724315136671066284e-01,9.897096455097198486e-02,9.613437205553054810e-02,7.835572212934494019e-02,-1.088580340147018433e-01,-2.455548010766506195e-02,-1.305384188890457153e-01,2.533094584941864014e-02,4.010898247361183167e-02,-1.005531772971153259e-01,9.614852815866470337e-02,5.968880839645862579e-03,-1.924456655979156494e-01,-1.439261808991432190e-02,3.991835564374923706e-02,-2.207079157233238220e-02,9.159886091947555542e-02,-1.128950901329517365e-02,-2.141511589288711548e-01,-1.192398667335510254e-01,1.239111572504043579e-01,1.325867697596549988e-02,-5.866095051169395447e-02,3.227487951517105103e-02,-1.139011159539222717e-01,4.065670073032379150e-03,4.141965880990028381e-02,2.145952172577381134e-02,-1.891910284757614136e-02,-2.390595525503158569e-01,-2.336488105356693268e-02,6.258111447095870972e-02,-4.877882823348045349e-02,-6.766345351934432983e-02,1.489048898220062256e-01,-5.398520454764366150e-02,1.343910992145538330e-01,6.434337049722671509e-02,1.311838924884796143e-01,5.166259594261646271e-03,6.262227147817611694e-02,1.097039282321929932e-01,-1.273764818906784058e-01,1.558053493499755859e-01,1.063957959413528442e-01,9.290722757577896118e-02,-7.018440961837768555e-02,2.740826830267906189e-02,7.670026738196611404e-03,-2.328286468982696533e-01,-1.180968247354030609e-02,-5.420234426856040955e-02,-9.295883774757385254e-02,2.574966102838516235e-02,-3.935584425926208496e-02,5.480831488966941833e-02,7.804443687200546265e-02,-2.043389901518821716e-02,-8.408489078283309937e-02
8.056368678808212280e-02,-5.994013324379920959e-02,-7.106310687959194183e-03,1.819693148136138916e-01,-1.798453330993652344e-01,-2.156546339392662048e-02,1.805582270026206970e-02,1.076812893152236938e-01,-5.355364084243774414e-02,5.551180243492126465e-02,-1.900977194309234619e-01,-1.695454120635986328e-02,-7.956460118293762207e-02,-9.184305369853973389e-02,-7.440895587205886841e-02,8.463399112224578857e-02,-8.372233062982559204e-02,-1.980724781751632690e-01,6.024059280753135681e-02,1.035085096955299377e-01,4.608571995049715042e-03,-2.616825699806213379e-02,6.589328497648239136e-02,1.215754300355911255e-01,-4.738386347889900208e-02,-1.207792311906814575e-01,-1.014054417610168457e-01,3.602780029177665710e-02,-1.056251078844070435e-01,-3.269196301698684692e-02,-7.011171430349349976e-02,6.968807429075241089e-02,-1.108270063996315002e-01,6.838929257355630398e-04,9.906679391860961914e-02,-8.291155099868774414e-02,-1.501377113163471222e-02,-1.315953955054283142e-02,-2.083324491977691650e-01,-1.505129784345626831e-01,9.388033300638198853e-03,-1.312675774097442627e-01,-9.789167344570159912e-02,-1.203960403800010681e-01,-5.023250821977853775e-03,5.506411194801330566e-02,-1.454137861728668213e-01,1.583472788333892822e-01,-1.026623975485563278e-02,-1.257948875427246094e-01,1.046914383769035339e-01,4.948955774307250977e-02,-2.245793789625167847e-01,-1.146043390035629272e-01,1.088622584939002991e-02,1.889520138502120972e-01,-9.951034188270568848e-02,-9.883396327495574951e-02,3.198044747114181519e-02,-9.442013502120971680e-02,-1.192801520228385925e-01,5.433046445250511169e-02,-8.485042303800582886e-02,-3.012949787080287933e-02,1.063445955514907837e-02,-1.357271522283554077e-01,-1.410971581935882568e-01,1.249957550317049026e-02,1.308815320953726768e-03,3.035744838416576385e-02,-4.974319040775299072e-02,-9.742406755685806274e-02,1.774572134017944336e-01,-3.249898925423622131e-02,-3.611178323626518250e-02,-7.244276255369186401e-02,1.238261982798576355e-01,1.774877905845642090e-01,-1.048457175493240356e-01,3.824340552091598511e-02,4.003688320517539978e-02,9.724030643701553345e-02,-1.076298113912343979e-02,-8.962025493383407593e-02,-8.656994253396987915e-02,-8.067442476749420166e-02,2.338696084916591644e-02,7.441898435354232788e-02,5.799995362758636475e-02,2.943926677107810974e-02,-1.742709577083587646e-01,1.144633442163467407e-01,2.236928418278694153e-02,-6.738340109586715698e-02,5.924340337514877319e-02,-1.186412051320075989e-01,-2.220597565174102783e-01,1.108813211321830750e-01,2.468984015285968781e-02,-1.076092347502708435e-01,-6.535855680704116821e-02,6.547590345144271851e-02,7.821030169725418091e-02,-1.198328915052115917e-03,1.226760819554328918e-01,9.538216516375541687e-03,-6.062842532992362976e-02,-2.297765761613845825e-02,-1.398505410179495811e-03,-1.551258563995361328e-01,1.061002686619758606e-01,-1.884267926216125488e-01,3.556978330016136169e-02,8.891763538122177124e-02,3.972547128796577454e-02,9.348844736814498901e-02,3.167996555566787720e-02,-9.451691806316375732e-02,1.178056187927722931e-02,9.405010938644409180e-02,-1.162858083844184875e-01,-3.141070017591118813e-03,-2.318473719060420990e-02,2.681367993354797363e-01,1.518353074789047241e-01,-2.186393737792968750e-01,-8.250767737627029419e-02,1.380762755870819092e-01,-3.674042597413063049e-02,-2.967686578631401062e-02,-5.030187219381332397e-02,5.623389780521392822e-02,-1.011483222246170044e-01,-7.692078500986099243e-02,9.825564175844192505e-02,-7.245977222919464111e-02,-2.281284928321838379e-01,1.253925710916519165e-01,1.397699862718582153e-02,-1.579778268933296204e-02,-1.382708549499511719e-01,1.781311780214309692e-01,3.994752466678619385e-02,7.597129791975021362e-02,-2.788954228162765503e-02,1.197825372219085693e-02,3.664495795965194702e-02,-1.099699139595031738e-01,-5.013970658183097839e-02,9.396933764219284058e-02,7.517212629318237305e-02,1.703606545925140381e-01,1.055665463209152222e-01,-2.660244703292846680e-01,1.718169897794723511e-01,4.848791286349296570e-02,1.544075459241867065e-01,-2.938611246645450592e-02,1.761974394321441650e-02,-1.391954869031906128e-01,6.465008854866027832e-02,-1.761867664754390717e-02,8.426218479871749878e-02,-5.554149299860000610e-02,-5.082726106047630310e-02,1.340332329273223877e-01,-1.859820932149887085e-01,2.988876998424530029e-01,-3.455849736928939819e-02,4.970170557498931885e-02,-1.782349497079849243e-02,1.780042350292205811e-01,1.345888376235961914e-01,-9.974634647369384766e-02,6.479424983263015747e-02,3.056062199175357819e-02,-2.241732925176620483e-01,5.108206346631050110e-02,-9.889174997806549072e-02,1.162347570061683655e-02,-2.950028749182820320e-03,1.934471875429153442e-01,-6.757058203220367432e-02
9.099388867616653442e-02,1.372171193361282349e-01,9.845600463449954987e-03,-1.980445981025695801e-01,-4.960985109210014343e-02,7.550780475139617920e-02,-2.085824012756347656e-01,1.229531168937683105e-01,-2.475005760788917542e-02,3.074248507618904114e-02,9.970064274966716766e-03,-9.240309894084930420e-02,-1.880926936864852905e-01,1.986209675669670105e-02,-1.282912343740463257e-01,6.563293188810348511e-02,-2.931786328554153442e-02,1.073709055781364441e-01,-1.805092394351959229e-01,1.184838488698005676e-01,1.155138686299324036e-01,-5.331736803054809570e-02,-9.966789186000823975e-02,5.786419287323951721e-02,1.889594085514545441e-02,2.032754570245742798e-02,1.711077988147735596e-01,-2.448779903352260590e-02,9.272186458110809326e-02,7.495115697383880615e-02,1.068998966366052628e-02,1.568814739584922791e-02,-1.833907365798950195e-01,-1.577695161104202271e-01,6.023364141583442688e-02,-4.964695777744054794e-03,3.589091822504997253e-02,1.521660089492797852e-01,6.287075113505125046e-03,7.812353223562240601e-02,1.094404608011245728e-02,-7.641641050577163696e-02,3.028713539242744446e-02,-1.087167882360517979e-03,1.882086694240570068e-02,4.417777806520462036e-02,1.884161867201328278e-02,8.028618060052394867e-03,3.299828094895929098e-04,5.871027708053588867e-03,-2.879405021667480469e-02,-3.325218334794044495e-02,-6.141844391822814941e-02,9.634159505367279053e-03,-2.186591029167175293e-01,-1.721416264772415161e-01,-2.009270712733268738e-02,-5.707621201872825623e-02,-1.115636304020881653e-01,6.635471712797880173e-03,-1.193060055375099182e-01,-5.174488946795463562e-02,6.275613605976104736e-02,-1.200318336486816406e-03,-1.443488746881484985e-01,-7.769560068845748901e-02,-2.272224053740501404e-02,-4.338537808507680893e-03,1.674171239137649536e-01,8.062996715307235718e-02,3.285987675189971924e-02,4.227212816476821899e-02,-2.188417129218578339e-02,8.375778049230575562e-02,-1.349860280752182007e-01,2.680809609591960907e-02,6.497274339199066162e-02,1.231810748577117920e-01,-6.577435880899429321e-03,-1.427844166755676270e-01,-2.898354548960924149e-03,-6.479029357433319092e-02,-5.042651668190956116e-02,-4.221252351999282837e-02,4.922611266374588013e-02,-7.253182679414749146e-02,1.823513396084308624e-02,5.885433405637741089e-02,2.273843623697757721e-03,-1.879155077040195465e-02,1.248442232608795166e-01,1.572972983121871948e-01,-1.456771744415163994e-03,-8.359023928642272949e-02,3.070187382400035858e-02,1.124346107244491577e-01,6.411714106798171997e-02,8.641196787357330322e-02,1.088645234704017639e-01,1.227641552686691284e-01,1.053143176250159740e-03,5.111039802432060242e-02,-2.094396477332338691e-04,-7.372772693634033203e-02,-1.104786694049835205e-01,-1.011163964867591858e-01,5.857703834772109985e-02,1.873340457677841187e-02,4.047405347228050232e-02,1.585007756948471069e-01,1.629652827978134155e-02,-1.415055543184280396e-01,4.120599105954170227e-02,1.256291754543781281e-03,-6.155623868107795715e-02,-1.363359391689300537e-02,2.101974823744967580e-04,-4.261166229844093323e-02,-5.026411265134811401e-02,-4.897694289684295654e-02,-7.716121524572372437e-02,-1.583066768944263458e-02,-1.589909493923187256e-01,-2.531474642455577850e-02,-1.126811429858207703e-01,1.273674368858337402e-01,1.390641629695892334e-01,1.105436235666275024e-01,1.329442858695983887e-01,6.460744887590408325e-02,-1.129698976874351501e-01,7.965128868818283081e-02,4.320957511663436890e-02,2.027346752583980560e-02,-2.182786352932453156e-02,-1.354761868715286255e-01,5.548547953367233276e-02,1.072031483054161072e-01,-1.438153833150863647e-01,-2.537860535085201263e-02,-1.160724535584449768e-01,-7.471711933612823486e-02,2.045724540948867798e-01,3.840253502130508423e-02,-2.778831496834754944e-02,-1.584734022617340088e-02,1.041769757866859436e-01,4.949019476771354675e-02,-1.302990913391113281e-01,-2.337590157985687256e-01,6.961904466152191162e-03,-1.495638489723205566e-01,1.610271483659744263e-01,8.066441863775253296e-02,-8.278847485780715942e-02,-5.953585729002952576e-02,1.813774928450584412e-02,2.615465037524700165e-02,-8.022490143775939941e-02,-1.387472748756408691e-01,-2.183945477008819580e-01,-1.301243007183074951e-01,2.759726904332637787e-02,3.922166675329208374e-02,-8.662922307848930359e-03,-4.995571449398994446e-03,8.877968043088912964e-02,-1.890305429697036743e-01,-4.610248282551765442e-02,-4.556807875633239746e-02,-1.512525528669357300e-01,8.638551831245422363e-02,8.883873373270034790e-02,-9.562961757183074951e-02,-6.325593590736389160e-02,2.034704238176345825e-01,-2.126680687069892883e-02,2.881474047899246216e-02,-6.195282191038131714e-02,2.259720349684357643e-03,1.571224629878997803e-01,6.667884439229965210e-02,-8.468258380889892578e-02
2.561767958104610443e-02,-1.842932850122451782e-01,3.100794181227684021e-02,-1.621910184621810913e-01,-1.381938159465789795e-01,6.193874776363372803e-02,6.400420330464839935e-03,-2.560882866382598877e-01,-1.318567544221878052e-01,-1.109665110707283020e-01,7.097469270229339600e-02,-2.218399494886398315e-01,4.272487759590148926e-02,-8.122775703668594360e-02,-3.935822099447250366e-02,9.724164009094238281e-02,-1.160585507750511169e-01,4.514599218964576721e-02,-6.306529045104980469e-02,-1.014435756951570511e-02,8.808626234531402588e-02,-4.533918574452400208e-02,7.827464491128921509e-02,-1.689232438802719116e-01,9.858672507107257843e-03,-1.009435355663299561e-01,5.334116518497467041e-02,4.013993591070175171e-02,-1.929791867733001709e-01,2.625323832035064697e-01,9.483122080564498901e-02,5.453309416770935059e-02,-1.444784104824066162e-01,3.020155429840087891e-02,-2.225910425186157227e-01,4.079111292958259583e-02,7.913743704557418823e-02,-1.416897326707839966e-01,2.548584043979644775e-01,1.835288554430007935e-01,9.306605788879096508e-04,1.583493351936340332e-01,-1.906891018152236938e-01,-2.452449500560760498e-02,-1.004125997424125671e-01,-6.564364582300186157e-02,9.665383398532867432e-02,-2.171796560287475586e-01,-1.969375014305114746e-01,9.268307685852050781e-02,-6.418166309595108032e-02,4.770885780453681946e-02,3.299080207943916321e-02,-9.376455843448638916e-02,-2.757429182529449463e-01,-8.328105509281158447e-02,-6.651155650615692139e-02,2.113301120698451996e-02,1.188580244779586792e-01,-7.717742770910263062e-02,9.809323400259017944e-02,-6.782573461532592773e-02,-2.849824912846088409e-02,1.322845071554183960e-01,-5.963225290179252625e-02,1.975942105054855347e-01,4.847981408238410950e-02,-1.741379201412200928e-01,-4.668195173144340515e-02,-7.886541634798049927e-02,1.272570639848709106e-01,1.045845746994018555e-01,1.116614975035190582e-02,1.042751148343086243e-01,3.825139254331588745e-02,-6.085820030421018600e-03,-1.380662322044372559e-01,-1.729873567819595337e-02,1.180352196097373962e-01,7.296801358461380005e-02,5.383834615349769592e-02,-1.045785397291183472e-01,-3.444851189851760864e-02,-1.616869587451219559e-03,7.942097261548042297e-03,6.994116306304931641e-02,-4.928115755319595337e-02,1.731466352939605713e-01,1.908248066902160645e-01,6.769273430109024048e-02,3.903876990079879761e-02,-7.054830342531204224e-02,-2.453497436363250017e-04,9.149475395679473877e-02,-3.009739145636558533e-02,-1.110404878854751587e-01,-5.848067253828048706e-02,8.687178790569305420e-02,-1.446806937456130981e-01,2.422664500772953033e-02,-2.325441502034664154e-02,1.526845395565032959e-01,1.653333194553852081e-02,8.436424285173416138e-02,6.330626457929611206e-02,-1.505929976701736450e-01,-3.482193872332572937e-02,-1.317810118198394775e-01,8.664941787719726562e-02,-1.548059731721878052e-01,-1.361469328403472900e-01,8.130625635385513306e-02,-1.749919205904006958e-01,7.034347951412200928e-02,-8.336859196424484253e-02,-2.500205114483833313e-02,-4.408590495586395264e-02,9.798997640609741211e-02,-7.599832862615585327e-02,-2.547383308410644531e-01,4.172066226601600647e-02,1.048872545361518860e-01,-1.144984737038612366e-01,2.900645136833190918e-02,9.590289741754531860e-02,-8.699815720319747925e-02,-3.353890497237443924e-03,-4.354736208915710449e-02,-8.488889783620834351e-02,-4.045891691930592060e-04,1.613559722900390625e-01,-1.499415934085845947e-01,3.497441858053207397e-02,3.817161172628402710e-02,-1.323748845607042313e-02,-5.001449584960937500e-02,2.556020393967628479e-02,1.056953147053718567e-01,-7.352968212217092514e-03,2.331919223070144653e-02,1.175004169344902039e-01,1.785627305507659912e-01,7.311496138572692871e-02,-8.615208417177200317e-02,1.924564689397811890e-01,-8.824540674686431885e-02,1.141627207398414612e-01,-8.924116380512714386e-03,3.493466600775718689e-02,2.618140168488025665e-02,-2.426656661555171013e-03,1.593288779258728027e-01,9.698070934973657131e-04,-7.203762233257293701e-02,2.433433532714843750e-01,5.898084118962287903e-02,4.217378422617912292e-02,-2.329199202358722687e-02,4.744751751422882080e-02,-4.455706849694252014e-02,-3.819524869322776794e-02,7.612611167132854462e-03,-1.142334043979644775e-01,-8.592429757118225098e-02,-5.531425029039382935e-02,-6.501390784978866577e-02,9.435316175222396851e-02,2.657448872923851013e-02,4.484104365110397339e-02,-4.334877803921699524e-02,1.781005859375000000e-01,-1.831870973110198975e-01,1.075333505868911743e-01,-1.738059818744659424e-01,1.984470486640930176e-01,-1.003720611333847046e-01,-5.029264837503433228e-02,1.023064255714416504e-01,3.609222173690795898e-02,-1.164846587926149368e-02,9.263028204441070557e-02,1.690424382686614990e-01,6.862749904394149780e-02
-5.750674009323120117e-02,1.589934080839157104e-01,3.748412057757377625e-02,1.532966196537017822e-01,9.547112882137298584e-02,-8.187083154916763306e-02,2.516933977603912354e-01,6.501574069261550903e-02,-1.618626527488231659e-02,-2.872924879193305969e-02,-7.791791111230850220e-03,-3.012668341398239136e-02,3.733184561133384705e-02,1.435155123472213745e-01,1.978357732295989990e-01,2.938087098300457001e-02,-8.046479523181915283e-02,-6.508965045213699341e-02,1.750503927469253540e-01,7.120631635189056396e-02,5.023021996021270752e-02,-9.842679649591445923e-02,-4.121373966336250305e-02,5.400296300649642944e-02,-3.559953719377517700e-02,-1.036395430564880371e-01,-6.674686819314956665e-02,1.230311207473278046e-02,-2.502548508346080780e-02,-1.485124230384826660e-01,1.448019593954086304e-01,1.467198133468627930e-01,1.056598685681819916e-02,-8.027557283639907837e-02,-1.496015638113021851e-01,-3.626188263297080994e-02,-2.788261882960796356e-02,-3.156649321317672729e-02,7.216950412839651108e-03,-1.065684929490089417e-01,3.138032183051109314e-02,-2.228891253471374512e-01,3.552684187889099121e-02,1.143502816557884216e-01,-4.784461855888366699e-02,7.595974951982498169e-03,-3.552865236997604370e-02,3.684597089886665344e-02,1.225474253296852112e-01,-2.867709845304489136e-03,2.111379802227020264e-02,-1.267042756080627441e-01,-7.939475774765014648e-02,-1.514747366309165955e-02,-2.864385209977626801e-02,5.189544707536697388e-02,-8.514839410781860352e-02,4.775504395365715027e-02,7.615313678979873657e-02,-2.167904525995254517e-01,-1.277073174715042114e-01,1.695428043603897095e-01,-9.137190878391265869e-02,1.172627415508031845e-02,-4.719079285860061646e-02,1.649187654256820679e-01,9.695240110158920288e-02,6.758433580398559570e-02,-1.218819916248321533e-01,7.858330383896827698e-03,8.197327144443988800e-03,1.964398659765720367e-02,-4.924640804529190063e-02,3.848347067832946777e-02,-2.070333436131477356e-02,9.640772826969623566e-03,-1.850227266550064087e-02,4.911734536290168762e-02,-1.246130615472793579e-01,2.150307744741439819e-01,-1.118561923503875732e-01,2.340854704380035400e-01,-5.791104212403297424e-02,3.358428552746772766e-02,-1.168473735451698303e-01,-9.822907857596874237e-03,1.469670981168746948e-01,3.491811826825141907e-02,-6.633354723453521729e-02,1.212349385023117065e-01,9.309673309326171875e-02,-7.783525437116622925e-02,-6.097587756812572479e-04,8.910690248012542725e-02,8.570573478937149048e-02,2.552608586847782135e-02,7.730890065431594849e-02,-6.463383883237838745e-02,2.159286476671695709e-02,-3.113564290106296539e-02,-5.238799378275871277e-02,-2.098570317029953003e-01,1.669787429273128510e-02,9.614125639200210571e-02,1.702130287885665894e-01,6.824829615652561188e-03,-2.468622755259275436e-03,2.067395448684692383e-01,5.308962985873222351e-02,9.751050174236297607e-02,-8.562875539064407349e-02,-1.140672564506530762e-01,-7.559446152299642563e-03,-1.154075488448143005e-01,3.062520176172256470e-02,7.559780776500701904e-02,2.505973726511001587e-02,-2.743466757237911224e-02,6.883360445499420166e-02,-7.118229568004608154e-02,-3.265111893415451050e-02,8.164215832948684692e-02,5.263751372694969177e-02,-2.183380536735057831e-02,1.944091729819774628e-02,5.386441573500633240e-02,-9.092571213841438293e-03,9.695840068161487579e-03,-1.442351490259170532e-01,1.570841819047927856e-01,-1.939599364995956421e-01,1.664299219846725464e-01,4.269317165017127991e-02,1.935148835182189941e-01,-5.443260073661804199e-03,-4.189389571547508240e-02,-1.598640084266662598e-01,-3.496145084500312805e-02,2.446502894163131714e-01,8.178731054067611694e-02,-1.593572273850440979e-02,-8.405797928571701050e-02,-1.862256675958633423e-01,-7.168684154748916626e-02,-1.806534640491008759e-02,-5.939863994717597961e-02,-3.465361660346388817e-03,-3.072241134941577911e-02,-2.966350689530372620e-02,-1.601303368806838989e-02,-7.631857693195343018e-02,-2.251538932323455811e-01,-1.643608063459396362e-01,-5.771637335419654846e-02,-2.576394006609916687e-02,5.789174884557723999e-02,-1.291688531637191772e-01,-2.929964102804660797e-02,6.674856692552566528e-02,2.678436227142810822e-02,2.393242716789245605e-01,-5.453098565340042114e-02,-1.079435460269451141e-03,-5.978541821241378784e-02,1.788323521614074707e-01,1.738468185067176819e-02,5.563568323850631714e-02,1.371584832668304443e-01,-5.442009493708610535e-02,-2.620721049606800079e-02,-1.116668134927749634e-01,2.692732028663158417e-02,1.136586908251047134e-02,3.108290955424308777e-02,-8.829387277364730835e-02,1.627177372574806213e-02,-7.279688119888305664e-02,-1.522251814603805542e-01,6.774086505174636841e-02,-1.734307557344436646e-01,3.127151355147361755e-02,1.010008677840232849e-01,9.184627234935760498e-02
-1.944202333688735962e-01,-3.958025276660919189e-01,-4.093784689903259277e-01,-1.690916121006011963e-01,-5.512821674346923828e-02,-1.030278429388999939e-01,-3.076624572277069092e-01,-3.157190680503845215e-01,-2.036218047142028809e-01,-5.273737013339996338e-02,-2.596888877451419830e-02,1.574810147285461426e-01,3.065282702445983887e-01,2.534114122390747070e-01,3.592339158058166504e-01,4.382956624031066895e-01,1.429837197065353394e-01,9.354151040315628052e-02,9.516961872577667236e-02,-8.387713879346847534e-02,-4.660318493843078613e-01,-1.831599175930023193e-01,-4.941895604133605957e-02,-1.932268142700195312e-01,-1.224262267351150513e-01,-7.289109379053115845e-02,-7.519508898258209229e-02,5.058602690696716309e-01,2.405875474214553833e-01,-2.413118183612823486e-01,-4.067546129226684570e-01,-2.759892046451568604e-01,-2.255172282457351685e-01,-2.377151548862457275e-01,-3.950200378894805908e-01,-4.472745358943939209e-01,1.438651531934738159e-01,4.493627846240997314e-01,1.230497881770133972e-01,3.209210634231567383e-01,7.390980124473571777e-01,7.402582168579101562e-01,7.253799438476562500e-01,5.529574751853942871e-01,2.111217528581619263e-01,1.754865497350692749e-01,1.560892015695571899e-01,1.560281366109848022e-01,-8.327592909336090088e-02,-5.485956072807312012e-01,-1.328335404396057129e-01,-1.561604589223861694e-01,-6.861346960067749023e-01,-6.352990120649337769e-02,2.942596375942230225e-01,5.668860077857971191e-01,9.134448766708374023e-01,1.400110125541687012e+00,1.311402440071105957e+00,2.848643064498901367e-01,-6.452443003654479980e-01,-1.069891333580017090e+00,-2.609852254390716553e-01,-1.855559647083282471e-01,-2.046594768762588501e-01,-2.997405529022216797e-01,-3.052071928977966309e-01,-4.405850470066070557e-01,-2.938670217990875244e-01,-4.015819430351257324e-01,-3.000295758247375488e-01,-2.676241099834442139e-01,-2.762753665447235107e-01,-2.277797460556030273e-01,-2.845205366611480713e-01,-3.202757537364959717e-01,-2.289800196886062622e-01,-1.191618293523788452e-01,1.021448820829391479e-01,-6.838582456111907959e-02,-2.488404884934425354e-02,-7.328363507986068726e-02,-6.891290098428726196e-02,-3.510295972228050232e-02,-8.357436209917068481e-02,1.096924580633640289e-02,-2.943598851561546326e-02,1.185088753700256348e-01,1.128774583339691162e-01,4.945123940706253052e-02,3.099177405238151550e-02,1.360195428133010864e-01,3.750255331397056580e-02,8.055233210325241089e-02,4.511794820427894592e-02,6.748987734317779541e-02,1.201789602637290955e-01,1.143849343061447144e-01,2.043345272541046143e-01,1.733304411172866821e-01,-2.015716768801212311e-02,4.019733518362045288e-03,1.614579558372497559e-01,1.365308761596679688e-01,1.999370008707046509e-01,1.238527148962020874e-01,1.272911876440048218e-01,2.226737700402736664e-02,1.842731833457946777e-01,1.157630681991577148e-01,1.397880762815475464e-01,-3.024174831807613373e-02,-3.095512650907039642e-02,-1.685919426381587982e-02,-1.851803064346313477e-01,-1.258236616849899292e-01,-1.493257731199264526e-01,-1.345753073692321777e-01,-1.901340088807046413e-03,-9.741307236254215240e-03,4.130994901061058044e-02,-2.626094035804271698e-02,6.177553534507751465e-02,1.752836396917700768e-03,3.039656952023506165e-02,-1.447902712970972061e-02,-2.246106043457984924e-02,3.149753436446189880e-02,5.900881066918373108e-02,1.095661073923110962e-01,4.365818109363317490e-03,7.255173474550247192e-02,8.995579928159713745e-02,-1.762674801284447312e-04,9.437995031476020813e-03,-5.222573876380920410e-02,9.478754946030676365e-04,1.049304455518722534e-01,-4.142543300986289978e-02,2.604066394269466400e-02,-5.430853739380836487e-02,1.328509300947189331e-01,7.993986457586288452e-02,-8.469105511903762817e-02,-6.160429120063781738e-02,-1.022012233734130859e-01,-8.086742460727691650e-02,-5.433454364538192749e-02,-6.464294623583555222e-03,1.631196774542331696e-02,6.786643713712692261e-02,-2.432557195425033569e-02,1.991432905197143555e-02,1.017381921410560608e-01,-2.184317819774150848e-02,3.184846043586730957e-02,-9.127651900053024292e-02,2.229851670563220978e-02,1.245851963758468628e-01,-6.131332740187644958e-02,-1.136868745088577271e-01,1.609384417533874512e-01,9.511503577232360840e-02,-1.847646236419677734e-01,-1.557474583387374878e-02,-1.333056837320327759e-01,3.736487776041030884e-02,8.106239885091781616e-02,5.933380685746669769e-03,-5.834171175956726074e-02,-9.235014766454696655e-02,3.475136309862136841e-02,3.778159851208329201e-03,-8.842878043651580811e-02,3.047555126249790192e-02,-8.750048466026782990e-03,-8.629009127616882324e-02,3.930428251624107361e-02,7.012323290109634399e-02,6.014564633369445801e-02,-3.630565479397773743e-02,7.399932295083999634e-02,-8.033916354179382324e-03
1.297642737627029419e-01,-8.985634893178939819e-02,2.186878323554992676e-01,5.604719743132591248e-02,6.370345503091812134e-02,1.499586272984743118e-02,6.147802621126174927e-02,-1.064668409526348114e-02,1.103172600269317627e-01,-2.314491197466850281e-02,-1.848688907921314240e-02,-1.612979546189308167e-02,-7.119101285934448242e-02,-6.920898705720901489e-02,-9.725809842348098755e-02,3.779587894678115845e-02,-1.830454356968402863e-02,9.535843133926391602e-02,1.431393623352050781e-01,6.158452481031417847e-02,1.662570089101791382e-01,-7.051087170839309692e-02,-6.129308789968490601e-02,4.066158831119537354e-02,4.808209463953971863e-02,1.124689802527427673e-01,-8.225946873426437378e-02,4.921565204858779907e-02,-1.670730859041213989e-01,-3.454241901636123657e-02,-1.620383858680725098e-01,2.344291843473911285e-02,-2.415817044675350189e-02,-1.905683875083923340e-01,1.790092885494232178e-01,7.485847920179367065e-02,-8.951660990715026855e-02,-3.699211403727531433e-02,-2.426206618547439575e-01,3.825322538614273071e-02,1.395052671432495117e-01,-1.323956344276666641e-02,3.299231175333261490e-04,4.288962110877037048e-02,-1.717897206544876099e-01,-6.985776871442794800e-02,-1.323683261871337891e-01,-2.218316197395324707e-01,-6.585605442523956299e-02,7.020246982574462891e-02,1.626085937023162842e-01,1.753088235855102539e-01,-1.373341828584671021e-01,8.453442901372909546e-02,-1.396976709365844727e-01,1.419957578182220459e-01,-2.049471735954284668e-01,8.827860653400421143e-02,-8.183189481496810913e-02,1.528080701828002930e-01,1.293724924325942993e-01,-5.241163540631532669e-03,5.938983336091041565e-02,-1.018334086984395981e-02,7.006925344467163086e-02,1.681797578930854797e-02,-5.956881493330001831e-02,5.356778949499130249e-02,4.289614781737327576e-02,-6.060931086540222168e-02,5.094208568334579468e-02,-1.509196758270263672e-01,-3.155302628874778748e-02,-2.747328579425811768e-01,2.293984442949295044e-01,-9.897104650735855103e-02,1.421849280595779419e-01,-8.894586563110351562e-02,1.994085758924484253e-01,1.841295696794986725e-02,-1.282096356153488159e-01,2.199633419513702393e-02,-5.452852696180343628e-03,9.380800276994705200e-02,-7.315795123577117920e-02,-8.066213130950927734e-02,-1.176340784877538681e-02,2.323639690876007080e-01,-1.607165485620498657e-02,6.475594639778137207e-02,-1.315246801823377609e-02,-1.117233932018280029e-01,-1.101024597883224487e-01,2.599407732486724854e-02,-2.516109310090541840e-02,1.781817227602005005e-01,1.238771677017211914e-01,1.264295578002929688e-01,1.417635232210159302e-01,7.249354571104049683e-02,1.235222071409225464e-01,7.327345758676528931e-02,-8.200369775295257568e-02,-1.203993558883666992e-01,-1.603967398405075073e-01,-1.173373535275459290e-01,-6.844042241573333740e-02,-1.396995335817337036e-01,-6.503968685865402222e-02,2.546359039843082428e-02,-8.064471185207366943e-02,-2.236961573362350464e-02,3.312071040272712708e-02,1.720134615898132324e-01,-1.120326668024063110e-01,-4.938613623380661011e-02,-7.929503172636032104e-02,1.856466382741928101e-02,-7.294339686632156372e-02,-2.573134843260049820e-04,1.002141684293746948e-01,-2.438200414180755615e-01,2.583084814250469208e-02,5.118475481867790222e-02,-3.595291450619697571e-02,8.392900228500366211e-02,2.472004443407058716e-01,-1.356678307056427002e-01,-1.237734630703926086e-01,-6.033536419272422791e-02,-1.102254763245582581e-01,-9.847297519445419312e-02,6.040674075484275818e-02,1.773703843355178833e-01,9.542474895715713501e-02,5.987923219799995422e-02,-3.873343393206596375e-02,1.772712320089340210e-01,2.661389857530593872e-02,-1.421812325716018677e-01,-1.792629994451999664e-02,4.099197313189506531e-02,1.523771435022354126e-01,-1.239204108715057373e-01,-1.879976689815521240e-01,6.124023348093032837e-02,2.287294119596481323e-01,-6.934375502169132233e-03,2.060442790389060974e-02,2.039121985435485840e-01,7.162322849035263062e-02,-2.296230755746364594e-03,-7.420700509101152420e-03,2.235767990350723267e-02,-1.473617106676101685e-01,-3.722104057669639587e-02,-1.027497835457324982e-02,-7.488305866718292236e-02,-9.358995407819747925e-02,-7.153052091598510742e-02,1.170281879603862762e-02,6.798709183931350708e-02,1.006247010082006454e-02,-1.784152984619140625e-01,9.020402282476425171e-02,1.827252954244613647e-01,9.360792487859725952e-02,-3.404398262500762939e-02,-2.530322968959808350e-02,5.588183645159006119e-03,-1.842324808239936829e-02,3.638904914259910583e-02,1.205727308988571167e-01,-2.573200035840272903e-03,1.028166115283966064e-01,-1.118789315223693848e-01,-1.785884350538253784e-01,-1.954363659024238586e-02,-2.092033391818404198e-03,-3.853033122140914202e-04,8.541341871023178101e-03,-3.742447867989540100e-02,1.632418632507324219e-01
-1.001212280243635178e-02,3.732552751898765564e-02,-1.404317654669284821e-02,-1.596674025058746338e-01,-2.995973080396652222e-02,2.099675871431827545e-02,-1.248999964445829391e-02,-2.093172818422317505e-01,5.126574635505676270e-02,3.008710406720638275e-02,9.540525823831558228e-02,-1.097283437848091125e-01,-2.858266234397888184e-02,1.594285946339368820e-03,-1.567455977201461792e-01,8.772977441549301147e-02,-1.220793575048446655e-01,-2.420763671398162842e-02,-1.523405164480209351e-01,-1.767769455909729004e-01,3.685095533728599548e-02,-1.087707281112670898e-01,-9.002789855003356934e-02,1.039846837520599365e-01,1.658313572406768799e-01,-1.623068302869796753e-01,1.103324592113494873e-01,-1.768926624208688736e-03,2.532497234642505646e-02,-1.010061949491500854e-01,-2.102236598730087280e-01,1.064988598227500916e-01,-3.008383209817111492e-04,7.409784942865371704e-02,9.205368161201477051e-02,-1.340916752815246582e-01,-8.360155671834945679e-02,4.446412995457649231e-02,2.566225230693817139e-01,-2.303190156817436218e-02,-3.270450979471206665e-02,2.310407534241676331e-02,7.008537650108337402e-02,2.972728013992309570e-02,-4.227563738822937012e-02,-6.439685076475143433e-02,1.822369992733001709e-01,-1.212957128882408142e-01,6.139224767684936523e-02,1.009946987032890320e-01,-5.753011628985404968e-02,-9.761953353881835938e-02,4.881176352500915527e-02,-1.670807413756847382e-02,6.268303841352462769e-02,7.006399333477020264e-02,3.948152810335159302e-02,-1.178452670574188232e-01,-1.504869945347309113e-02,1.291094422340393066e-01,3.836008906364440918e-02,1.215425431728363037e-01,1.400463748723268509e-02,2.491066604852676392e-02,-2.154553383588790894e-01,-5.899713933467864990e-02,-2.031567273661494255e-03,1.704040169715881348e-01,-1.097285076975822449e-01,-2.066564410924911499e-01,-7.681708782911300659e-02,-2.380614727735519409e-01,-1.714733242988586426e-01,-8.687312155961990356e-02,1.520819123834371567e-02,-2.859665453433990479e-02,5.016219615936279297e-02,-2.235034555196762085e-01,-1.433990597724914551e-01,-1.609051823616027832e-01,5.361090600490570068e-02,-7.850508391857147217e-02,-5.206805095076560974e-02,-7.998567074537277222e-03,5.326311662793159485e-02,-8.440802991390228271e-02,-3.675319254398345947e-02,2.881406992673873901e-02,5.740616470575332642e-02,-1.272005140781402588e-01,-6.142140179872512817e-02,-1.131248697638511658e-01,-7.530351728200912476e-02,-3.592813014984130859e-02,1.018057391047477722e-02,-4.381570592522621155e-02,1.676204353570938110e-01,-4.963988810777664185e-02,1.267470568418502808e-01,-5.231992900371551514e-02,-1.319622993469238281e-01,-1.283350437879562378e-01,-1.686893701553344727e-01,2.310233414173126221e-01,8.801063895225524902e-02,-1.159820333123207092e-01,-7.488135248422622681e-02,-8.041086792945861816e-02,-1.685924232006072998e-01,-6.571538746356964111e-02,-8.829072862863540649e-02,1.425758004188537598e-02,3.446413278579711914e-01,9.815006516873836517e-03,8.211840689182281494e-02,-1.758719384670257568e-01,-5.347608029842376709e-02,-3.713979618623852730e-03,5.089665576815605164e-02,-2.600826136767864227e-02,-1.050064936280250549e-01,-6.033712625503540039e-02,6.311375647783279419e-03,-1.318159401416778564e-01,1.584644801914691925e-02,3.310342505574226379e-02,9.096423164010047913e-03,-2.111341804265975952e-01,-9.309673309326171875e-02,-7.799533754587173462e-02,7.484042644500732422e-02,-3.889060346409678459e-03,1.266200244426727295e-01,-1.160041168332099915e-01,-2.045854181051254272e-02,-4.355094954371452332e-02,-6.742515834048390388e-04,-1.998266391456127167e-02,-6.157701835036277771e-02,-8.206972479820251465e-02,1.346954852342605591e-01,1.417981088161468506e-02,-9.227368235588073730e-02,-2.145643234252929688e-01,1.346931606531143188e-01,1.421386003494262695e-01,-1.991377174854278564e-01,1.947996020317077637e-02,4.830180108547210693e-02,-2.294392324984073639e-02,9.219454228878021240e-02,-7.990387827157974243e-02,8.585534989833831787e-02,5.701208487153053284e-02,-1.462765634059906006e-01,-2.991661131381988525e-01,5.602388083934783936e-02,-2.154310494661331177e-01,4.643753543496131897e-02,9.765839576721191406e-02,-1.966419517993927002e-01,-6.242642924189567566e-02,2.602807071525603533e-04,-4.440402984619140625e-02,-1.176012679934501648e-01,-6.827338039875030518e-02,5.201928690075874329e-02,-1.698330193758010864e-01,-1.835693717002868652e-01,-6.297479383647441864e-03,-1.604792773723602295e-01,3.983360901474952698e-02,9.659012779593467712e-03,2.475027926266193390e-02,-6.241974234580993652e-02,-5.353095382452011108e-02,-1.039869152009487152e-02,-1.227723062038421631e-01,-1.134415119886398315e-01,1.377082020044326782e-01,-7.484414428472518921e-02,-5.133751779794692993e-02,-1.143505871295928955e-01
-9.643486887216567993e-02,1.766036599874496460e-01,6.958587467670440674e-02,9.292942122556269169e-04,-1.043583750724792480e-01,4.361319355666637421e-03,-9.740584529936313629e-03,-8.318003267049789429e-02,1.946065761148929596e-02,-2.491627819836139679e-02,7.630354166030883789e-02,8.228254318237304688e-02,-9.477744251489639282e-02,-1.215224415063858032e-01,5.084282532334327698e-02,-8.732949197292327881e-02,-3.667433047667145729e-03,-1.447889655828475952e-01,2.045435607433319092e-01,-1.482014209032058716e-01,2.825499176979064941e-01,4.423846304416656494e-02,-1.312146484851837158e-01,2.295598983764648438e-01,1.242771223187446594e-01,-7.570972293615341187e-02,1.067874878644943237e-01,-2.294981852173805237e-03,5.228132009506225586e-02,-1.991272158920764923e-02,-1.583463847637176514e-01,1.181796044111251831e-01,-1.172141265124082565e-02,-1.761019676923751831e-01,-2.046882808208465576e-01,-1.546792238950729370e-01,9.815173596143722534e-02,1.744403243064880371e-01,2.110017687082290649e-01,-4.734370857477188110e-02,-8.561062067747116089e-02,-8.495952188968658447e-02,1.374759972095489502e-01,-1.313267797231674194e-01,-6.211491301655769348e-02,1.588485687971115112e-01,3.445620089769363403e-02,1.177103742957115173e-01,2.930360380560159683e-03,-1.082338541746139526e-01,-1.944097504019737244e-02,-1.497322618961334229e-01,-1.923596560955047607e-01,-5.781904235482215881e-02,-1.943586915731430054e-01,-1.062009036540985107e-01,2.555494941771030426e-02,7.459931820631027222e-02,1.193646639585494995e-01,2.221615426242351532e-02,-1.054711565375328064e-01,2.096409909427165985e-03,-1.832777410745620728e-01,9.808101505041122437e-02,1.154140233993530273e-01,-9.346039593219757080e-02,-1.113619357347488403e-01,1.494829356670379639e-01,-1.498247087001800537e-01,4.137939214706420898e-02,2.881669439375400543e-02,-9.910806268453598022e-02,-1.501211076974868774e-01,-8.918005973100662231e-02,3.666935488581657410e-02,-2.546372711658477783e-01,-1.810497045516967773e-01,4.908913373947143555e-02,-5.245392024517059326e-02,-1.546927392482757568e-01,5.120607465505599976e-02,-1.224771328270435333e-02,-5.362617224454879761e-02,-1.142023503780364990e-01,-4.862251132726669312e-02,-1.607133746147155762e-01,-1.403510570526123047e-01,-3.587187966331839561e-03,-1.177041158080101013e-01,-3.029659390449523926e-02,-2.249258756637573242e-02,-9.968417696654796600e-03,1.123243104666471481e-02,2.562912739813327789e-02,5.116951838135719299e-02,9.253305196762084961e-02,-5.379474256187677383e-03,1.271648406982421875e-01,-1.668232828378677368e-01,1.952964439988136292e-02,1.028305813670158386e-01,-2.140211686491966248e-02,-2.038229256868362427e-01,1.687839031219482422e-01,5.873300507664680481e-02,1.555262831971049309e-03,2.440521866083145142e-01,3.473439812660217285e-02,-1.403055042028427124e-01,-1.191342920064926147e-01,-7.784894853830337524e-02,-8.568584173917770386e-02,-2.907506003975868225e-02,-4.178018495440483093e-02,1.726625263690948486e-01,8.142502605915069580e-02,1.983290016651153564e-01,-1.150496583431959152e-02,-1.240424364805221558e-01,3.133103623986244202e-02,5.791039764881134033e-02,-7.404357939958572388e-02,-5.891507491469383240e-02,-9.758456051349639893e-02,-6.134708598256111145e-02,6.238229572772979736e-03,1.131824925541877747e-01,-6.981232017278671265e-02,1.274162381887435913e-01,-2.556736394762992859e-02,2.496424317359924316e-02,3.972029313445091248e-02,3.719565644860267639e-02,3.570374473929405212e-02,7.153005152940750122e-02,-4.605486989021301270e-02,2.574389874935150146e-01,9.827504307031631470e-02,-1.904961653053760529e-02,5.544146150350570679e-02,-3.404312580823898315e-02,-5.448661744594573975e-02,-7.376225292682647705e-02,-5.703317001461982727e-02,3.251108527183532715e-01,2.327052177861332893e-03,-6.772267073392868042e-02,4.928912222385406494e-02,-7.917243987321853638e-02,7.351158559322357178e-02,-1.005208399146795273e-02,8.061131834983825684e-02,-1.330346241593360901e-02,-6.529091298580169678e-02,-5.598489195108413696e-02,2.400383120402693748e-03,1.973951011896133423e-01,-4.135949537158012390e-02,1.774279586970806122e-02,1.603012233972549438e-01,7.028316706418991089e-02,-9.715914726257324219e-02,9.803008288145065308e-02,2.031604200601577759e-01,1.690942496061325073e-01,1.137625724077224731e-01,1.449868381023406982e-01,-2.211032509803771973e-01,1.663544625043869019e-01,-1.073428522795438766e-02,1.096452251076698303e-01,-1.234974935650825500e-01,-4.557142034173011780e-02,1.801242679357528687e-02,-2.494843862950801849e-02,4.943867400288581848e-02,5.038714408874511719e-02,-5.835648626089096069e-02,4.475826572161167860e-04,-1.050736531615257263e-01,1.088195294141769409e-01,4.364198073744773865e-02,-1.142547503113746643e-01
-6.533411890268325806e-02,1.623804308474063873e-02,1.090390980243682861e-01,-2.013705484569072723e-02,1.510944515466690063e-01,1.236719936132431030e-01,-4.346119239926338196e-03,9.288568049669265747e-02,2.989639528095722198e-02,-1.499315798282623291e-01,-8.468917757272720337e-02,-2.094532400369644165e-01,3.847948089241981506e-02,-5.091022327542304993e-02,6.749485433101654053e-02,1.038460433483123779e-01,-1.128878165036439896e-02,1.886954903602600098e-01,-1.507977992296218872e-01,6.290423125028610229e-02,8.206238970160484314e-03,1.693232506513595581e-01,-3.946936130523681641e-02,-4.306394979357719421e-02,1.160473078489303589e-01,-4.762048646807670593e-02,-1.107839494943618774e-01,1.579507626593112946e-02,3.415304422378540039e-02,1.424334794282913208e-01,-1.930682733654975891e-02,1.711862981319427490e-01,-5.056628212332725525e-02,-4.620392341166734695e-03,1.152957230806350708e-01,-5.926146358251571655e-02,-2.164744213223457336e-02,9.079384058713912964e-02,1.026698499917984009e-01,1.354636698961257935e-01,-1.805619895458221436e-01,2.836430072784423828e-02,6.768030580133199692e-03,1.284930389374494553e-02,-7.060774601995944977e-03,-1.403695791959762573e-01,1.045909989625215530e-02,-5.743944644927978516e-02,3.657706314697861671e-03,1.221119891852140427e-02,-1.139845997095108032e-01,2.800423093140125275e-02,-1.231912747025489807e-01,3.305044770240783691e-02,6.110279820859432220e-03,-3.861251100897789001e-02,1.048690527677536011e-01,-6.898719072341918945e-02,-9.873255342245101929e-02,-7.185183465480804443e-02,-7.264418900012969971e-02,4.137395322322845459e-02,6.324232369661331177e-02,-6.810920778661966324e-03,6.851638108491897583e-02,3.190083801746368408e-01,1.650830060243606567e-01,2.436387389898300171e-01,-1.949049532413482666e-02,1.029701530933380127e-01,1.423379778861999512e-01,-6.454723328351974487e-02,1.229720488190650940e-01,3.328438848257064819e-02,-3.910509124398231506e-02,-2.899014018476009369e-02,5.799143016338348389e-02,-9.700684994459152222e-02,-1.352679133415222168e-01,1.340368688106536865e-01,1.404796242713928223e-01,-9.685371816158294678e-02,2.537566721439361572e-01,1.795805096626281738e-01,4.674788564443588257e-02,5.140150338411331177e-02,3.770590946078300476e-02,-5.461142584681510925e-02,-7.373070809990167618e-03,1.321601718664169312e-01,-4.172453656792640686e-02,-5.711903050541877747e-02,-1.901811957359313965e-01,1.447542607784271240e-01,-1.841590553522109985e-01,2.310667373239994049e-02,-9.157592430710792542e-03,1.209107637405395508e-01,1.557673513889312744e-01,2.113638445734977722e-02,1.965199708938598633e-01,1.423256397247314453e-01,5.560369789600372314e-02,5.096391774713993073e-03,-8.016649633646011353e-02,1.798429042100906372e-01,3.156216070055961609e-02,5.792773887515068054e-02,1.430788934230804443e-01,7.220004498958587646e-02,2.056146562099456787e-01,1.513870656490325928e-01,-1.888397894799709320e-02,-3.190470451954752207e-04,-2.301591634750366211e-02,1.208449807018041611e-02,1.040400639176368713e-01,-9.829345345497131348e-02,-4.731306433677673340e-02,2.054293826222419739e-02,1.163102407008409500e-02,1.127658784389495850e-01,1.138794943690299988e-01,1.884335577487945557e-01,4.467857256531715393e-02,-8.506935834884643555e-02,8.315431326627731323e-02,1.203124448657035828e-01,-2.420028857886791229e-02,-1.578262597322463989e-01,6.145399436354637146e-02,3.814212232828140259e-02,9.104400128126144409e-02,1.906878948211669922e-01,-1.427299249917268753e-02,3.480325266718864441e-02,1.232681050896644592e-01,-5.056531354784965515e-02,1.967171728610992432e-01,-6.213460862636566162e-02,1.502443999052047729e-01,4.258767515420913696e-02,7.239941041916608810e-03,1.832643300294876099e-01,-4.337778687477111816e-02,1.739949733018875122e-01,8.606926351785659790e-02,-7.993575930595397949e-02,1.045293733477592468e-01,1.549922823905944824e-01,-5.401525646448135376e-02,9.292561560869216919e-02,-4.570676386356353760e-02,9.678912162780761719e-02,1.507632900029420853e-02,-1.376780271530151367e-01,-5.827856063842773438e-02,7.717372477054595947e-02,2.541604265570640564e-02,-9.669805318117141724e-02,2.475536763668060303e-01,-2.252337150275707245e-02,6.609567999839782715e-02,-1.697659790515899658e-01,1.473098099231719971e-01,-1.063858717679977417e-02,7.105458527803421021e-02,8.312140405178070068e-02,1.580847948789596558e-01,1.232146695256233215e-01,9.778490662574768066e-02,-1.931135952472686768e-01,5.062534660100936890e-02,1.018628999590873718e-01,1.081242561340332031e-01,1.116783916950225830e-01,4.083192348480224609e-02,7.611931115388870239e-02,1.079541891813278198e-01,1.158522740006446838e-01,-7.848654687404632568e-02,2.515738271176815033e-02,2.462195977568626404e-02
9.443158656358718872e-02,1.161095686256885529e-02,5.240507051348686218e-02,7.428815960884094238e-02,1.029586866497993469e-01,-1.448742151260375977e-01,1.723394356667995453e-02,-3.782015293836593628e-02,-4.232539236545562744e-02,-6.664996594190597534e-02,-1.562833040952682495e-01,1.834955625236034393e-02,-1.840374618768692017e-02,1.076608896255493164e-01,-8.253243751823902130e-03,1.146009936928749084e-01,-9.326343238353729248e-02,8.010831475257873535e-02,2.155643552541732788e-01,-2.038362435996532440e-02,-4.172177053987979889e-03,-8.449865877628326416e-02,6.340267509222030640e-02,-3.145318478345870972e-02,-3.104078769683837891e-02,-3.194629773497581482e-02,-9.205922484397888184e-03,1.230512410402297974e-01,-3.400401026010513306e-02,-1.055522561073303223e-01,9.270620346069335938e-02,1.158595606684684753e-01,-1.292814314365386963e-01,1.299221515655517578e-01,1.300350427627563477e-01,-8.234659582376480103e-02,-1.182744279503822327e-01,2.220067009329795837e-02,2.512198407202959061e-03,2.432826161384582520e-01,-3.631211519241333008e-01,4.905341938138008118e-02,-1.157443225383758545e-01,-9.011549875140190125e-03,-3.218857198953628540e-02,-1.836152933537960052e-02,-9.567182511091232300e-02,-1.918857172131538391e-02,1.423818431794643402e-02,9.938469529151916504e-02,-5.688739567995071411e-02,8.220613002777099609e-02,3.732411190867424011e-02,6.177051737904548645e-02,4.198180511593818665e-02,2.041761875152587891e-01,-5.865796655416488647e-02,7.529030740261077881e-02,-1.572190970182418823e-01,1.457544863224029541e-01,8.007793128490447998e-02,6.430858373641967773e-02,-2.299851737916469574e-02,-2.280462682247161865e-01,1.714554429054260254e-01,-1.843636333942413330e-01,-2.519435621798038483e-02,-1.754084229469299316e-01,-4.590513557195663452e-02,4.717512428760528564e-02,3.356036916375160217e-02,2.650556154549121857e-02,-9.690546989440917969e-02,-1.379719376564025879e-01,-9.666405618190765381e-03,1.376504302024841309e-01,-1.297421753406524658e-01,6.935340166091918945e-02,-2.791603654623031616e-02,-8.537661284208297729e-03,1.058144941926002502e-01,-3.686938434839248657e-02,1.257480978965759277e-01,2.418246679008007050e-02,-1.433974057435989380e-01,-6.389779597520828247e-02,-2.080964595079421997e-01,4.958577826619148254e-02,-1.298644691705703735e-01,-2.056775391101837158e-01,-3.359707593917846680e-01,6.171927321702241898e-03,-3.806771337985992432e-02,-8.175148814916610718e-02,-5.167378112673759460e-03,1.146841607987880707e-02,9.245481342077255249e-02,-2.946587651968002319e-02,-1.374596804380416870e-01,3.508029878139495850e-02,-6.424943357706069946e-02,-1.082869395613670349e-01,-2.497288025915622711e-02,-5.623153597116470337e-02,-1.787049770355224609e-01,8.435173332691192627e-02,-1.354112625122070312e-01,-1.507954448461532593e-01,8.851820975542068481e-02,-1.974703669548034668e-01,-2.412905097007751465e-01,3.378857672214508057e-02,-5.782264471054077148e-02,5.471138656139373779e-02,-3.097847662866115570e-02,-1.118299588561058044e-01,-5.676101520657539368e-02,2.273800596594810486e-02,1.184428483247756958e-01,-6.454623490571975708e-02,1.509870141744613647e-01,7.609135005623102188e-03,4.880652204155921936e-02,-1.631019562482833862e-01,-1.077005565166473389e-01,1.525874249637126923e-02,-3.930004686117172241e-02,-1.679119281470775604e-02,2.403227053582668304e-02,7.051855325698852539e-02,2.204066514968872070e-02,8.082287013530731201e-02,-3.449672088027000427e-02,-4.926199838519096375e-02,6.143283098936080933e-02,2.224957942962646484e-01,5.337834358215332031e-02,-1.763850599527359009e-01,1.568960547447204590e-01,7.626017928123474121e-02,-8.774140477180480957e-02,-5.512950941920280457e-03,-1.838581264019012451e-02,-1.640516966581344604e-01,-9.223629534244537354e-02,1.303466111421585083e-01,-2.032244354486465454e-01,1.235792413353919983e-01,-1.659183390438556671e-02,-6.654871255159378052e-02,8.483253419399261475e-03,-1.260582208633422852e-01,-7.818628847599029541e-02,-1.397879868745803833e-01,-7.726944517344236374e-03,-5.457177385687828064e-02,-1.256460398435592651e-01,5.562003329396247864e-02,-6.062574312090873718e-02,-8.656435459852218628e-02,-6.191274151206016541e-02,-4.601327702403068542e-02,-3.696516901254653931e-02,-3.325078263878822327e-02,-3.835073485970497131e-02,-2.976879663765430450e-02,-9.529567509889602661e-02,-8.973089978098869324e-03,1.945462264120578766e-02,-4.313924163579940796e-02,1.171700656414031982e-01,-1.102874726057052612e-01,2.553211059421300888e-03,-7.818838208913803101e-02,6.210759282112121582e-02,-1.480475515127182007e-01,8.642150461673736572e-02,-6.473749130964279175e-02,-2.325809188187122345e-02,8.402489125728607178e-03,-4.500756785273551941e-02,6.644469499588012695e-02,-6.565400958061218262e-02
7.553593069314956665e-02,1.803538650274276733e-01,5.508929863572120667e-02,-1.699192970991134644e-01,-2.926672995090484619e-01,-4.455251693725585938e-01,-2.150956243276596069e-01,9.388772398233413696e-02,2.550460100173950195e-01,-4.049097187817096710e-03,-1.597264856100082397e-01,-1.539764227345585823e-03,4.013873934745788574e-01,3.353151977062225342e-01,2.229417860507965088e-01,1.143513470888137817e-01,2.855371832847595215e-01,1.234336271882057190e-01,2.952723503112792969e-01,3.060999512672424316e-01,-2.438431046903133392e-02,-2.280444800853729248e-01,-6.595966219902038574e-02,-2.398892864584922791e-02,1.652458608150482178e-01,-7.997538894414901733e-03,-2.491763085126876831e-01,-3.287106156349182129e-01,3.863940387964248657e-02,-2.098314017057418823e-01,-5.976552367210388184e-01,-2.713895142078399658e-01,-1.383390873670578003e-01,-2.202757596969604492e-01,4.581906273961067200e-02,5.990669131278991699e-02,3.637067079544067383e-01,7.188934683799743652e-01,3.599769771099090576e-01,3.926056623458862305e-01,7.855340242385864258e-01,5.061858296394348145e-01,5.210127830505371094e-01,7.535269856452941895e-01,7.906867861747741699e-01,6.345741152763366699e-01,5.994319915771484375e-01,4.719687402248382568e-01,3.684489428997039795e-01,1.405196785926818848e-01,1.214893907308578491e-01,2.295925617218017578e-01,5.879243835806846619e-02,-5.997645482420921326e-02,-5.235966444015502930e-01,-2.679750025272369385e-01,-2.501473426818847656e-01,-2.785715162754058838e-01,2.366050183773040771e-01,1.408623158931732178e-01,-2.939409613609313965e-01,-2.064604908227920532e-01,2.267220318317413330e-01,1.781640201807022095e-01,5.982297286391258240e-02,4.917475581169128418e-02,-9.357790648937225342e-02,1.321017593145370483e-01,4.007005393505096436e-01,3.339139521121978760e-01,1.662216782569885254e-01,3.428043723106384277e-01,2.499275356531143188e-01,3.006502985954284668e-01,2.351509034633636475e-01,7.888746261596679688e-02,1.119905486702919006e-01,3.226791024208068848e-01,-5.074707418680191040e-02,1.661829054355621338e-01,-2.717608585953712463e-02,-2.212913334369659424e-02,1.141339614987373352e-01,5.168866366147994995e-02,7.842095196247100830e-02,1.657284349203109741e-01,1.144810914993286133e-01,2.498349547386169434e-01,-7.484823465347290039e-02,-7.670384645462036133e-02,-5.858490243554115295e-02,2.012408673763275146e-01,1.575980782508850098e-01,2.727751433849334717e-01,-1.060699969530105591e-01,1.924755573272705078e-01,1.545780450105667114e-01,6.111734732985496521e-02,-1.245996914803981781e-03,4.059319198131561279e-02,2.472048699855804443e-01,3.012885749340057373e-01,1.688583493232727051e-01,-3.988824319094419479e-03,2.786564175039529800e-03,1.763918548822402954e-01,2.209981381893157959e-01,3.600411117076873779e-01,1.727959811687469482e-01,2.661785669624805450e-02,1.370367407798767090e-02,1.379303336143493652e-01,3.202258422970771790e-02,2.154261916875839233e-01,-5.860503390431404114e-02,9.395331144332885742e-02,6.301297247409820557e-02,-7.065186649560928345e-02,-1.947159506380558014e-02,-1.252583414316177368e-01,-8.509814739227294922e-02,2.082067355513572693e-02,-1.286396086215972900e-01,-8.715236186981201172e-02,-2.524477839469909668e-01,-2.012773305177688599e-01,-1.290015280246734619e-01,2.830160968005657196e-02,-1.979968138039112091e-02,-1.295756548643112183e-01,1.075508655048906803e-03,-2.033900320529937744e-01,-3.182859346270561218e-02,-8.593085408210754395e-02,-1.734324842691421509e-01,-1.633666269481182098e-02,-1.139123812317848206e-01,-6.293849647045135498e-02,-1.238918229937553406e-01,6.922829896211624146e-02,5.083926022052764893e-02,-5.497606843709945679e-02,-4.915957897901535034e-02,-9.888636320829391479e-02,-1.388235390186309814e-01,-1.301254183053970337e-01,-1.229748502373695374e-01,-6.075436621904373169e-02,-1.370827108621597290e-01,-2.624027729034423828e-01,2.702376432716846466e-02,-2.356193661689758301e-01,-9.961983561515808105e-02,-1.559622436761856079e-01,-1.029912009835243225e-01,-1.471397429704666138e-01,4.603157192468643188e-02,-2.818694412708282471e-01,-1.426767706871032715e-01,-1.017294749617576599e-01,-1.766614466905593872e-01,-4.273741692304611206e-02,-2.903232574462890625e-01,-1.271704882383346558e-01,-2.251811474561691284e-01,-1.433454602956771851e-01,-1.238414570689201355e-01,-1.542010158300399780e-01,1.135501544922590256e-02,-1.171114072203636169e-01,-6.947933882474899292e-02,-1.679916530847549438e-01,-1.831949800252914429e-01,-2.416725456714630127e-01,-4.811290651559829712e-03,-1.941771358251571655e-01,-1.961375623941421509e-01,-6.524666398763656616e-02,5.495988577604293823e-02,-1.489795446395874023e-01,5.393973086029291153e-03,-1.659890711307525635e-01,-1.981978416442871094e-01
-6.907814648002386093e-03,-3.722898662090301514e-02,-8.289397694170475006e-03,4.898375272750854492e-02,1.504972577095031738e-01,7.930789887905120850e-02,-8.293653279542922974e-02,7.855671644210815430e-02,-1.545517593622207642e-01,-1.086404100060462952e-01,-1.987753063440322876e-02,-1.003049015998840332e-01,4.428816214203834534e-02,6.886414438486099243e-02,5.807396769523620605e-02,-8.902649581432342529e-02,2.348073199391365051e-02,-1.418405584990978241e-02,2.269993424415588379e-01,-1.906189508736133575e-02,6.479300558567047119e-02,-3.271115943789482117e-02,1.542986277490854263e-02,-2.277814447879791260e-01,-1.304746121168136597e-01,1.485457271337509155e-01,-5.459884926676750183e-02,-5.231021717190742493e-02,3.924432024359703064e-02,-1.018849164247512817e-01,1.001211702823638916e-01,6.501281261444091797e-02,1.841827332973480225e-01,-3.882808983325958252e-02,-5.267752707004547119e-02,6.672433018684387207e-02,1.547501832246780396e-01,7.307208329439163208e-02,-6.616011261940002441e-02,-5.343305319547653198e-02,-1.274897437542676926e-02,-1.466106027364730835e-01,-4.681063443422317505e-02,1.772087365388870239e-01,2.270863018929958344e-02,-7.742059230804443359e-02,-3.786241635680198669e-02,-1.795252114534378052e-01,-5.757901445031166077e-02,7.665041089057922363e-02,-1.946706920862197876e-01,-1.443302333354949951e-01,4.837151989340782166e-02,4.904111474752426147e-02,1.268620491027832031e-01,-3.429341316223144531e-02,1.366355270147323608e-01,-1.202128082513809204e-01,1.712543368339538574e-01,-2.021421790122985840e-01,1.330731660127639771e-01,-1.599982231855392456e-01,1.552245859056711197e-02,-9.650469571352005005e-02,-8.756089955568313599e-02,1.784834451973438263e-02,1.532596535980701447e-02,-2.134125828742980957e-01,9.949887171387672424e-04,2.812640555202960968e-02,-1.525148749351501465e-02,1.755768246948719025e-02,-3.811239451169967651e-02,-7.598908245563507080e-02,6.249247118830680847e-02,1.636897474527359009e-01,-8.666835725307464600e-02,1.730722561478614807e-02,1.132701188325881958e-01,2.457364276051521301e-02,9.625472128391265869e-03,-3.125104308128356934e-02,1.415458507835865021e-02,2.815935313701629639e-01,7.760151475667953491e-02,2.143569663166999817e-02,1.468660831451416016e-01,-1.239398270845413208e-01,-5.704215541481971741e-02,2.305834554135799408e-02,-4.546071216464042664e-02,-4.241938143968582153e-02,1.184335560537874699e-03,-6.255083717405796051e-03,7.667725533246994019e-02,-5.633749067783355713e-02,1.759434640407562256e-01,6.839609891176223755e-02,-9.763698279857635498e-02,3.350324183702468872e-02,-2.062263898551464081e-02,4.913324862718582153e-02,1.978845447301864624e-01,-2.017900906503200531e-02,-8.613825589418411255e-02,1.082582250237464905e-01,-5.303528532385826111e-02,-1.373614668846130371e-01,3.892977163195610046e-02,9.556771069765090942e-02,-1.918844878673553467e-01,-4.716836288571357727e-02,-2.186552993953227997e-02,3.696946054697036743e-02,2.483557611703872681e-01,-5.955162458121776581e-03,-2.251736074686050415e-01,1.643916405737400055e-02,8.000268787145614624e-02,-5.296798422932624817e-02,-2.499048411846160889e-02,-3.529930859804153442e-02,5.163581669330596924e-02,3.615070134401321411e-02,8.550693094730377197e-02,4.294596612453460693e-02,-1.604812778532505035e-02,1.187656223773956299e-01,-3.117622435092926025e-02,-5.344327539205551147e-02,2.360284626483917236e-01,1.890073157846927643e-02,2.027502842247486115e-02,-5.172790586948394775e-02,1.296250335872173309e-02,1.416413336992263794e-01,-1.621007174253463745e-01,1.505923718214035034e-01,1.450615674257278442e-01,-7.506402675062417984e-03,-5.222508683800697327e-02,1.223878655582666397e-02,8.453719317913055420e-02,1.266647875308990479e-01,-1.005359087139368057e-02,-1.443538963794708252e-01,3.504555672407150269e-02,-1.041483953595161438e-01,4.870370496064424515e-03,9.168219566345214844e-02,6.018509343266487122e-02,-6.403119117021560669e-02,-8.913971483707427979e-02,4.430687427520751953e-02,2.190158143639564514e-02,-1.363026350736618042e-01,2.791089005768299103e-02,7.071630656719207764e-02,2.706171572208404541e-02,-4.621674120426177979e-02,-1.326924264430999756e-01,-1.606010645627975464e-01,-1.234471946954727173e-01,1.090734824538230896e-02,1.848303824663162231e-01,8.902982808649539948e-03,1.542662978172302246e-01,2.215257287025451660e-02,-4.657119140028953552e-02,2.940081059932708740e-01,-3.277103533037006855e-04,-1.037618964910507202e-01,-5.337611213326454163e-02,-3.659993782639503479e-02,6.121635437011718750e-02,7.817634195089340210e-02,-4.174005240201950073e-02,-7.767355442047119141e-02,8.671211451292037964e-02,1.336691677570343018e-01,-8.605197072029113770e-03,6.609552353620529175e-02,1.534427106380462646e-01
-2.194795459508895874e-01,-1.600357741117477417e-01,9.473606944084167480e-02,5.948885157704353333e-02,-1.030021905899047852e-02,-1.247860640287399292e-01,1.453310530632734299e-02,-5.067852884531021118e-02,1.640124805271625519e-02,-4.100392758846282959e-02,7.680952548980712891e-02,-1.530748158693313599e-01,-5.046365782618522644e-02,-5.347541347146034241e-02,3.560668230056762695e-02,-1.600444912910461426e-01,1.500220298767089844e-01,1.116250231862068176e-01,-8.367586880922317505e-02,1.562711745500564575e-01,-2.291276305913925171e-01,-2.029362320899963379e-01,1.116153746843338013e-01,-1.125659123063087463e-01,-1.114564463496208191e-01,2.493639662861824036e-02,-2.917511388659477234e-02,-7.087704539299011230e-02,-7.534799724817276001e-02,9.665469080209732056e-02,-6.243330985307693481e-02,-1.238527148962020874e-02,1.821318715810775757e-01,1.356247514486312866e-01,5.644245445728302002e-02,-1.117068976163864136e-01,1.228704527020454407e-01,9.480103850364685059e-02,1.382061690092086792e-01,-1.579249352216720581e-01,1.531866658478975296e-02,1.891163922846317291e-02,6.527145951986312866e-02,1.048457343131303787e-02,5.654011294245719910e-02,-2.621635198593139648e-01,6.163097918033599854e-02,-8.503660559654235840e-02,-6.689136475324630737e-02,-7.258518785238265991e-02,8.124782890081405640e-02,-8.698486723005771637e-03,7.951156049966812134e-02,-1.198653057217597961e-01,2.398465014994144440e-02,-9.312592446804046631e-02,-1.414564996957778931e-01,1.362528651952743530e-01,-4.117107950150966644e-03,-7.726240903139114380e-02,-7.172237336635589600e-02,5.183551833033561707e-02,-6.282305717468261719e-02,-9.417796880006790161e-02,-1.950412988662719727e-02,1.728441715240478516e-01,-6.822104007005691528e-02,-3.667213395237922668e-02,-9.313855320215225220e-02,-8.162520825862884521e-03,5.577534809708595276e-02,-6.702221930027008057e-02,1.520821452140808105e-01,-4.058941453695297241e-02,7.190904021263122559e-02,8.459480851888656616e-02,-9.794221818447113037e-02,-6.932107359170913696e-02,-7.870409637689590454e-03,-1.357480585575103760e-01,1.810238696634769440e-02,3.971627354621887207e-02,-2.416924685239791870e-01,-1.660869121551513672e-01,2.880745939910411835e-02,2.050436288118362427e-01,-4.632077366113662720e-02,-3.815258853137493134e-03,-2.347552217543125153e-03,-3.619446232914924622e-02,1.537151541560888290e-02,4.374613612890243530e-02,-1.174202635884284973e-01,5.481392145156860352e-02,-2.797063440084457397e-02,6.155686080455780029e-02,6.783860176801681519e-02,7.883229106664657593e-02,7.937119901180267334e-02,-7.338958233594894409e-02,4.739575553685426712e-03,-1.536506116390228271e-01,-3.195124864578247070e-02,1.790928393602371216e-01,-1.466356813907623291e-01,-1.236446648836135864e-01,-1.577921584248542786e-02,6.130546331405639648e-02,6.151931360363960266e-02,2.349800467491149902e-01,2.313412874937057495e-01,3.608628734946250916e-02,8.326220512390136719e-02,1.596653461456298828e-01,8.477719873189926147e-02,-6.561842560768127441e-02,9.017066657543182373e-02,5.853528622537851334e-03,6.619424372911453247e-02,-6.222832202911376953e-02,1.069127768278121948e-01,1.546465209685266018e-03,-6.386089324951171875e-02,-4.222639370709657669e-03,7.890488207340240479e-02,1.426337212324142456e-01,1.394987702369689941e-01,-2.406817674636840820e-02,-1.036607548594474792e-01,-1.284085065126419067e-01,-1.104060746729373932e-02,-3.126960620284080505e-02,-3.598437830805778503e-02,5.118917673826217651e-02,1.535632759332656860e-01,4.106356948614120483e-02,-1.836443133652210236e-02,-2.266057580709457397e-02,-7.117909938097000122e-02,3.227171674370765686e-02,1.241281777620315552e-01,-7.447861880064010620e-02,-1.206720247864723206e-01,-8.065076172351837158e-02,-4.631694033741950989e-02,-2.658935450017452240e-02,-1.941922605037689209e-01,-5.979797802865505219e-03,-9.327469021081924438e-02,-3.952312842011451721e-02,5.420316383242607117e-02,-9.066595137119293213e-02,-1.301700435578823090e-02,4.293582588434219360e-02,7.244894653558731079e-02,6.781599670648574829e-02,1.556300558149814606e-02,3.721778839826583862e-02,9.432791173458099365e-02,4.166649281978607178e-02,9.093894064426422119e-02,1.606355905532836914e-01,-6.159771606326103210e-02,-9.408593177795410156e-03,-2.965332008898258209e-02,-9.249261021614074707e-02,-1.045100092887878418e-01,1.615465730428695679e-01,-3.732974082231521606e-02,-2.772481366991996765e-02,4.233971610665321350e-02,9.473425894975662231e-02,-1.175527554005384445e-02,2.457115799188613892e-02,4.462759941816329956e-02,1.674679964780807495e-01,-9.248149394989013672e-02,1.178720518946647644e-01,-2.645514905452728271e-02,2.499409206211566925e-02,3.160658478736877441e-02,-1.945630908012390137e-01,1.871626079082489014e-01
-1.037215143442153931e-01,-1.117945834994316101e-01,-2.220521718263626099e-01,-1.643259376287460327e-01,-9.031084179878234863e-02,-6.650544703006744385e-02,-1.823730766773223877e-01,-6.795603781938552856e-02,-9.886500984430313110e-02,-1.079576835036277771e-01,-2.455326542258262634e-02,1.687880721874535084e-04,9.801754727959632874e-03,-2.127134501934051514e-01,-6.700877100229263306e-02,6.286201626062393188e-02,9.133645892143249512e-02,1.939946264028549194e-01,-8.277300745248794556e-02,4.120358824729919434e-02,1.612479835748672485e-01,-5.782250314950942993e-02,-1.802106499671936035e-01,-1.469625383615493774e-01,-3.139180317521095276e-02,-1.319958418607711792e-01,-1.116913110017776489e-01,-1.519448682665824890e-02,-1.373375952243804932e-01,-2.522624433040618896e-01,1.604198962450027466e-01,-6.930390000343322754e-02,1.792963147163391113e-01,4.193131625652313232e-02,1.601986587047576904e-01,1.154272258281707764e-01,7.897001504898071289e-02,-1.127633638679981232e-02,3.438387438654899597e-02,-2.342139836400747299e-03,-7.897879928350448608e-02,2.954518608748912811e-02,-7.756654173135757446e-02,-1.577510088682174683e-01,-1.446179300546646118e-01,1.876445487141609192e-02,-1.110638752579689026e-01,-7.144071161746978760e-02,-1.856639087200164795e-01,-1.629558950662612915e-01,1.438740640878677368e-01,2.217776477336883545e-01,-2.193092554807662964e-02,4.055144190788269043e-01,3.037380576133728027e-01,1.270141005516052246e-01,-2.023282647132873535e-02,-2.322871424257755280e-02,-7.228309661149978638e-02,-2.106904834508895874e-01,-7.743200659751892090e-02,5.798523128032684326e-02,1.181397587060928345e-01,1.360582094639539719e-02,-8.545946329832077026e-04,3.182144090533256531e-02,1.267356127500534058e-01,-4.370125010609626770e-02,6.556237488985061646e-02,-6.167480349540710449e-02,-4.191505908966064453e-02,6.752172112464904785e-02,1.665966063737869263e-01,-2.133475802838802338e-02,4.592258855700492859e-02,1.463051587343215942e-01,9.540006518363952637e-02,-7.691268622875213623e-02,-1.468495875597000122e-01,-9.138827025890350342e-02,1.026568263769149780e-01,1.132580786943435669e-01,1.337248384952545166e-01,9.250998497009277344e-02,3.895680233836174011e-02,8.856555819511413574e-02,-2.482059178873896599e-03,1.184009388089179993e-01,5.729650706052780151e-02,-9.206011146306991577e-02,4.827881976962089539e-02,1.126629561185836792e-01,8.327374607324600220e-02,-1.593268942087888718e-03,-2.831896767020225525e-02,2.476438693702220917e-02,1.331954449415206909e-01,-4.838193207979202271e-02,-2.001599781215190887e-02,6.282382458448410034e-02,-4.519094072747975588e-04,1.541165709495544434e-01,6.206386536359786987e-02,4.420806095004081726e-02,-1.246452331542968750e-02,9.942469745874404907e-02,1.057265624403953552e-01,1.279527544975280762e-01,4.971643164753913879e-02,7.801112532615661621e-02,1.065684016793966293e-02,-5.223656818270683289e-02,1.141155287623405457e-01,3.974650427699089050e-02,-5.597813799977302551e-02,-3.330033272504806519e-02,1.159235313534736633e-01,3.098867274820804596e-02,1.265584975481033325e-01,3.457130491733551025e-02,-6.495193392038345337e-02,1.988999247550964355e-01,-4.231539554893970490e-03,-2.568487823009490967e-02,6.638051569461822510e-02,-8.622230030596256256e-03,-6.702852249145507812e-02,-7.615274190902709961e-02,-9.705280885100364685e-03,-1.073058471083641052e-01,2.749037742614746094e-01,5.753561481833457947e-02,1.636717095971107483e-02,-6.857655197381973267e-02,2.813786827027797699e-02,5.448766797780990601e-02,1.522697359323501587e-01,2.033249586820602417e-01,-9.359498322010040283e-02,3.805197775363922119e-02,1.067358627915382385e-01,9.028974920511245728e-03,1.153373047709465027e-01,-1.092174574732780457e-01,1.726215630769729614e-01,-5.963002913631498814e-04,-2.167295478284358978e-02,-8.715467154979705811e-02,2.591174095869064331e-02,1.420064270496368408e-01,1.392851471900939941e-01,-9.220913052558898926e-02,2.390242554247379303e-02,-4.814957454800605774e-02,-4.366498813033103943e-02,-2.658481523394584656e-02,7.501239329576492310e-02,8.247448503971099854e-02,1.033791452646255493e-01,8.223821967840194702e-02,6.110037490725517273e-02,7.964623719453811646e-02,-8.852308243513107300e-02,5.125892907381057739e-02,4.745414108037948608e-02,1.447202265262603760e-01,1.593817472457885742e-01,1.847460120916366577e-02,4.713100567460060120e-02,1.300207376480102539e-01,1.367537230253219604e-01,3.766126558184623718e-02,-1.311459299176931381e-02,8.905946463346481323e-02,-9.444271028041839600e-02,7.427150011062622070e-02,4.497709870338439941e-02,5.787072703242301941e-02,7.004067301750183105e-03,1.258259266614913940e-01,6.793753057718276978e-02,4.587773606181144714e-02,4.613028466701507568e-02
1.740931905806064606e-02,-3.642628714442253113e-02,5.843520909547805786e-02,-1.130771785974502563e-01,2.864641137421131134e-02,-4.667529463768005371e-02,-3.910374268889427185e-02,6.022745743393898010e-02,-3.781762719154357910e-01,-2.513069473206996918e-02,-2.261078730225563049e-02,4.774602502584457397e-02,-1.033979430794715881e-01,1.781574450433254242e-02,-4.332539159804582596e-03,9.662001579999923706e-02,4.005524516105651855e-02,-7.842321693897247314e-02,-5.119592323899269104e-02,7.043858617544174194e-02,-4.316556453704833984e-02,-2.506310120224952698e-03,-1.787947118282318115e-01,1.055436953902244568e-01,1.236901208758354187e-01,6.311642378568649292e-02,-1.400977075099945068e-01,-6.501138210296630859e-02,2.001720108091831207e-02,-5.705014988780021667e-02,-1.201321557164192200e-01,1.609392911195755005e-01,-8.260811679065227509e-03,-1.333813928067684174e-02,-9.455931186676025391e-02,1.118246763944625854e-01,-4.062335565686225891e-02,3.358000144362449646e-02,-1.788819581270217896e-02,-1.745307892560958862e-01,2.051725834608078003e-01,7.567577064037322998e-02,3.249269723892211914e-02,-6.909924000501632690e-02,2.339561283588409424e-01,1.436228305101394653e-01,-7.714311033487319946e-02,-1.796629652380943298e-02,-2.686728257685899734e-04,-2.039511501789093018e-01,1.593921482563018799e-01,-5.055458471179008484e-02,-4.483306780457496643e-02,-2.582054585218429565e-02,-7.164757698774337769e-02,-2.091759592294692993e-01,-1.431895769201219082e-03,3.142170235514640808e-02,-1.319998949766159058e-01,-1.296392232179641724e-01,1.652426123619079590e-01,-4.184778779745101929e-03,-9.849203377962112427e-02,-3.089017570018768311e-01,-9.050621092319488525e-02,-1.175367161631584167e-01,2.507572248578071594e-02,9.432480484247207642e-02,8.396404795348644257e-03,-9.633083641529083252e-02,-3.122557885944843292e-02,-5.705139040946960449e-02,1.631662845611572266e-01,2.008374966681003571e-02,-1.622842401266098022e-01,-1.424300670623779297e-02,1.041741669178009033e-01,5.195407569408416748e-02,1.324922442436218262e-01,6.256388127803802490e-02,2.516324073076248169e-02,2.443793043494224548e-02,-5.841692164540290833e-02,-8.875434286892414093e-03,-1.269348803907632828e-02,2.545344829559326172e-01,7.218714058399200439e-02,-1.166646406054496765e-01,6.963174790143966675e-02,5.204821750521659851e-02,-3.663919121026992798e-02,1.261583622545003891e-02,-1.528665125370025635e-01,-5.674422532320022583e-02,-1.099044755101203918e-01,6.644403189420700073e-02,3.673015907406806946e-02,-8.726631104946136475e-02,1.641370952129364014e-01,-5.052267760038375854e-02,8.518721908330917358e-02,-5.124656856060028076e-02,-6.065533310174942017e-02,-1.220369040966033936e-01,8.707062155008316040e-02,-1.750660538673400879e-01,2.011013329029083252e-01,-8.663011342287063599e-02,-5.556999240070581436e-04,6.107904016971588135e-02,-9.818691015243530273e-02,2.932130359113216400e-02,-6.473593413829803467e-02,9.493859857320785522e-02,9.383084625005722046e-02,-4.542199522256851196e-02,-1.090847775340080261e-01,1.250347197055816650e-01,-1.116379946470260620e-01,2.405011653900146484e-01,8.636867254972457886e-02,-9.607984870672225952e-02,3.007106482982635498e-02,6.689082831144332886e-02,-1.857213228940963745e-01,-3.216167166829109192e-02,-1.077975183725357056e-01,1.436906401067972183e-03,4.975477606058120728e-02,-1.876423656940460205e-01,1.262128651142120361e-01,4.083063453435897827e-02,1.505964696407318115e-01,-6.410545110702514648e-02,8.315671002492308617e-04,-2.699056640267372131e-03,-3.011556714773178101e-02,1.528285145759582520e-01,-1.981074549257755280e-02,-3.602840378880500793e-02,-6.890349835157394409e-02,6.371726840734481812e-02,2.484291233122348785e-02,1.497193127870559692e-01,8.052755892276763916e-02,2.447259128093719482e-01,5.610453709959983826e-02,6.544071435928344727e-02,6.007493659853935242e-02,4.468199238181114197e-02,4.245508089661598206e-02,8.111735433340072632e-02,-4.751974716782569885e-02,1.971368938684463501e-01,2.066200599074363708e-02,-6.958575546741485596e-02,8.408639580011367798e-03,4.212014377117156982e-02,5.566342547535896301e-02,-8.376397937536239624e-02,1.013823002576828003e-01,-7.931662350893020630e-02,2.075667530298233032e-01,-2.067023068666458130e-01,4.421002417802810669e-02,-1.293324381113052368e-01,-2.901861630380153656e-02,-6.664991378784179688e-02,2.916029095649719238e-02,-2.584829330444335938e-01,-1.760176569223403931e-01,-3.164614783599972725e-03,-6.288675218820571899e-02,1.957727372646331787e-01,1.096659451723098755e-01,9.946681559085845947e-03,-4.701150581240653992e-02,6.070709973573684692e-02,-1.329568773508071899e-01,-9.173201024532318115e-02,-2.765604853630065918e-02,-2.948209829628467560e-02,8.790949732065200806e-02
5.072432011365890503e-02,6.697758287191390991e-02,-2.708713896572589874e-02,-9.839599579572677612e-02,1.297597587108612061e-02,-4.361338168382644653e-02,2.405223064124584198e-02,-1.871927082538604736e-02,6.612952798604965210e-02,6.490267068147659302e-02,-6.221457943320274353e-02,-1.848279871046543121e-02,-5.373375490307807922e-02,-1.014441717416048050e-03,-3.918771445751190186e-02,5.423937737941741943e-02,-1.651562899351119995e-01,1.005190312862396240e-01,-2.259524464607238770e-01,-1.983590424060821533e-01,-1.119459047913551331e-01,2.644541207700967789e-03,2.808052347972989082e-03,9.229107759892940521e-03,1.594091355800628662e-01,7.753533869981765747e-02,-7.888338714838027954e-02,-2.350208461284637451e-01,1.034340038895606995e-01,8.001179248094558716e-02,4.578526318073272705e-02,-1.143960654735565186e-01,5.279205739498138428e-02,1.597645133733749390e-01,4.073000699281692505e-02,-1.571699380874633789e-01,1.898520886898040771e-01,-4.811374470591545105e-02,3.221902996301651001e-02,-8.733768016099929810e-02,2.422007732093334198e-02,-1.417250931262969971e-01,1.492222547531127930e-01,-1.403184235095977783e-02,3.585682809352874756e-02,-8.294596523046493530e-02,-3.772838041186332703e-02,-3.237858414649963379e-02,1.334447860717773438e-01,8.792059868574142456e-02,2.259742915630340576e-01,1.312560439109802246e-01,-2.266594916582107544e-01,5.832047015428543091e-02,9.541106969118118286e-02,-8.969139307737350464e-02,1.197927892208099365e-01,1.083792224526405334e-01,-3.206087276339530945e-03,4.528840258717536926e-02,-8.170440793037414551e-03,-2.020281553268432617e-02,2.264268137514591217e-02,9.639310836791992188e-02,-7.181599736213684082e-02,7.957956194877624512e-02,2.014056371990591288e-04,-6.239166483283042908e-03,1.076174527406692505e-01,5.519836023449897766e-02,9.029579162597656250e-02,4.861067980527877808e-02,3.185372799634933472e-02,-3.647107630968093872e-02,1.392048746347427368e-01,1.165616065263748169e-01,-6.668706238269805908e-02,-1.620527729392051697e-02,3.531349822878837585e-02,-4.462802410125732422e-02,-7.259393576532602310e-03,-5.180994421243667603e-02,-1.176011264324188232e-01,1.309851706027984619e-01,2.219150066375732422e-01,-9.855147451162338257e-02,-1.678249090909957886e-01,-1.488632895052433014e-02,-9.444710612297058105e-02,2.861877977848052979e-01,-1.295610815286636353e-01,6.086800992488861084e-02,-1.374408006668090820e-01,-3.554432420060038567e-03,-9.047485142946243286e-02,1.481545865535736084e-01,-1.701900921761989594e-02,-1.418927963823080063e-02,-2.310940623283386230e-02,-1.800255775451660156e-01,-2.172155678272247314e-02,-8.724512532353401184e-03,-9.915994107723236084e-02,-1.205643564462661743e-01,7.133293896913528442e-02,9.998632222414016724e-02,6.404460966587066650e-02,1.235174909234046936e-01,1.395034939050674438e-01,1.645524650812149048e-01,1.794756576418876648e-02,-1.821286045014858246e-02,3.508087396621704102e-01,1.678180098533630371e-01,1.773296445608139038e-01,7.156705111265182495e-02,-6.077800691127777100e-02,2.146539092063903809e-01,-1.405781507492065430e-01,1.801044493913650513e-01,1.567351259291172028e-02,-5.283423885703086853e-02,-5.434830486774444580e-02,-7.670555263757705688e-02,-2.724779210984706879e-02,1.114849001169204712e-01,1.219741478562355042e-01,-7.762325555086135864e-02,-2.260718196630477905e-01,-6.938087195158004761e-02,3.666358441114425659e-02,-6.202940270304679871e-02,9.803710877895355225e-02,4.297836218029260635e-03,-1.730927452445030212e-02,-2.658811584115028381e-02,3.123570084571838379e-01,5.606703087687492371e-02,-1.199648599140346050e-03,-3.046195767819881439e-02,-5.714336037635803223e-02,4.608330875635147095e-02,-1.016350686550140381e-01,1.491891890764236450e-01,-6.958618760108947754e-02,-8.157426118850708008e-02,9.315952658653259277e-02,-1.867459267377853394e-01,1.530639082193374634e-01,6.790790706872940063e-02,-1.994648724794387817e-01,-2.639486081898212433e-02,-1.159849949181079865e-02,1.497809588909149170e-01,-1.406379789113998413e-01,8.229975588619709015e-03,-5.200766026973724365e-03,9.126695245504379272e-02,1.318249404430389404e-01,-5.029668286442756653e-02,-2.144898325204849243e-01,1.137796714901924133e-01,2.392570674419403076e-01,4.812503233551979065e-02,8.210512250661849976e-02,1.803505271673202515e-01,1.328389197587966919e-01,-3.966051340103149414e-01,1.953333616256713867e-01,1.409862786531448364e-01,-8.496041595935821533e-02,-1.121063381433486938e-01,-2.147677354514598846e-02,1.566540896892547607e-01,1.144714578986167908e-01,-2.787581384181976318e-01,5.640423670411109924e-02,-1.106481533497571945e-02,1.626613549888134003e-02,1.892885118722915649e-01,-1.180891171097755432e-01,5.036237463355064392e-02,7.754836976528167725e-02
3.221266716718673706e-02,-9.216084331274032593e-02,-2.708339691162109375e-01,-1.312844362109899521e-02,1.531193703413009644e-01,-1.371334791183471680e-01,9.092256426811218262e-02,5.297769233584403992e-02,-7.279681414365768433e-02,-3.176444023847579956e-02,7.727056741714477539e-02,-1.376746296882629395e-01,4.983336478471755981e-02,-3.920558467507362366e-02,-1.686352491378784180e-01,-8.097426593303680420e-02,1.884717345237731934e-01,3.027358651161193848e-02,2.706653811037540436e-02,2.018242180347442627e-01,-2.249417454004287720e-02,1.453336924314498901e-01,-7.302321493625640869e-02,-4.345694184303283691e-02,-2.960872463881969452e-02,-2.187477983534336090e-02,7.874459028244018555e-03,-7.591150701045989990e-02,5.298326537013053894e-02,-3.214721754193305969e-02,-1.239898614585399628e-02,5.572757497429847717e-02,-1.281461715698242188e-01,6.112439930438995361e-02,2.591150812804698944e-02,4.131853207945823669e-02,-2.263074070215225220e-01,-1.503260880708694458e-01,-1.258262544870376587e-01,1.136051639914512634e-01,1.052545290440320969e-02,-1.683255136013031006e-01,-2.196477167308330536e-02,-6.049124896526336670e-02,2.132166177034378052e-01,-4.302403330802917480e-02,-6.817071884870529175e-02,2.208675891160964966e-01,-1.845441013574600220e-02,-1.347052007913589478e-01,1.130238994956016541e-01,-7.711131591349840164e-03,2.872468531131744385e-02,6.807452440261840820e-02,-9.119368344545364380e-02,4.390034452080726624e-02,4.953224211931228638e-02,-1.048603653907775879e-01,1.083122715353965759e-01,1.249926164746284485e-01,4.292582347989082336e-02,-1.033937484025955200e-01,-2.019534260034561157e-02,7.094603031873703003e-03,-9.655740857124328613e-02,5.366866663098335266e-02,-3.916350752115249634e-02,-4.410471301525831223e-03,1.334705501794815063e-01,-6.121530756354331970e-02,-1.647719740867614746e-01,1.109334677457809448e-01,8.811150328256189823e-04,2.376849576830863953e-02,-1.900977045297622681e-01,-6.319642532616853714e-03,-1.224598139524459839e-01,-1.367482244968414307e-01,2.819764800369739532e-02,-4.054464772343635559e-02,-4.072181135416030884e-02,-1.509395707398653030e-02,-1.124159991741180420e-01,-7.789288461208343506e-02,-6.078895553946495056e-02,-8.918956853449344635e-03,-1.017667278647422791e-01,-2.369578741490840912e-02,-3.977905493229627609e-03,-1.158951148390769958e-01,5.797252804040908813e-02,6.101761944591999054e-03,-6.227773800492286682e-02,7.459405809640884399e-02,-4.902092367410659790e-02,1.100589185953140259e-01,4.038047045469284058e-02,-7.270760368555784225e-03,-1.999743282794952393e-01,1.700777187943458557e-02,1.232180297374725342e-01,9.961809962987899780e-02,1.786400005221366882e-02,-1.926410645246505737e-01,-3.376890420913696289e-01,1.949076727032661438e-02,2.143622748553752899e-02,-3.341108560562133789e-02,5.231370776891708374e-02,-8.257772773504257202e-03,9.283162653446197510e-02,-3.947502374649047852e-02,-2.085361815989017487e-02,2.360974811017513275e-02,-1.175869721919298172e-02,-1.078307349234819412e-02,8.806348778307437897e-03,-1.984083838760852814e-02,4.183126986026763916e-02,-2.000614814460277557e-02,1.011828258633613586e-01,1.040829792618751526e-01,7.069621235132217407e-02,-1.369717270135879517e-01,-1.029617190361022949e-01,-7.211656123399734497e-02,-1.889925636351108551e-02,-4.940673336386680603e-02,-1.339057832956314087e-01,-2.329799979925155640e-01,-1.264245063066482544e-01,1.231443211436271667e-01,-1.229025609791278839e-02,1.067707985639572144e-01,-1.644273996353149414e-01,-4.217841848731040955e-02,2.763951383531093597e-02,-1.154544949531555176e-02,-9.361779689788818359e-02,1.475463714450597763e-02,3.143299371004104614e-02,9.688619524240493774e-03,2.229263633489608765e-01,5.678229406476020813e-02,-4.613421484827995300e-02,-1.756120845675468445e-02,2.230362445116043091e-01,-1.498098522424697876e-01,1.248670741915702820e-02,-1.448556780815124512e-01,-3.649634867906570435e-02,3.126909211277961731e-02,1.164070591330528259e-01,-1.285611093044281006e-01,-6.974496692419052124e-02,1.852293014526367188e-01,1.316203773021697998e-01,3.997355699539184570e-02,-1.078318804502487183e-01,-2.433895133435726166e-02,-1.310775708407163620e-02,4.600269719958305359e-02,9.612447023391723633e-02,2.377260774374008179e-01,-1.837120205163955688e-02,-5.654877796769142151e-02,-3.692756220698356628e-02,-1.342567056417465210e-01,-8.455756306648254395e-02,-3.330653160810470581e-02,-1.398972570896148682e-01,-5.001053586602210999e-02,6.876369472593069077e-03,-1.639956235885620117e-01,-9.804967045783996582e-02,8.208223432302474976e-02,-1.328705251216888428e-02,9.381460398435592651e-02,1.377741694450378418e-01,1.015770658850669861e-01,-1.467649452388286591e-02,1.196339204907417297e-01,-4.168791696429252625e-02
2.207992970943450928e-01,3.295918107032775879e-01,3.359625041484832764e-01,5.512241125106811523e-01,5.307243466377258301e-01,6.427608132362365723e-01,6.082837581634521484e-01,5.656068027019500732e-02,-2.774338051676750183e-02,6.219475865364074707e-01,2.653798460960388184e-01,-1.795838475227355957e-01,-4.688587486743927002e-01,-5.903056859970092773e-01,-3.526673913002014160e-01,7.150655388832092285e-01,1.299943774938583374e-01,-3.676266968250274658e-02,-5.241988301277160645e-01,-4.518896043300628662e-01,7.446157746016979218e-03,4.711397886276245117e-01,2.095104306936264038e-01,3.906626999378204346e-01,-5.337999761104583740e-02,-3.556480631232261658e-02,2.145717740058898926e-01,-4.328622296452522278e-02,-4.047101736068725586e-01,-4.788048565387725830e-01,-1.821395903825759888e-01,-3.059099316596984863e-01,-6.831768751144409180e-01,-3.147150576114654541e-01,-4.318146407604217529e-01,-5.560092329978942871e-01,-2.729576826095581055e-01,-8.300650864839553833e-02,-2.810255065560340881e-02,-4.007923603057861328e-02,-1.319633051753044128e-02,-2.270110398530960083e-01,2.467776183038949966e-03,1.539702806621789932e-02,1.940163224935531616e-01,2.493844032287597656e-01,2.762680947780609131e-01,2.284517288208007812e-01,5.332111716270446777e-01,7.877857089042663574e-01,5.287107825279235840e-01,4.148600101470947266e-01,2.864722609519958496e-01,1.856762915849685669e-01,9.621024876832962036e-02,-2.744939923286437988e-01,-3.012493550777435303e-01,-2.136423885822296143e-01,-3.287637233734130859e-01,-2.534494996070861816e-01,-1.674022376537322998e-01,-1.754522174596786499e-01,-1.835971027612686157e-01,-1.027484983205795288e-01,-2.158558219671249390e-01,-2.408284395933151245e-01,-2.571351230144500732e-01,-6.171905435621738434e-03,-1.094775050878524780e-01,-2.023331820964813232e-01,5.106510221958160400e-02,1.750266104936599731e-01,3.574648499488830566e-01,4.411461949348449707e-01,7.589250802993774414e-01,6.740567684173583984e-01,8.182693719863891602e-01,9.997234344482421875e-01,1.068279623985290527e+00,7.170217633247375488e-01,7.243301272392272949e-01,6.742275953292846680e-01,7.302903532981872559e-01,6.496185660362243652e-01,6.614535450935363770e-01,9.799596667289733887e-01,6.406729221343994141e-01,3.799573779106140137e-01,3.021383583545684814e-01,3.607997894287109375e-01,4.677907228469848633e-01,5.139153599739074707e-01,5.193538665771484375e-01,5.055315494537353516e-01,3.870660960674285889e-01,2.239479422569274902e-01,4.860896766185760498e-01,5.219233036041259766e-01,4.141699075698852539e-01,7.712464332580566406e-01,6.898736953735351562e-01,4.208492934703826904e-01,2.823068201541900635e-01,2.408538162708282471e-01,2.902495265007019043e-01,4.879722744226455688e-02,-4.852650687098503113e-02,-4.522767364978790283e-01,-2.674266099929809570e-01,-6.427850127220153809e-01,-6.590455174446105957e-01,-5.403182506561279297e-01,-5.348190069198608398e-01,-9.778512120246887207e-01,-6.534522175788879395e-01,-5.309615135192871094e-01,-6.120910048484802246e-01,-3.687390387058258057e-01,-4.221003353595733643e-01,-4.643609225749969482e-01,-3.537255227565765381e-01,-7.729532122611999512e-01,-6.187981963157653809e-01,-6.472201347351074219e-01,-7.213938832283020020e-01,-6.526253819465637207e-01,-4.244244992733001709e-01,-5.833903551101684570e-01,-7.342777848243713379e-01,-4.277432858943939209e-01,-5.342183113098144531e-01,-5.460977554321289062e-01,-6.867080926895141602e-01,-5.243831276893615723e-01,-8.097761273384094238e-01,-8.003373146057128906e-01,-7.095760107040405273e-01,-3.355722725391387939e-01,-5.051952600479125977e-01,-6.046998500823974609e-01,-6.708896756172180176e-01,-7.621050477027893066e-01,-8.627282977104187012e-01,-4.607328474521636963e-01,-6.945845484733581543e-01,-5.935469269752502441e-01,-6.902906894683837891e-01,-6.569704413414001465e-01,-7.895503640174865723e-01,-7.086533904075622559e-01,-7.827500104904174805e-01,-7.762730121612548828e-01,-5.928990840911865234e-01,-6.689181923866271973e-01,-8.179642558097839355e-01,-7.054908275604248047e-01,-7.459973692893981934e-01,-8.356263637542724609e-01,-8.539553880691528320e-01,-6.310932636260986328e-01,-8.214828372001647949e-01,-7.069490551948547363e-01,-8.529548048973083496e-01,-6.852629184722900391e-01,-7.699441313743591309e-01,-8.204228878021240234e-01,-8.203562498092651367e-01,-6.996579766273498535e-01,-7.911937832832336426e-01,-7.255852222442626953e-01,-7.201169133186340332e-01,-6.658433675765991211e-01,-8.853523731231689453e-01,-5.652616620063781738e-01,-7.968669533729553223e-01,-6.816041469573974609e-01,-6.961542367935180664e-01,-8.999959230422973633e-01,-6.374505758285522461e-01,-7.587276697158813477e-01,-7.774161100387573242e-01,-8.000809550285339355e-01,-6.994294524192810059e-01
7.449023425579071045e-02,3.430682234466075897e-03,2.908127568662166595e-02,-1.943273097276687622e-01,1.166519224643707275e-01,6.351559609174728394e-02,-9.556806087493896484e-02,7.524882256984710693e-02,6.390001159161329269e-03,-9.470988065004348755e-02,-6.731431186199188232e-02,-2.622078061103820801e-01,-1.135641708970069885e-01,2.720863223075866699e-01,2.527411282062530518e-02,-1.618007272481918335e-01,-1.132553517818450928e-01,1.069013774394989014e-01,7.163597270846366882e-03,-6.963218748569488525e-02,6.020067632198333740e-02,6.459921132773160934e-03,6.621880829334259033e-02,-1.026955470442771912e-01,-8.236463367938995361e-02,-5.364343896508216858e-02,-3.438264504075050354e-02,-4.151811450719833374e-02,-7.936231791973114014e-03,-1.223041936755180359e-01,-1.720667257905006409e-02,-1.330432295799255371e-01,-6.916517764329910278e-02,-3.622450307011604309e-02,-5.390377342700958252e-02,-6.633920967578887939e-02,-6.656574457883834839e-02,-5.869466811418533325e-02,1.964209228754043579e-01,1.035552844405174255e-01,1.524399314075708389e-02,1.749758720397949219e-01,-5.899332091212272644e-02,5.622442439198493958e-02,-1.223352253437042236e-01,3.650639951229095459e-02,-7.882702350616455078e-02,4.057265818119049072e-02,5.987976863980293274e-02,-1.603944748640060425e-01,-1.542997062206268311e-01,1.852800883352756500e-02,7.078108191490173340e-02,1.107709258794784546e-01,-1.507035940885543823e-01,-2.457037568092346191e-02,-3.690602779388427734e-01,4.748901352286338806e-02,-8.037576079368591309e-02,2.849044511094689369e-03,-1.084932498633861542e-02,2.208632975816726685e-02,-1.367466449737548828e-01,-1.878634393215179443e-01,-7.942995429039001465e-02,-3.767340630292892456e-02,-1.226583793759346008e-01,3.873892873525619507e-02,2.595850527286529541e-01,1.899804323911666870e-01,1.032984852790832520e-01,1.134594380855560303e-01,-9.161459654569625854e-02,3.662746632471680641e-03,-1.825827360153198242e-02,2.913179434835910797e-02,5.379511415958404541e-02,1.118496954441070557e-01,1.666916608810424805e-01,-6.935416907072067261e-02,2.224729210138320923e-02,-4.230638965964317322e-02,1.585644483566284180e-01,9.017127007246017456e-02,4.202142357826232910e-02,-6.769971549510955811e-02,2.043996304273605347e-01,1.001187860965728760e-01,1.066715642809867859e-01,2.004728466272354126e-01,2.235009334981441498e-02,1.563995182514190674e-01,1.335736662149429321e-01,2.942800708115100861e-02,1.290760338306427002e-01,4.296742007136344910e-02,1.417620033025741577e-01,1.409976929426193237e-02,-8.422268182039260864e-02,-1.659487932920455933e-01,7.661122828722000122e-03,6.953891366720199585e-02,3.211087733507156372e-02,-9.791382402181625366e-02,4.857293516397476196e-02,7.775973528623580933e-02,4.590715095400810242e-02,5.915651097893714905e-02,2.479084581136703491e-01,9.732420742511749268e-02,1.659750491380691528e-01,-5.309316888451576233e-02,-3.515000268816947937e-02,-6.888674199581146240e-02,8.148012682795524597e-03,-2.793475240468978882e-02,-1.528310962021350861e-02,1.680978536605834961e-01,1.552523672580718994e-01,1.464060395956039429e-01,-1.206816285848617554e-01,4.739777743816375732e-02,-1.126995831727981567e-01,-4.690129309892654419e-02,2.017656117677688599e-01,4.252808541059494019e-02,-5.988464690744876862e-03,-1.450901031494140625e-01,1.348820477724075317e-01,-4.304896574467420578e-04,-6.485274434089660645e-02,1.544606499373912811e-02,1.583141386508941650e-01,1.876334659755229950e-02,-7.588569074869155884e-02,-3.376598656177520752e-02,-7.981663942337036133e-02,1.564928591251373291e-01,7.061277329921722412e-02,1.297235935926437378e-01,6.624009460210800171e-03,-6.422846019268035889e-02,2.564422488212585449e-01,-3.026227355003356934e-01,1.232580095529556274e-01,-4.292717948555946350e-02,-1.158664748072624207e-01,1.361291296780109406e-02,-5.169416312128305435e-03,1.165670007467269897e-01,-8.036007732152938843e-02,3.263328224420547485e-02,-1.103952080011367798e-01,1.516549736261367798e-01,-6.369374692440032959e-02,-9.143541753292083740e-02,-2.229432761669158936e-02,-2.582929283380508423e-02,5.025367438793182373e-02,-9.531815350055694580e-02,7.913513481616973877e-02,1.978076696395874023e-01,1.484592407941818237e-01,4.578636214137077332e-02,7.089678943157196045e-02,-1.256574094295501709e-01,-1.734609603881835938e-01,-2.840582467615604401e-02,-5.513953417539596558e-02,5.245764926075935364e-02,1.888690739870071411e-01,-1.122937798500061035e-01,1.244808733463287354e-01,6.995878368616104126e-02,-7.391455024480819702e-02,-1.695317775011062622e-01,1.395962089300155640e-01,-3.335687797516584396e-03,7.353466004133224487e-02,8.131326735019683838e-02,1.106042228639125824e-02,9.399123489856719971e-03,7.191032916307449341e-02
-5.813345685601234436e-02,-1.996167004108428955e-01,3.044782206416130066e-02,-2.537614665925502777e-02,3.512093052268028259e-02,8.568719774484634399e-02,-7.207079324871301651e-03,-2.647900721058249474e-03,-7.179866731166839600e-02,1.354511231184005737e-01,-1.350911259651184082e-01,6.812211126089096069e-02,-1.000200435519218445e-01,-1.983417384326457977e-02,9.639108926057815552e-02,-3.081207536160945892e-02,4.613995179533958435e-02,-8.710722625255584717e-02,2.184338867664337158e-02,-2.457542903721332550e-02,-5.946517735719680786e-02,3.136866912245750427e-02,-5.638404563069343567e-02,1.355655640363693237e-01,-2.229090481996536255e-01,-1.193130835890769958e-01,2.811770886182785034e-02,8.529239147901535034e-02,-7.848439365625381470e-02,-9.933905303478240967e-02,4.795792698860168457e-02,-1.389729082584381104e-01,-3.928049281239509583e-02,-5.410449579358100891e-02,-2.391376644372940063e-01,1.864116042852401733e-01,-1.100083291530609131e-01,-1.730187535285949707e-01,2.232204377651214600e-02,-9.443996101617813110e-02,-1.882733106613159180e-01,-2.771017141640186310e-02,-3.344894386827945709e-03,-1.037570368498563766e-02,-1.584201157093048096e-01,-2.808668911457061768e-01,-1.855331808328628540e-01,-2.394630908966064453e-01,-2.117332816123962402e-01,-1.885848939418792725e-01,-9.936080873012542725e-02,-9.573994576930999756e-02,1.297186464071273804e-01,1.404087543487548828e-01,4.090970754623413086e-02,2.238580770790576935e-02,1.929299160838127136e-02,5.982239544391632080e-02,2.238364964723587036e-01,5.602702870965003967e-02,1.606078296899795532e-01,1.377221047878265381e-01,-7.267432659864425659e-02,-8.477760851383209229e-02,-3.273792192339897156e-02,1.337108016014099121e-01,2.876522839069366455e-01,3.030278347432613373e-02,7.410264760255813599e-02,-8.307682350277900696e-03,1.156903579831123352e-01,1.375106424093246460e-01,-3.433221206068992615e-02,2.060411311686038971e-02,-4.924006015062332153e-02,1.603097468614578247e-01,8.207847923040390015e-02,4.578485712409019470e-02,2.376237884163856506e-02,3.747240081429481506e-02,-4.167022183537483215e-03,8.766822516918182373e-02,4.752128571271896362e-02,7.287800312042236328e-02,2.677251398563385010e-01,4.403478279709815979e-02,7.831108523532748222e-04,-3.897843509912490845e-02,2.668875083327293396e-02,3.484780788421630859e-01,6.972998380661010742e-02,1.826250702142715454e-01,-4.791059717535972595e-02,-5.827230215072631836e-02,-8.701982349157333374e-02,1.634796857833862305e-01,2.846693852916359901e-03,8.165833353996276855e-02,2.055684104561805725e-02,2.138136886060237885e-02,-3.351107239723205566e-02,3.436077386140823364e-02,-1.929595135152339935e-02,-3.413002192974090576e-02,7.857865095138549805e-02,6.623840332031250000e-02,-1.546744108200073242e-01,6.097066402435302734e-02,3.828181326389312744e-02,-2.029093950986862183e-01,-1.264824438840150833e-02,-1.523414999246597290e-01,-8.585777133703231812e-02,-2.181475758552551270e-01,-5.966301541775465012e-03,5.845468491315841675e-02,-5.801685154438018799e-02,-3.134686127305030823e-02,-2.202139794826507568e-02,-6.204439699649810791e-02,7.207980006933212280e-02,6.666052155196666718e-03,-1.254645437002182007e-01,-3.329935297369956970e-02,-9.139560163021087646e-03,1.934028267860412598e-01,-2.004188299179077148e-02,-5.938086658716201782e-02,1.306165307760238647e-01,3.860725089907646179e-02,5.577053502202033997e-02,-1.918366923928260803e-02,-2.077367901802062988e-02,-2.763603627681732178e-02,-2.972188778221607208e-02,-7.220558077096939087e-02,-3.632183372974395752e-02,3.949220106005668640e-02,4.585542157292366028e-02,-1.375400871038436890e-01,7.007607072591781616e-02,-7.616112381219863892e-02,-9.227902628481388092e-03,-3.321598842740058899e-02,-3.648989647626876831e-02,-1.901999488472938538e-02,-1.675699092447757721e-02,-1.439880877733230591e-01,5.255294591188430786e-02,-7.397373020648956299e-02,-2.115504890680313110e-01,2.859542705118656158e-02,1.492428332567214966e-01,1.593763753771781921e-02,2.044984251260757446e-01,9.917635470628738403e-02,1.435952782630920410e-01,-9.154032170772552490e-02,-1.629856415092945099e-02,5.987986177206039429e-02,1.977799925953149796e-03,-1.175898686051368713e-02,1.307195052504539490e-02,-2.377960681915283203e-01,4.543683305382728577e-02,-1.795226037502288818e-01,-1.082606688141822815e-01,-9.972651302814483643e-02,1.015693023800849915e-01,4.894572123885154724e-02,1.140892654657363892e-01,-6.347793340682983398e-02,-5.984559282660484314e-02,-1.880826056003570557e-01,1.026039794087409973e-01,8.379133790731430054e-02,-2.587369680404663086e-01,8.515512943267822266e-02,-1.022292748093605042e-01,-5.966126453131437302e-03,-1.022626906633377075e-01,-1.447485536336898804e-01,8.293480426073074341e-02
-1.007251739501953125e-01,2.698050253093242645e-02,8.186874538660049438e-02,-7.210636138916015625e-02,-6.345184147357940674e-02,-4.621201753616333008e-02,3.618520870804786682e-02,2.709742188453674316e-01,2.092708460986614227e-02,-2.784272469580173492e-02,-1.632711105048656464e-02,-6.206108257174491882e-02,5.520865693688392639e-02,3.531968593597412109e-02,-1.392231881618499756e-01,-6.005053408443927765e-03,-1.222448870539665222e-01,1.347603742033243179e-02,-5.647871270775794983e-02,8.043925277888774872e-03,-3.905616700649261475e-02,-5.441198870539665222e-02,-7.112350314855575562e-02,5.816327035427093506e-02,-7.298782467842102051e-02,3.561614081263542175e-02,8.261379599571228027e-02,-1.496285852044820786e-02,-8.921764791011810303e-02,7.879198528826236725e-03,-2.039681654423475266e-03,1.080863876268267632e-03,4.808321222662925720e-02,7.200837135314941406e-02,1.942646317183971405e-02,-5.825485289096832275e-02,-2.123704105615615845e-01,-3.867401182651519775e-02,6.138551607728004456e-02,1.189638450741767883e-01,1.304336488246917725e-01,-1.004633381962776184e-01,1.387492418289184570e-01,-2.141685336828231812e-01,7.996231317520141602e-02,1.362911164760589600e-01,2.129920013248920441e-02,7.265716046094894409e-02,6.095673516392707825e-02,-4.566763341426849365e-02,6.188080087304115295e-02,1.268603652715682983e-01,-5.985031649470329285e-02,1.044406145811080933e-01,3.748151706531643867e-03,-1.203928291797637939e-01,-4.061185941100120544e-02,1.305226087570190430e-01,-5.262227728962898254e-02,-8.454085141420364380e-02,3.288565576076507568e-02,-2.045474350452423096e-01,2.112955972552299500e-02,6.196628324687480927e-03,-1.230379939079284668e-01,7.975956052541732788e-02,-4.676790162920951843e-02,-8.083375170826911926e-03,1.651583164930343628e-01,-1.060085073113441467e-01,-5.866014957427978516e-02,9.336109273135662079e-03,-1.292756795883178711e-01,-1.144153699278831482e-01,4.171627014875411987e-02,1.070777028799057007e-01,7.463315129280090332e-02,8.523314446210861206e-02,1.690294221043586731e-02,-3.010597825050354004e-01,4.982307553291320801e-02,3.453289344906806946e-02,3.979549556970596313e-02,3.176590055227279663e-02,-7.274020463228225708e-02,6.150838918983936310e-03,-3.819279745221138000e-02,-7.990715652704238892e-02,-1.002169772982597351e-01,-1.864738762378692627e-01,2.482365444302558899e-02,3.142090514302253723e-02,5.051586031913757324e-02,-1.467356085777282715e-01,1.347641199827194214e-01,-1.406213082373142242e-02,-1.108064725995063782e-01,2.168289572000503540e-02,1.561842709779739380e-01,1.245564501732587814e-02,1.434013992547988892e-01,1.624520868062973022e-01,3.452378883957862854e-02,-3.412747383117675781e-02,-3.087610304355621338e-01,-1.650502681732177734e-01,1.896709203720092773e-02,2.354839630424976349e-02,1.277539581060409546e-01,9.016127139329910278e-02,1.138780117034912109e-01,1.548364991322159767e-03,6.585741788148880005e-02,-9.623450040817260742e-02,1.098212525248527527e-01,-8.539873361587524414e-02,2.635048702359199524e-02,-4.029307886958122253e-02,7.904059439897537231e-02,4.821990057826042175e-02,3.221461921930313110e-02,-2.073896080255508423e-01,5.108218267560005188e-02,8.789280802011489868e-02,2.152760513126850128e-02,1.974950879812240601e-01,-1.285369843244552612e-01,-2.559446729719638824e-02,1.639860868453979492e-01,9.382822364568710327e-02,1.118585467338562012e-01,-1.046637445688247681e-01,6.745686382055282593e-02,7.741037011146545410e-02,1.141251549124717712e-01,1.991571299731731415e-02,-6.915041059255599976e-02,-3.164013475179672241e-02,-1.333625335246324539e-02,-2.178059890866279602e-02,-7.845984399318695068e-02,-1.100585088133811951e-01,3.766586631536483765e-02,1.415624916553497314e-01,-6.240055337548255920e-02,1.354749351739883423e-01,8.308678120374679565e-02,-8.575434982776641846e-02,4.513466730713844299e-02,-4.447045177221298218e-02,3.959787264466285706e-02,-7.400488108396530151e-02,1.541208773851394653e-01,2.605569735169410706e-02,7.435116451233625412e-03,-1.709634996950626373e-02,3.165322914719581604e-02,-1.569886207580566406e-01,3.152390941977500916e-02,7.607842236757278442e-02,5.209138244390487671e-02,8.095028996467590332e-02,-1.888121515512466431e-01,2.134586125612258911e-02,6.526942551136016846e-02,-1.441573947668075562e-01,4.598685726523399353e-02,-2.004656940698623657e-01,1.139127463102340698e-01,2.696930617094039917e-02,1.041257008910179138e-02,-1.336733251810073853e-01,-1.376128941774368286e-01,7.130167633295059204e-02,-1.070331335067749023e-01,1.925532966852188110e-01,1.252473443746566772e-01,-8.026178926229476929e-02,5.376455932855606079e-02,1.639493554830551147e-01,-1.335907448083162308e-02,-1.933837193064391613e-03,-1.273377835750579834e-01
5.497385933995246887e-02,1.333332359790802002e-01,-1.861335784196853638e-01,-3.421469330787658691e-01,-3.539411425590515137e-01,-2.784735262393951416e-01,-3.510031402111053467e-01,3.949068859219551086e-02,2.609127201139926910e-02,-2.356814593076705933e-01,-4.628604948520660400e-01,-1.836125850677490234e-01,-1.793202906847000122e-01,-8.368260413408279419e-02,-1.337220072746276855e-01,6.895532831549644470e-03,-1.905372180044651031e-02,8.446113765239715576e-02,3.263402357697486877e-02,4.803873598575592041e-02,1.181322857737541199e-01,1.088763549923896790e-01,-1.230409368872642517e-02,1.379040777683258057e-01,7.481400854885578156e-03,-4.172354005277156830e-03,2.595936134457588196e-02,2.248616702854633331e-02,-8.542371541261672974e-02,8.587539941072463989e-02,-6.959605962038040161e-02,-2.808340266346931458e-02,7.582177221775054932e-02,2.348044365644454956e-01,1.280734837055206299e-01,7.144783437252044678e-02,-1.746960431337356567e-01,-2.478355616331100464e-01,-1.171806678175926208e-01,-2.462832927703857422e-01,-2.228675484657287598e-01,-7.090541720390319824e-01,-3.658552765846252441e-01,-4.110458791255950928e-01,-3.782068192958831787e-01,-4.691779911518096924e-01,-2.280921190977096558e-01,-1.128663420677185059e-01,-1.305867880582809448e-01,1.046371459960937500e-01,5.847151279449462891e-01,6.550319194793701172e-01,6.451035737991333008e-01,9.931830763816833496e-01,4.629892706871032715e-01,-9.103135764598846436e-02,-3.921075463294982910e-01,-8.993667960166931152e-01,-7.409124970436096191e-01,-6.303495168685913086e-01,-4.588363170623779297e-01,-1.472444534301757812e-01,7.440834492444992065e-02,1.562766283750534058e-01,2.202089317142963409e-02,-8.105818927288055420e-02,-4.751740954816341400e-03,1.047322824597358704e-01,2.444978058338165283e-01,1.115925461053848267e-01,-2.175084082409739494e-03,4.817213397473096848e-03,2.254736982285976410e-02,6.940107792615890503e-02,1.161945834755897522e-01,1.307330187410116196e-02,-8.104107528924942017e-02,-2.131392434239387512e-02,-1.578062325716018677e-01,-2.014014869928359985e-01,-1.400833129882812500e-01,-2.409153617918491364e-03,-4.749197140336036682e-02,5.220016092061996460e-02,6.279415637254714966e-02,-8.875455707311630249e-02,3.543300926685333252e-02,-1.330080926418304443e-01,1.412743777036666870e-01,7.761656492948532104e-02,-3.092282079160213470e-02,-2.687054686248302460e-02,-3.875730186700820923e-02,4.388106241822242737e-02,-5.347102135419845581e-02,-4.982337355613708496e-02,1.174876093864440918e-01,2.600429654121398926e-01,9.297636896371841431e-02,1.401249766349792480e-01,1.922075003385543823e-01,9.252693504095077515e-02,8.856706321239471436e-02,3.986117616295814514e-02,2.661801641806960106e-03,1.178197041153907776e-01,-2.741732075810432434e-02,5.783936381340026855e-02,5.416138097643852234e-02,-8.030500262975692749e-03,1.715832576155662537e-02,5.008120834827423096e-02,1.451590061187744141e-01,5.649768933653831482e-02,-4.746095091104507446e-02,9.125979244709014893e-02,1.379286032170057297e-02,9.307511895895004272e-02,7.656647264957427979e-02,1.270899325609207153e-01,-3.203407395631074905e-03,-1.414892375469207764e-01,9.611543267965316772e-03,7.866607606410980225e-02,-3.952297195792198181e-02,-2.413679100573062897e-02,7.326975464820861816e-02,-2.356199920177459717e-02,-1.034214422106742859e-01,-1.035476997494697571e-01,6.718816608190536499e-02,-1.284726243466138840e-02,5.958945304155349731e-02,5.689570307731628418e-02,9.673752635717391968e-02,-7.700001355260610580e-03,1.002628877758979797e-01,-3.280221298336982727e-02,-4.282642900943756104e-02,-4.685225337743759155e-02,-2.796019241213798523e-02,5.192640796303749084e-02,-8.587258867919445038e-03,3.327221795916557312e-02,9.841860830783843994e-02,3.296194225549697876e-02,7.201299071311950684e-02,2.151389233767986298e-02,9.915159642696380615e-02,-1.349907815456390381e-01,-6.129772216081619263e-02,4.220331832766532898e-02,2.670174837112426758e-02,-6.263551861047744751e-02,5.478039756417274475e-02,9.615535289049148560e-02,-7.403619587421417236e-02,1.836793869733810425e-02,-7.109508663415908813e-02,-2.211559750139713287e-02,2.133589796721935272e-02,-1.913431659340858459e-02,2.989926934242248535e-02,-3.369731083512306213e-02,-5.552587285637855530e-02,-6.544299423694610596e-02,-1.251669228076934814e-01,5.021630972623825073e-02,-1.781551167368888855e-02,2.222953364253044128e-02,1.632670126855373383e-02,-5.279069393873214722e-02,8.130709081888198853e-02,1.097887158393859863e-01,1.457432191818952560e-02,-1.396356970071792603e-01,-2.643694914877414703e-02,-6.629769224673509598e-03,-1.498076692223548889e-02,1.073255911469459534e-01,3.756926581263542175e-02,-4.256095737218856812e-02,1.280115842819213867e-01
-4.831703845411539078e-03,-1.791123114526271820e-02,1.330033410340547562e-03,1.397267580032348633e-01,1.181286796927452087e-01,-3.211007118225097656e-01,1.648598611354827881e-01,-1.730636507272720337e-01,-5.603477358818054199e-02,1.279061585664749146e-01,8.017238229513168335e-02,4.589577391743659973e-02,9.101580083370208740e-02,1.931234598159790039e-01,1.589045822620391846e-01,3.271454479545354843e-03,5.716801807284355164e-02,4.566734284162521362e-02,-4.492617398500442505e-02,1.199304088950157166e-01,9.532783180475234985e-02,-2.152946144342422485e-01,-1.695866882801055908e-02,-2.448151446878910065e-02,-9.268561005592346191e-02,-4.817101731896400452e-02,-7.795601338148117065e-02,-5.833983048796653748e-02,-1.619743406772613525e-01,-1.255474402569234371e-03,4.026146605610847473e-02,3.045099973678588867e-02,-1.580072683282196522e-03,2.303089201450347900e-02,-1.233701854944229126e-01,1.322953552007675171e-01,-6.873056292533874512e-02,-3.255706652998924255e-02,2.040871419012546539e-02,-1.997752860188484192e-02,-9.737349301576614380e-02,1.460826843976974487e-01,2.920702658593654633e-02,7.721237838268280029e-02,-2.122417390346527100e-01,-1.491566598415374756e-01,-4.237364232540130615e-02,-1.065739020705223083e-01,-7.399830222129821777e-02,1.422984749078750610e-01,1.203635409474372864e-01,8.948671817779541016e-02,-7.818517088890075684e-02,1.073908433318138123e-01,1.882909834384918213e-01,-1.901897601783275604e-02,-6.467185914516448975e-02,-2.564462833106517792e-02,1.523971855640411377e-01,3.312293812632560730e-02,6.955101341009140015e-02,7.949326187372207642e-02,-7.377621531486511230e-02,-1.047573387622833252e-01,1.788323931396007538e-02,-1.448523402214050293e-01,-5.956484377384185791e-02,-8.932008594274520874e-02,-1.334997415542602539e-01,-1.970806866884231567e-01,-1.754418164491653442e-01,-4.286109283566474915e-02,-1.092146895825862885e-02,6.634596735239028931e-02,-8.165165036916732788e-02,2.148725651204586029e-02,9.676704555749893188e-02,9.653460979461669922e-02,-6.612010765820741653e-03,-7.219562539830803871e-04,-1.635946892201900482e-02,-8.684764802455902100e-02,-1.814927309751510620e-01,5.001363530755043030e-02,1.569617353379726410e-02,-6.208363920450210571e-02,-5.574684962630271912e-02,-1.049439236521720886e-01,2.424211502075195312e-01,8.818004280328750610e-02,-1.740909069776535034e-01,-1.548266857862472534e-01,-5.228205025196075439e-02,1.746532171964645386e-01,6.048117205500602722e-02,-6.266281008720397949e-03,-8.805304020643234253e-02,-4.854896292090415955e-02,-1.298273801803588867e-01,-1.743887215852737427e-01,-4.198116809129714966e-02,-5.383782088756561279e-02,-1.287547200918197632e-01,-5.378168076276779175e-02,-7.954958826303482056e-02,-4.928079620003700256e-02,9.044270962476730347e-02,-1.699014306068420410e-01,1.837065219879150391e-01,-6.203296035528182983e-02,2.554202452301979065e-02,-3.960477933287620544e-02,1.611786335706710815e-01,8.679297566413879395e-02,1.040442138910293579e-01,1.546885967254638672e-01,-1.300153322517871857e-02,3.814319893717765808e-02,5.925497785210609436e-02,1.556769907474517822e-01,1.294841766357421875e-01,9.079345315694808960e-02,5.221278592944145203e-02,1.044803485274314880e-01,-1.249426603317260742e-02,1.297640800476074219e-01,6.235682591795921326e-02,-1.257643252611160278e-01,-1.360020041465759277e-02,-3.741757199168205261e-02,2.233749032020568848e-01,4.115068539977073669e-02,1.122563108801841736e-01,-5.224147066473960876e-02,8.462971448898315430e-02,-3.819927340373396873e-03,1.492594778537750244e-01,-6.685649603605270386e-02,7.581710070371627808e-02,-6.935267150402069092e-02,-5.315481498837471008e-02,-1.592956855893135071e-02,-1.263963431119918823e-01,1.744801700115203857e-01,1.308706868439912796e-02,3.060624375939369202e-02,1.592944003641605377e-02,8.451879769563674927e-02,2.253771759569644928e-02,8.211708068847656250e-02,6.359416246414184570e-02,-2.774368971586227417e-02,1.054185722023248672e-02,-1.152427867054939270e-01,-5.597899109125137329e-02,-9.941916912794113159e-03,3.829780220985412598e-01,4.456894472241401672e-03,5.370522290468215942e-02,1.072627055691555142e-04,-1.952212452888488770e-01,-6.308223307132720947e-02,-2.073251176625490189e-03,2.446723170578479767e-02,-2.123736543580889702e-03,3.766775131225585938e-02,2.713751979172229767e-02,-8.212343603372573853e-02,-9.286432713270187378e-02,1.151427701115608215e-01,1.720882765948772430e-02,2.919775247573852539e-02,4.952494427561759949e-02,3.042156249284744263e-02,-1.260795146226882935e-01,-8.917256258428096771e-03,1.646768115460872650e-02,2.309588193893432617e-01,7.849246263504028320e-02,2.991698915138840675e-03,2.177615761756896973e-01,1.181140914559364319e-01,1.390513591468334198e-02
-2.042084336280822754e-01,-7.049307227134704590e-02,6.921325344592332840e-03,-2.871966222301125526e-03,-5.677152052521705627e-02,-4.784934595227241516e-02,1.326078921556472778e-02,-5.766919627785682678e-02,2.384479790925979614e-01,-1.224793344736099243e-01,-2.541385963559150696e-02,-7.203210145235061646e-02,7.114393264055252075e-02,4.448760300874710083e-02,-5.827002972364425659e-02,-3.094767965376377106e-02,-1.871265470981597900e-01,3.407069668173789978e-02,9.448771923780441284e-02,2.260534651577472687e-02,5.262644961476325989e-02,-1.618621051311492920e-01,-5.659926682710647583e-02,-9.378620982170104980e-02,1.723540946841239929e-02,-2.978922240436077118e-02,-1.302041411399841309e-01,-1.812354624271392822e-01,7.586034387350082397e-02,-2.407643347978591919e-01,-9.144767373800277710e-02,-6.310313940048217773e-02,-2.282622084021568298e-02,-1.642097979784011841e-01,-7.391068339347839355e-02,2.490183711051940918e-02,-2.923596501350402832e-01,-2.682484127581119537e-02,-8.646263927221298218e-02,-3.462581336498260498e-02,2.175232917070388794e-01,-1.595520526170730591e-01,8.558677136898040771e-02,1.041512638330459595e-01,-9.014660120010375977e-02,-8.221931010484695435e-02,1.143665611743927002e-01,-8.135609328746795654e-02,-1.417935192584991455e-01,-1.791365295648574829e-01,-1.663554459810256958e-01,-1.383161693811416626e-01,-7.867516577243804932e-02,5.256907641887664795e-02,7.849973440170288086e-02,1.637531667947769165e-01,1.271533071994781494e-01,-1.955105736851692200e-02,-4.615818616002798080e-03,-6.484670937061309814e-02,-1.167226955294609070e-01,-6.836411356925964355e-02,-3.509610146284103394e-02,-1.024622842669487000e-01,-3.970513865351676941e-02,-1.255945712327957153e-01,2.732159197330474854e-02,-5.033902078866958618e-02,-1.344922035932540894e-01,-1.227182219736278057e-04,-2.108136005699634552e-02,1.039266064763069153e-01,-3.559457883238792419e-02,1.816370934247970581e-01,-5.314308032393455505e-02,-3.246605396270751953e-02,5.403157323598861694e-02,1.108331382274627686e-01,-2.984406054019927979e-01,1.739598438143730164e-02,1.211060881614685059e-01,-3.439239040017127991e-02,1.382568478584289551e-01,-8.551233261823654175e-02,2.042481601238250732e-01,1.066598445177078247e-01,1.091050636023283005e-02,1.005050316452980042e-01,-3.546491498127579689e-03,-6.092551723122596741e-02,1.130564808845520020e-01,1.289073228836059570e-01,2.131544798612594604e-02,1.636059284210205078e-01,-7.798076421022415161e-02,2.872389182448387146e-02,2.143544852733612061e-01,2.156630717217922211e-02,3.183411434292793274e-02,3.869375959038734436e-02,1.636655181646347046e-01,-7.779274135828018188e-02,1.477710753679275513e-01,-2.428711205720901489e-02,-4.974799975752830505e-02,2.492631524801254272e-01,8.450198918581008911e-02,1.615735888481140137e-02,1.841482706367969513e-02,7.103581726551055908e-02,1.917093619704246521e-02,1.423147618770599365e-01,4.297199845314025879e-02,-7.534297555685043335e-02,-6.124496087431907654e-02,-1.349896471947431564e-02,-1.083661764860153198e-01,6.496141199022531509e-03,1.734983623027801514e-01,-3.787298500537872314e-02,2.464520558714866638e-02,1.229963228106498718e-01,6.210251152515411377e-02,1.254616491496562958e-02,1.713978350162506104e-01,1.457813084125518799e-01,2.283469289541244507e-01,4.320668056607246399e-03,4.719955101609230042e-02,-1.577692776918411255e-01,3.486157953739166260e-02,6.377588957548141479e-02,-9.977664053440093994e-02,1.743114441633224487e-01,-9.488198906183242798e-03,1.364232599735260010e-01,3.800645470619201660e-02,-7.240223884582519531e-02,8.477293699979782104e-02,-1.144408434629440308e-01,-2.368237674236297607e-01,1.536676138639450073e-01,5.737184360623359680e-02,-1.126914378255605698e-02,7.130446285009384155e-02,-2.066442556679248810e-02,6.432686001062393188e-02,5.605022981762886047e-02,3.529125079512596130e-02,3.867253661155700684e-02,6.815185188315808773e-04,1.979090273380279541e-01,1.596700996160507202e-01,3.159748390316963196e-03,1.787837296724319458e-01,3.616059257183223963e-04,-1.465985830873250961e-02,-9.303796105086803436e-03,-2.935846336185932159e-02,-7.772006094455718994e-02,-8.100640028715133667e-02,1.203895360231399536e-01,1.916772574186325073e-01,1.189248636364936829e-02,-3.762466087937355042e-02,6.227490957826375961e-03,6.440626084804534912e-02,6.157763767987489700e-03,1.002651229500770569e-01,1.239031031727790833e-01,-3.142987191677093506e-02,5.032976344227790833e-02,4.588340967893600464e-02,5.463024601340293884e-02,8.228489756584167480e-02,6.462527811527252197e-02,-1.743946522474288940e-01,4.507264494895935059e-02,-2.792616188526153564e-02,-1.772599071264266968e-01,-6.416405737400054932e-02,-1.245968975126743317e-02,-8.919040113687515259e-02
-8.729307353496551514e-02,-5.610334128141403198e-02,1.478784233331680298e-01,-1.125600710511207581e-01,1.559050232172012329e-01,1.735569834709167480e-01,6.508497893810272217e-02,-1.353435590863227844e-02,2.490346087142825127e-04,-3.559536859393119812e-02,-9.799600392580032349e-02,6.532680243253707886e-02,-1.717173866927623749e-02,5.157053004950284958e-03,4.768225923180580139e-02,-1.274407505989074707e-01,-1.416251659393310547e-01,-7.867436856031417847e-02,9.699634462594985962e-02,-4.244207218289375305e-02,-1.907843910157680511e-02,-1.222313866019248962e-01,-1.055518537759780884e-01,1.022416725754737854e-01,1.429522875696420670e-03,-1.399226933717727661e-01,7.768864184617996216e-02,-2.734189853072166443e-03,-1.017311438918113708e-01,-1.654385961592197418e-02,1.061770468950271606e-01,5.942540243268013000e-02,1.245682506123557687e-05,2.714204788208007812e-02,6.077078357338905334e-02,8.040288090705871582e-02,-2.687560953199863434e-02,-8.664984256029129028e-02,-6.330638378858566284e-02,-1.641155965626239777e-02,3.247585892677307129e-02,-9.615354984998703003e-02,-8.796208351850509644e-02,-1.050120890140533447e-01,1.703585982322692871e-01,8.479176461696624756e-02,-1.130457501858472824e-02,7.686681300401687622e-02,-2.186146192252635956e-02,-1.489244103431701660e-01,-4.008262977004051208e-02,2.391109708696603775e-03,3.989100456237792969e-02,-1.058438327163457870e-03,1.761328876018524170e-01,3.679601848125457764e-02,1.050492227077484131e-01,-1.448802202939987183e-01,-3.545237006619572639e-03,1.535382717847824097e-01,1.398730725049972534e-01,-9.452142566442489624e-02,1.066155210137367249e-01,1.003382876515388489e-01,-2.006915025413036346e-02,5.081064254045486450e-02,7.959783822298049927e-02,-5.696422979235649109e-02,-9.555192291736602783e-02,1.515897661447525024e-01,-1.942946016788482666e-02,6.401940435171127319e-02,5.876259878277778625e-02,1.784078776836395264e-01,1.536037474870681763e-01,-2.452599108219146729e-01,3.442787751555442810e-02,1.780170500278472900e-01,7.586804777383804321e-02,2.047422230243682861e-01,-6.250108033418655396e-02,6.044948101043701172e-02,2.771586738526821136e-02,1.147272586822509766e-01,5.466788634657859802e-02,-2.331997081637382507e-02,8.924160152673721313e-02,-5.805977806448936462e-02,1.564723849296569824e-01,-1.700428426265716553e-01,-5.908117070794105530e-02,7.571762055158615112e-02,2.628999296575784683e-03,-8.972545713186264038e-02,1.377255655825138092e-02,-1.422789413481950760e-02,3.432882204651832581e-02,3.862116485834121704e-02,8.646127581596374512e-02,-1.555847972631454468e-01,2.698523178696632385e-02,3.024988994002342224e-02,4.163423925638198853e-02,6.059473752975463867e-02,1.273794770240783691e-01,1.303621451370418072e-03,1.476531177759170532e-01,-4.797417670488357544e-02,-5.856516212224960327e-02,-1.018197089433670044e-01,-4.956210777163505554e-02,6.478720158338546753e-02,2.291612923145294189e-01,4.561794921755790710e-03,-1.571142077445983887e-01,-2.868866175413131714e-02,1.158189773559570312e-01,-2.247285842895507812e-02,-7.282009720802307129e-02,-3.320770338177680969e-03,-1.324857473373413086e-01,-8.409919589757919312e-02,2.564947120845317841e-02,-3.306907415390014648e-02,-2.746913954615592957e-02,-3.080587089061737061e-02,1.486134082078933716e-01,1.150513812899589539e-01,-2.661373838782310486e-02,5.342898145318031311e-02,-1.902548372745513916e-01,-1.074527725577354431e-01,-5.869999155402183533e-02,1.622992381453514099e-02,2.450118362903594971e-01,-1.941662281751632690e-01,2.001281678676605225e-01,5.745751410722732544e-02,5.140025541186332703e-02,-6.899616867303848267e-02,-2.699765563011169434e-02,-8.043046295642852783e-02,-1.205555647611618042e-01,1.284182770177721977e-03,6.994272023439407349e-02,-1.007561236619949341e-01,-8.575760573148727417e-02,-7.027329504489898682e-02,2.497987002134323120e-01,3.376119956374168396e-02,-6.191699206829071045e-02,-1.691897772252559662e-02,4.854762926697731018e-02,1.054016500711441040e-01,-1.223189290612936020e-02,-1.480168253183364868e-01,2.212832868099212646e-01,6.829827278852462769e-02,1.536106169223785400e-01,-6.984139978885650635e-02,1.025998033583164215e-02,8.458632230758666992e-02,-4.561074450612068176e-02,-1.676284149289131165e-02,-2.223723940551280975e-02,-4.980463534593582153e-02,-9.655825048685073853e-02,1.433925628662109375e-01,1.191806513816118240e-02,1.591124087572097778e-01,-4.500896483659744263e-02,2.318028174340724945e-02,7.309661060571670532e-02,7.886413484811782837e-02,-2.300742827355861664e-02,8.278919756412506104e-02,-4.642774909734725952e-02,-7.796253263950347900e-02,1.141814440488815308e-01,5.043074116110801697e-02,1.049685254693031311e-01,-2.475379034876823425e-02,-4.878440871834754944e-02
9.239180944859981537e-03,8.996816724538803101e-02,1.469541192054748535e-01,-3.577602654695510864e-02,-1.994654536247253418e-01,9.632690995931625366e-02,-8.074825257062911987e-02,1.548667103052139282e-01,1.371723599731922150e-02,-2.916768938302993774e-02,-3.251974657177925110e-02,-7.024054229259490967e-02,5.343810841441154480e-02,5.636928603053092957e-02,7.277480512857437134e-02,-1.039322186261415482e-02,1.418408155441284180e-01,1.240640878677368164e-02,-1.130265556275844574e-02,1.028079167008399963e-01,2.111597172915935516e-02,5.089905858039855957e-02,-5.314934626221656799e-02,-7.550545781850814819e-02,-2.165987715125083923e-02,1.824348568916320801e-01,1.307937204837799072e-01,1.733075012452900410e-03,1.144547760486602783e-01,-1.207635104656219482e-01,-1.511804163455963135e-01,-9.405877441167831421e-03,-1.963174715638160706e-02,6.388600915670394897e-02,-2.124945670366287231e-01,-1.162433922290802002e-01,-1.148332562297582626e-02,-8.222395181655883789e-02,1.469213515520095825e-01,2.568903267383575439e-01,-1.987711489200592041e-01,8.777928352355957031e-02,1.432019323110580444e-01,-9.257213212549686432e-03,-1.541541703045368195e-02,1.593534946441650391e-01,4.374462738633155823e-02,1.211044564843177795e-01,2.943131625652313232e-01,1.031282022595405579e-01,1.179521009325981140e-01,2.517964839935302734e-01,1.778342276811599731e-01,9.799187630414962769e-02,2.145535051822662354e-01,2.692242152988910675e-02,1.223997697234153748e-01,-5.943704163655638695e-04,1.955992728471755981e-01,-7.594361156225204468e-02,-5.073440447449684143e-02,1.591462269425392151e-02,9.010361880064010620e-02,1.035697385668754578e-01,-2.767492458224296570e-02,-2.131246961653232574e-02,2.856159210205078125e-01,-1.049003330990672112e-03,6.458594650030136108e-02,9.843557327985763550e-02,2.562590539455413818e-01,1.082793548703193665e-01,9.999117255210876465e-02,4.333478864282369614e-03,-3.473183512687683105e-02,1.038856953382492065e-01,7.021521031856536865e-02,-4.266571626067161560e-02,-9.703318029642105103e-02,9.655775874853134155e-02,-1.850919914431869984e-03,-6.882387399673461914e-02,-9.171269834041595459e-02,2.014295756816864014e-01,1.740080118179321289e-01,1.895534694194793701e-01,2.214264273643493652e-01,1.293576955795288086e-01,1.672229915857315063e-01,-3.872277587652206421e-02,1.971584558486938477e-01,2.192311286926269531e-01,5.294621363282203674e-02,1.244469434022903442e-01,1.749703139066696167e-01,-1.112541630864143372e-01,1.065510809421539307e-01,-4.405903629958629608e-03,1.323606371879577637e-01,2.247771471738815308e-01,2.996162474155426025e-01,1.734865754842758179e-01,-5.225933343172073364e-02,1.795203834772109985e-01,-1.202752999961376190e-02,-8.370508253574371338e-02,1.064430773258209229e-01,-1.297683920711278915e-03,1.052634567022323608e-01,1.931302696466445923e-01,3.782944008708000183e-02,1.098783239722251892e-01,-1.589350551366806030e-01,2.268310487270355225e-01,-1.862852647900581360e-02,-3.344197571277618408e-02,2.751405537128448486e-02,1.287952512502670288e-01,-4.646249487996101379e-02,-4.978694766759872437e-02,1.109307035803794861e-01,5.066278576850891113e-02,1.947039738297462463e-02,9.975375607609748840e-03,1.607143580913543701e-01,-9.594321250915527344e-02,9.516931325197219849e-02,-8.289018273353576660e-02,-6.656643003225326538e-02,-1.734785735607147217e-02,2.735741734504699707e-01,-1.002166643738746643e-01,9.261780977249145508e-02,-4.101647064089775085e-02,5.051223933696746826e-02,6.343796849250793457e-02,-5.403768736869096756e-03,2.388509921729564667e-02,5.181916058063507080e-02,2.022321969270706177e-01,1.571025401353836060e-01,-4.089225083589553833e-02,-8.060435205698013306e-02,-1.639814078807830811e-01,2.570472955703735352e-01,5.505605414509773254e-02,6.515102088451385498e-02,4.016292840242385864e-02,1.795632988214492798e-01,4.210649058222770691e-02,-6.913275271654129028e-02,2.391556352376937866e-01,3.224401175975799561e-02,1.747814416885375977e-01,4.705727845430374146e-02,-3.103522118180990219e-03,1.073631420731544495e-01,1.001527756452560425e-01,7.480348646640777588e-02,-4.957775771617889404e-02,1.223518922924995422e-01,-2.064779847860336304e-01,-2.486681798473000526e-03,-1.157197169959545135e-02,1.669836044311523438e-01,-7.387761026620864868e-02,-3.679326176643371582e-02,-1.507057249546051025e-01,-3.591047227382659912e-02,9.921791404485702515e-02,-2.836397662758827209e-02,8.427493274211883545e-02,1.882836818695068359e-01,5.116140469908714294e-02,-1.057875924743711948e-03,1.201920509338378906e-01,4.256306588649749756e-02,-1.211415790021419525e-02,7.503591477870941162e-02,1.549080312252044678e-01,-8.049033582210540771e-02,-1.680982559919357300e-01,5.104638263583183289e-02
-7.569854706525802612e-02,1.496885418891906738e-01,-1.961807459592819214e-01,2.812157571315765381e-02,1.088407635688781738e-02,-1.910916762426495552e-03,7.468435168266296387e-02,1.722006350755691528e-01,-6.119231507182121277e-02,1.379704624414443970e-01,7.035128772258758545e-02,1.472553461790084839e-01,-1.274249851703643799e-01,1.604527831077575684e-01,-1.029909774661064148e-01,-3.300422802567481995e-02,-1.337105873972177505e-02,8.367098122835159302e-02,1.406372785568237305e-01,1.797985881567001343e-01,-3.571328474208712578e-03,1.453166827559471130e-02,1.848808117210865021e-02,-1.499346643686294556e-01,2.578651905059814453e-02,-1.400189753621816635e-02,1.466797888278961182e-01,1.004685461521148682e-02,5.032542347908020020e-02,-7.046557217836380005e-02,1.394024938344955444e-01,-3.002745099365711212e-02,-1.254629194736480713e-01,-1.429572254419326782e-01,-1.387749761343002319e-01,7.917559146881103516e-02,-3.260974213480949402e-02,4.922510683536529541e-02,-2.558403462171554565e-02,-2.187618911266326904e-01,1.719557344913482666e-01,1.247350946068763733e-01,-9.858434647321701050e-02,-2.293837368488311768e-01,6.022039055824279785e-02,-4.626773670315742493e-02,-8.730264380574226379e-03,-2.203892916440963745e-02,2.435660660266876221e-01,5.771927163004875183e-02,-5.098371580243110657e-02,7.645238190889358521e-02,3.308891877532005310e-02,-9.795980527997016907e-03,-1.025300770998001099e-01,-9.741977602243423462e-02,2.937228977680206299e-01,1.012982148677110672e-02,-2.589065022766590118e-02,1.041344553232192993e-01,-1.107792183756828308e-01,-4.664304852485656738e-02,1.265404820442199707e-01,2.950127981603145599e-02,4.575931280851364136e-02,-1.335502266883850098e-01,3.815253078937530518e-02,-1.934063285589218140e-01,6.693741679191589355e-02,-7.562713325023651123e-02,-8.161292970180511475e-02,-1.512532085180282593e-01,-1.641706526279449463e-01,3.826794272754341364e-04,-8.144846558570861816e-02,-7.574123144149780273e-02,-2.016743458807468414e-02,1.721963845193386078e-02,8.480950258672237396e-03,5.518565699458122253e-02,2.362932637333869934e-02,-3.015317581593990326e-02,3.265080600976943970e-02,8.085316047072410583e-03,-8.053376525640487671e-02,-1.018052399158477783e-01,-1.116003766655921936e-01,2.060796469449996948e-01,-7.476876676082611084e-02,-9.737559594213962555e-03,-4.952567815780639648e-02,-1.184967532753944397e-01,-7.049015909433364868e-02,-1.510264724493026733e-01,-3.305417299270629883e-02,1.240750178694725037e-01,-1.010560914874076843e-01,-5.198107287287712097e-02,-1.047158166766166687e-01,-1.232501771301031113e-02,-7.395428139716386795e-03,1.812513470649719238e-01,-1.292456984519958496e-01,-6.025440990924835205e-02,-2.290371060371398926e-02,8.370879292488098145e-02,-5.796432122588157654e-02,-8.730170130729675293e-02,-3.833936154842376709e-02,-4.955972731113433838e-02,-2.505064569413661957e-02,4.455768968909978867e-03,-1.793399006128311157e-01,4.378603026270866394e-02,3.961617872118949890e-02,-7.672293111681938171e-03,1.106612086296081543e-01,-5.063014104962348938e-02,-9.672220051288604736e-02,1.119686067104339600e-01,7.868253439664840698e-02,1.265661120414733887e-01,-7.006693631410598755e-02,1.443330645561218262e-01,-1.681285798549652100e-01,1.056791841983795166e-02,-1.610806733369827271e-01,1.129708513617515564e-01,8.816533535718917847e-02,2.630500122904777527e-03,6.934192031621932983e-02,-3.347620368003845215e-01,5.639644712209701538e-02,-7.552422583103179932e-02,7.277050614356994629e-02,-1.596521586179733276e-02,-6.319292820990085602e-03,5.357486195862293243e-03,-8.848656713962554932e-02,2.905560098588466644e-02,-1.842595450580120087e-02,-1.274905353784561157e-01,8.695517480373382568e-02,-2.699200250208377838e-02,8.133305609226226807e-02,6.595402210950851440e-02,4.295524675399065018e-03,1.146356984972953796e-01,2.112465910613536835e-02,-6.398431211709976196e-02,8.614727109670639038e-02,1.110083386301994324e-01,1.618774235248565674e-01,-3.850523382425308228e-02,5.108526349067687988e-02,-1.287669502198696136e-02,-2.055660448968410492e-02,-3.150032460689544678e-02,1.035829856991767883e-01,7.431954145431518555e-02,3.690586611628532410e-02,-1.258084326982498169e-01,4.710434749722480774e-02,1.040596887469291687e-01,9.684268385171890259e-02,-1.475460082292556763e-01,1.280243974179029465e-02,3.330114111304283142e-02,5.807840079069137573e-02,3.660549595952033997e-02,2.209149152040481567e-01,-6.696820259094238281e-02,-5.615851655602455139e-02,-5.288728978484869003e-03,-5.376374721527099609e-02,9.143837541341781616e-02,1.922279298305511475e-01,-1.343534141778945923e-01,-7.126936316490173340e-02,9.194122254848480225e-02,7.932364940643310547e-03,-1.094607189297676086e-01,1.231844872236251831e-01
5.982363969087600708e-02,-4.949511587619781494e-02,-1.869355589151382446e-01,-3.884805738925933838e-02,-9.874150902032852173e-02,-8.295366168022155762e-02,-3.565917909145355225e-02,-1.205424517393112183e-01,-8.133377134799957275e-02,-9.978611767292022705e-02,-2.455283142626285553e-02,1.614115536212921143e-01,6.319823116064071655e-02,-8.670801669359207153e-02,-1.278047543019056320e-02,-7.543141394853591919e-02,-1.438543647527694702e-01,1.774344742298126221e-01,2.667086757719516754e-02,-1.146392747759819031e-01,-5.087661370635032654e-02,-1.277064383029937744e-01,8.801522664725780487e-03,-1.555280108004808426e-02,-3.078600578010082245e-02,1.121419891715049744e-01,1.042847335338592529e-01,-1.103286892175674438e-01,5.463124439120292664e-02,1.383836418390274048e-01,6.830347236245870590e-03,-2.589792609214782715e-01,6.211833655834197998e-02,1.205718740820884705e-01,-5.948612466454505920e-02,-1.337291114032268524e-02,1.404911931604146957e-02,-1.618295325897634029e-03,6.287517398595809937e-02,-1.573148518800735474e-01,1.723921485245227814e-02,7.504640519618988037e-02,1.349262744188308716e-01,5.193689465522766113e-02,-5.908397957682609558e-02,-1.742148585617542267e-02,2.331395894289016724e-01,-1.275011003017425537e-01,5.540970712900161743e-03,-1.413776073604822159e-02,1.521814167499542236e-01,-2.400075457990169525e-02,8.729524910449981689e-02,-7.225938141345977783e-02,2.431338839232921600e-02,8.370591700077056885e-02,2.045318484306335449e-02,1.569133438169956207e-02,-8.085949718952178955e-02,-1.111447215080261230e-01,2.178746648132801056e-02,1.352366358041763306e-01,1.474938541650772095e-02,-1.147861182689666748e-01,6.152826547622680664e-02,1.826262772083282471e-01,-1.222829893231391907e-02,3.734755795449018478e-03,-7.416253536939620972e-02,5.354802851798012853e-05,1.366705596446990967e-01,-7.346972823143005371e-03,6.211736053228378296e-02,-1.925475709140300751e-02,-6.190625950694084167e-02,1.567252427339553833e-01,9.447339922189712524e-03,-2.961315400898456573e-02,4.897595942020416260e-02,3.662104718387126923e-03,4.661084339022636414e-02,2.514375559985637665e-02,-3.964900970458984375e-02,5.165895074605941772e-02,2.129720710217952728e-02,6.324268132448196411e-02,-6.344915181398391724e-02,-8.983298391103744507e-02,-1.931902579963207245e-02,-9.293677285313606262e-03,-1.439792811870574951e-01,-2.794800885021686554e-02,8.117921650409698486e-02,2.043361403048038483e-02,-3.847169131040573120e-02,-3.196558058261871338e-01,5.072414129972457886e-02,-4.739104583859443665e-02,-1.053171791136264801e-02,-1.957369595766067505e-01,1.194073911756277084e-02,-9.852082282304763794e-02,-3.649397194385528564e-02,4.442748799920082092e-02,5.834811925888061523e-02,-9.317378699779510498e-02,-1.408883333206176758e-01,-7.177920639514923096e-02,-1.045212149620056152e-01,-2.717647887766361237e-02,-2.478657849133014679e-02,-5.569470673799514771e-02,4.167260974645614624e-02,5.962326377630233765e-02,-4.631618782877922058e-02,2.012347877025604248e-01,-1.126340683549642563e-02,-6.403156369924545288e-02,4.060599952936172485e-02,-1.336893141269683838e-01,-1.470419019460678101e-01,1.177944540977478027e-01,1.721327751874923706e-01,4.460799694061279297e-02,1.244342848658561707e-01,-4.521713778376579285e-02,-1.911682449281215668e-02,-8.242259919643402100e-02,1.494435127824544907e-02,4.146512225270271301e-02,7.366639375686645508e-02,-2.560642547905445099e-02,1.524183154106140137e-02,-8.742347359657287598e-02,5.706993862986564636e-02,-3.858677297830581665e-02,1.070469990372657776e-01,1.101879402995109558e-01,5.275107175111770630e-02,-4.846249241381883621e-03,1.481501460075378418e-01,2.945552952587604523e-02,1.198612526059150696e-01,4.999561980366706848e-02,-8.544977009296417236e-02,6.730297952890396118e-02,-5.064190179109573364e-02,-9.513273090124130249e-02,-2.851665578782558441e-02,-4.917268455028533936e-02,-1.365304440259933472e-01,-4.219400882720947266e-02,-1.990360021591186523e-01,1.170301139354705811e-01,4.455281421542167664e-02,1.524850130081176758e-01,-4.408046603202819824e-02,-1.904860697686672211e-02,-7.924889773130416870e-02,9.795446693897247314e-02,7.536207139492034912e-02,-9.621821343898773193e-02,7.939276844263076782e-02,2.155800536274909973e-02,9.778043627738952637e-02,-5.034384503960609436e-02,-1.046735420823097229e-01,2.951904945075511932e-02,3.343860059976577759e-02,4.506855085492134094e-02,-5.812900513410568237e-02,-1.867209672927856445e-01,1.111139655113220215e-01,1.631635427474975586e-01,1.128263399004936218e-01,9.722295217216014862e-03,-1.798765212297439575e-01,1.584100723266601562e-02,1.437921077013015747e-01,-1.074196323752403259e-01,8.636159822344779968e-03,-8.096379041671752930e-02,5.854155123233795166e-02
-2.867960035800933838e-01,1.033415421843528748e-01,1.400329172611236572e-01,-4.024424552917480469e-01,-4.652549624443054199e-01,-3.688197731971740723e-01,-1.602725982666015625e-01,-4.114121496677398682e-01,-2.034294456243515015e-01,1.157036423683166504e-02,6.213752180337905884e-02,8.061499148607254028e-02,4.159660637378692627e-01,1.834699325263500214e-02,2.315644323825836182e-01,1.255439668893814087e-01,7.505414634943008423e-02,-9.047777950763702393e-02,-4.829440638422966003e-02,1.297717727720737457e-02,1.692223101854324341e-01,-1.682372689247131348e-01,-1.436715275049209595e-01,-3.574385941028594971e-01,1.910706423223018646e-02,1.172911748290061951e-02,-1.279673576354980469e-01,-5.666306987404823303e-02,4.065698385238647461e-02,3.335168063640594482e-01,2.690284252166748047e-01,9.892243891954421997e-02,4.945464059710502625e-02,2.824914157390594482e-01,3.625398278236389160e-01,4.155698418617248535e-01,-2.867049276828765869e-01,3.392199873924255371e-01,1.461848765611648560e-01,2.953058294951915741e-02,6.268049776554107666e-02,-1.535032596439123154e-02,2.564702555537223816e-02,1.305319964885711670e-01,-4.389123246073722839e-02,-6.669884920120239258e-02,1.109648197889328003e-01,1.058107390999794006e-01,-2.118818312883377075e-01,-2.030472010374069214e-01,4.041729122400283813e-02,-2.126890271902084351e-01,4.785405099391937256e-02,-1.907074898481369019e-01,-1.593325845897197723e-02,-1.409909427165985107e-01,-2.068759202957153320e-01,4.274384081363677979e-01,1.149598285555839539e-01,4.412074983119964600e-01,6.234700977802276611e-02,-3.508666753768920898e-01,-1.732650250196456909e-01,-2.249235063791275024e-01,-1.800988614559173584e-01,-2.708968520164489746e-01,-3.395031690597534180e-01,-2.616697251796722412e-01,-3.847970664501190186e-01,-1.239458546042442322e-01,-4.242735207080841064e-01,-3.869940936565399170e-01,-2.277639359235763550e-01,-1.392579227685928345e-01,-3.896213173866271973e-01,-4.022780358791351318e-01,-2.573750317096710205e-01,-7.876483798027038574e-01,-4.439414739608764648e-01,-1.617245078086853027e-01,-2.452181428670883179e-01,-2.657449245452880859e-01,-5.966237187385559082e-02,-4.901645779609680176e-01,-4.032202661037445068e-01,-4.784656465053558350e-01,-1.721972078084945679e-01,-1.124106943607330322e-01,2.065235190093517303e-02,-3.086800575256347656e-01,-7.904417812824249268e-03,-3.737042471766471863e-02,-5.405803024768829346e-02,-1.926131546497344971e-01,-1.477351486682891846e-01,8.679386228322982788e-02,-1.369109153747558594e-01,-2.266930043697357178e-01,3.287127986550331116e-02,-4.594079554080963135e-01,-1.785879135131835938e-01,-2.080029398202896118e-01,-2.634099423885345459e-01,-1.588265299797058105e-01,-4.044004082679748535e-01,-1.119026914238929749e-01,6.573654711246490479e-02,1.851382702589035034e-01,4.586988687515258789e-02,4.728219509124755859e-01,2.204106897115707397e-01,3.560115769505500793e-02,2.515712752938270569e-02,1.683797985315322876e-01,-7.728991657495498657e-02,-1.280176043510437012e-01,8.834358304738998413e-02,2.345685847103595734e-02,3.611655160784721375e-02,-3.065393865108489990e-02,-5.365660786628723145e-02,4.959498718380928040e-02,2.872676551342010498e-01,-9.646754711866378784e-02,1.070919334888458252e-01,2.311087399721145630e-01,-8.802921324968338013e-02,-3.434668108820915222e-02,1.081383824348449707e-01,1.677894443273544312e-01,1.799565553665161133e-01,6.794327497482299805e-02,-3.243739157915115356e-02,1.409407611936330795e-02,-1.063101179897785187e-02,5.883471295237541199e-02,2.266148030757904053e-01,7.007663138210773468e-03,-1.491390466690063477e-01,3.911663964390754700e-02,1.546277701854705811e-01,1.478618681430816650e-01,9.084580838680267334e-02,1.350754052400588989e-01,-4.462998826056718826e-03,1.498806327581405640e-01,8.126854896545410156e-02,-1.523878574371337891e-01,1.821794062852859497e-01,9.321262687444686890e-02,8.134870231151580811e-02,4.511759802699089050e-02,1.614780426025390625e-01,6.296985596418380737e-02,1.196204647421836853e-01,-4.299685359001159668e-03,-2.412158064544200897e-02,5.586409475654363632e-03,1.269849389791488647e-01,1.055754348635673523e-01,1.546354591846466064e-01,1.652879714965820312e-01,7.470920681953430176e-02,5.736403912305831909e-02,1.037794128060340881e-01,2.741937935352325439e-01,6.610360927879810333e-03,9.610576182603836060e-02,4.369823634624481201e-02,1.474238093942403793e-02,1.120573878288269043e-01,-3.441536054015159607e-02,1.105021536350250244e-01,1.008642315864562988e-01,3.368479609489440918e-01,-4.731357097625732422e-02,1.624447479844093323e-02,3.192003443837165833e-02,9.426756948232650757e-02,7.071384787559509277e-02,4.906951263546943665e-02,1.664277315139770508e-01,-1.638018153607845306e-02
8.005719631910324097e-02,6.100025400519371033e-02,7.182296365499496460e-02,9.681964665651321411e-02,1.891324967145919800e-01,-2.507213354110717773e-01,-9.399112313985824585e-02,-1.929944157600402832e-01,2.109833359718322754e-01,-4.172388464212417603e-02,-6.224379315972328186e-02,-3.431134298443794250e-02,1.540582180023193359e-01,5.057720094919204712e-02,-3.731470555067062378e-02,-5.622063577175140381e-02,-5.289503931999206543e-02,-1.298358291387557983e-01,-2.795538492500782013e-02,2.126625552773475647e-02,-4.614075273275375366e-02,-5.220221355557441711e-04,5.951900780200958252e-02,1.262835562229156494e-01,7.901753485202789307e-02,-1.744798123836517334e-01,5.276949703693389893e-02,-2.937292307615280151e-02,1.910638250410556793e-02,-4.914559423923492432e-02,-9.706048667430877686e-02,-9.239991754293441772e-02,-2.118931561708450317e-01,1.000278964638710022e-01,1.310196667909622192e-01,-4.035449028015136719e-02,3.832016885280609131e-02,-2.293740771710872650e-02,1.354221701622009277e-01,1.161476895213127136e-01,-1.243737190961837769e-01,1.050287485122680664e-01,2.052868902683258057e-01,6.546730548143386841e-02,5.547799170017242432e-02,-8.963417261838912964e-03,3.897042013704776764e-03,-1.288980096578598022e-01,-8.665211498737335205e-03,1.210790127515792847e-01,1.551584899425506592e-01,1.093296259641647339e-01,-7.362218946218490601e-02,2.376330494880676270e-01,7.403949648141860962e-02,2.950536087155342102e-02,2.326579019427299500e-02,-9.401245042681694031e-03,-1.675620116293430328e-02,1.240324042737483978e-02,-1.805097609758377075e-01,-1.006635725498199463e-01,-1.081607341766357422e-01,1.044323146343231201e-01,-1.033848077058792114e-01,-1.708248816430568695e-02,1.467756181955337524e-01,-1.084491461515426636e-01,3.939124569296836853e-02,-4.935057461261749268e-02,5.946714431047439575e-02,-1.365233864635229111e-02,-4.587510600686073303e-02,-1.568822562694549561e-01,9.914927929639816284e-02,-9.335355460643768311e-02,-2.621926367282867432e-02,-5.247346591204404831e-03,3.353065252304077148e-02,9.312286227941513062e-02,1.283885538578033447e-01,3.235033713281154633e-03,1.350863128900527954e-01,-1.089910864830017090e-01,2.171500027179718018e-01,-7.299991697072982788e-02,-2.062975056469440460e-02,6.120228022336959839e-02,9.866776317358016968e-02,-8.819846063852310181e-02,5.267030745744705200e-02,-1.230159029364585876e-01,1.081983000040054321e-01,-6.038966029882431030e-02,-2.230396680533885956e-02,-1.694909036159515381e-01,3.935169428586959839e-03,5.392786581069231033e-03,-7.356028258800506592e-02,1.529116649180650711e-02,-5.943378061056137085e-02,4.811236262321472168e-02,7.939985394477844238e-02,1.258744001388549805e-01,1.102813780307769775e-01,1.068332791328430176e-02,-9.044855833053588867e-02,1.936883479356765747e-01,6.798335164785385132e-02,3.558487072587013245e-02,1.097645983099937439e-01,6.621874868869781494e-02,1.268435269594192505e-01,-4.080070927739143372e-02,-1.543546169996261597e-01,1.400292068719863892e-01,6.773793697357177734e-02,4.731224849820137024e-02,1.347474902868270874e-01,1.356655210256576538e-01,1.567588895559310913e-01,5.793864652514457703e-02,9.802540391683578491e-02,1.092284098267555237e-01,1.732969582080841064e-01,8.589234203100204468e-03,5.701626092195510864e-02,-7.580222934484481812e-02,-1.657628640532493591e-02,-5.294124409556388855e-02,1.227583959698677063e-01,1.483251806348562241e-02,1.753007620573043823e-02,-2.400080487132072449e-02,-7.880851626396179199e-02,-6.090000271797180176e-02,1.307781636714935303e-01,8.662597974762320518e-04,4.503918811678886414e-02,1.943009905517101288e-02,2.832515351474285126e-02,9.459991008043289185e-02,-1.128890067338943481e-01,8.672124147415161133e-02,6.396260112524032593e-02,1.893105655908584595e-01,4.872452467679977417e-02,1.258319765329360962e-01,3.427548217587172985e-04,1.994527131319046021e-01,1.487628519535064697e-01,2.152085117995738983e-02,-2.289909869432449341e-02,2.138296142220497131e-02,4.017920419573783875e-02,5.854195728898048401e-02,1.377928107976913452e-01,1.038062870502471924e-01,-1.723553426563739777e-02,-6.757828593254089355e-02,9.576740860939025879e-02,2.336796522140502930e-01,1.960645057260990143e-02,1.028005331754684448e-01,1.146400645375251770e-01,1.382780671119689941e-01,-1.031951829791069031e-01,1.374686509370803833e-01,7.982343435287475586e-02,1.889032423496246338e-01,-1.906663924455642700e-01,3.444969281554222107e-02,2.116966843605041504e-01,-6.985332071781158447e-02,-4.301638528704643250e-02,3.912655264139175415e-02,1.282643228769302368e-01,4.004862532019615173e-02,1.405676733702421188e-02,-7.331917062401771545e-03,3.124894388020038605e-02,-4.085346590727567673e-03,1.410376578569412231e-01
-1.924052238464355469e-01,-4.706810414791107178e-02,-3.692617267370223999e-02,-2.246055305004119873e-01,1.732736011035740376e-03,1.294105798006057739e-01,-2.581467106938362122e-02,1.325588822364807129e-01,5.597667768597602844e-02,-1.147775426506996155e-01,-4.272761568427085876e-02,1.697061001323163509e-03,-7.408688962459564209e-02,1.756482385098934174e-02,-1.242426261305809021e-01,2.180850692093372345e-02,1.372653432190418243e-02,1.399347931146621704e-02,-1.123532420024275780e-03,-1.422172933816909790e-01,-1.508602797985076904e-01,-5.498308315873146057e-02,3.100977465510368347e-02,1.257645785808563232e-01,1.184523925185203552e-01,-2.037346363067626953e-02,-1.987472027540206909e-01,3.705602139234542847e-02,-2.495994418859481812e-02,-3.240350633859634399e-02,2.941953763365745544e-02,-2.391785383224487305e-01,2.839065194129943848e-01,1.469192951917648315e-01,-7.155131548643112183e-02,-2.442353777587413788e-02,-2.852275222539901733e-02,-1.051934957504272461e-01,-6.977797951549291611e-03,-2.322435937821865082e-02,8.466372638940811157e-02,4.255921393632888794e-02,-8.507665246725082397e-02,4.521840717643499374e-03,-2.762359678745269775e-01,-3.438139334321022034e-02,3.963167965412139893e-02,-9.980016946792602539e-02,-3.845669701695442200e-02,2.905794046819210052e-02,-5.929087102413177490e-02,-1.167223136872053146e-02,-4.380040615797042847e-02,-1.221250146627426147e-01,9.083906561136245728e-02,5.514014139771461487e-02,-3.982540965080261230e-02,3.543776646256446838e-02,-5.036495253443717957e-02,-2.362385764718055725e-02,-6.617854535579681396e-02,5.293043330311775208e-02,1.127466708421707153e-01,-1.250409930944442749e-01,7.391170412302017212e-02,8.312740176916122437e-02,-1.605702191591262817e-02,1.485958546400070190e-01,3.932069614529609680e-02,-1.753857880830764771e-01,1.497935652732849121e-01,1.027107052505016327e-02,2.822430431842803955e-02,-1.647277027368545532e-01,1.113196983933448792e-01,3.472002968192100525e-02,7.833532243967056274e-02,6.252488493919372559e-02,9.328979998826980591e-02,-8.076949417591094971e-02,-9.758646041154861450e-02,2.756810933351516724e-02,2.141981869935989380e-01,-1.745737791061401367e-01,-7.204874604940414429e-02,-1.096545234322547913e-01,-8.874505758285522461e-02,-2.100929059088230133e-02,-8.178520202636718750e-02,-8.793459273874759674e-03,1.776585578918457031e-01,1.885852217674255371e-01,2.193120121955871582e-02,1.499459445476531982e-01,1.785863190889358521e-01,-1.291814893484115601e-01,1.214207112789154053e-01,2.092953957617282867e-02,4.942690953612327576e-02,-2.795778959989547729e-02,-1.732958704233169556e-01,-5.375599488615989685e-02,-1.945611834526062012e-01,-7.708691060543060303e-02,-6.313727051019668579e-02,-1.125013604760169983e-01,2.123555541038513184e-02,1.406542062759399414e-01,-5.795149505138397217e-02,1.048104315996170044e-01,2.558653950691223145e-01,-7.568923383951187134e-02,-5.661037936806678772e-02,-1.743140071630477905e-01,-1.533417124301195145e-02,-8.222870528697967529e-02,1.010427922010421753e-01,1.090854499489068985e-02,3.724620863795280457e-02,-5.603380128741264343e-02,5.648507270961999893e-03,-1.791595369577407837e-01,5.398103222250938416e-02,1.818081140518188477e-01,-3.797668265178799629e-03,7.081439346075057983e-02,7.294735312461853027e-02,-6.642841547727584839e-02,8.400924503803253174e-03,3.054665960371494293e-02,-2.527877688407897949e-01,-1.522289402782917023e-02,9.712044149637222290e-02,1.813795864582061768e-01,1.001177281141281128e-01,-2.106976360082626343e-01,1.464517265558242798e-01,1.070734709501266479e-01,8.526892960071563721e-02,5.586958676576614380e-02,7.067660242319107056e-02,9.799218922853469849e-02,1.503504067659378052e-01,1.067973896861076355e-01,3.151009790599346161e-03,-9.424892067909240723e-02,-7.396420463919639587e-03,2.822552062571048737e-02,-9.164145588874816895e-02,-3.008300252258777618e-02,4.998325183987617493e-02,-4.762072116136550903e-02,1.100027561187744141e-01,1.692495197057723999e-01,-6.815171241760253906e-02,3.487267717719078064e-02,1.351067423820495605e-01,-5.060414224863052368e-02,1.183462217450141907e-01,-1.043224632740020752e-01,1.081550270318984985e-01,7.536845654249191284e-02,1.746165007352828979e-01,2.482221461832523346e-02,6.273056566715240479e-02,-4.339738562703132629e-02,-1.993788778781890869e-01,-4.295363649725914001e-02,7.580208778381347656e-02,7.279717922210693359e-02,1.051638927310705185e-02,-5.270518362522125244e-02,-1.522939950227737427e-01,1.850900053977966309e-01,-2.709678746759891510e-02,1.299980431795120239e-01,-2.529093325138092041e-01,-1.176364719867706299e-01,-7.421630289172753692e-05,-3.621812909841537476e-02,-9.689233452081680298e-02,1.239775419235229492e-01,-5.666593462228775024e-02
1.562483906745910645e-01,1.208470165729522705e-01,-1.330589037388563156e-02,-1.621839702129364014e-01,1.218516901135444641e-01,4.211336746811866760e-02,1.190872956067323685e-02,-4.604517295956611633e-02,1.241213902831077576e-01,-8.179605752229690552e-02,6.935435533523559570e-02,-1.637041121721267700e-01,-2.100382298231124878e-01,6.023669987916946411e-02,6.116602197289466858e-02,7.149123586714267731e-03,1.755154579877853394e-01,-1.445794403553009033e-01,-1.622324883937835693e-01,1.474801450967788696e-01,2.006042189896106720e-02,1.399509757757186890e-01,-1.835584193468093872e-01,5.653485655784606934e-02,5.100024864077568054e-02,-5.270289629697799683e-02,5.518480762839317322e-02,-5.147302523255348206e-02,-1.303753852844238281e-01,-4.861452803015708923e-02,3.327356278896331787e-02,-1.549848467111587524e-01,-3.704235702753067017e-02,-4.313554242253303528e-02,1.022211611270904541e-01,-3.303502127528190613e-02,-8.943162113428115845e-02,1.090971753001213074e-02,2.963285148143768311e-02,-6.872815638780593872e-02,-6.479424983263015747e-02,-2.075912952423095703e-01,-5.328183621168136597e-02,-1.422880589962005615e-01,-1.312059313058853149e-01,-6.087394803762435913e-02,1.933398656547069550e-02,-4.251808300614356995e-02,-5.790039151906967163e-02,1.648648530244827271e-01,-1.101025715470314026e-01,-3.565795347094535828e-02,-9.341942518949508667e-02,-1.898882091045379639e-01,2.526299282908439636e-02,3.657155483961105347e-02,1.112912967801094055e-01,-1.480844616889953613e-01,-1.535356324166059494e-02,-3.487415984272956848e-02,5.959013849496841431e-02,6.323720514774322510e-02,-1.678075641393661499e-01,-1.103487089276313782e-01,-4.632508382201194763e-02,-1.691530942916870117e-01,5.902885273098945618e-02,3.155465796589851379e-02,5.259583145380020142e-02,1.122266501188278198e-01,-9.219740750268101692e-04,-1.905200630426406860e-02,-1.423049569129943848e-01,4.012115299701690674e-02,-1.778533011674880981e-01,2.332634106278419495e-02,1.500620096921920776e-01,1.107854843139648438e-01,4.417825490236282349e-02,6.162239238619804382e-02,-5.186443775892257690e-02,5.471923388540744781e-03,-1.724139153957366943e-01,1.748230159282684326e-01,4.990785941481590271e-02,-1.054201573133468628e-01,7.955694571137428284e-03,1.222474947571754456e-01,-1.198874711990356445e-01,-9.771315753459930420e-02,-9.315849095582962036e-02,-3.475077822804450989e-02,2.785181105136871338e-01,1.665020287036895752e-01,-1.011727377772331238e-01,-1.976077258586883545e-01,-6.191022321581840515e-02,-2.365764789283275604e-02,-9.939461946487426758e-02,1.380063891410827637e-01,-3.653349727392196655e-02,1.881223917007446289e-01,1.718780100345611572e-01,-1.204899605363607407e-02,-9.667701274156570435e-02,-1.047392934560775757e-01,1.076035723090171814e-01,-1.060046777129173279e-01,-1.618232429027557373e-01,-2.091781795024871826e-02,-4.857048764824867249e-02,1.466320306062698364e-01,1.391971390694379807e-02,-1.255003064870834351e-01,7.366689294576644897e-02,-8.459593355655670166e-02,9.935938566923141479e-02,7.163792848587036133e-02,-5.837535858154296875e-02,2.018395811319351196e-03,7.292772829532623291e-02,-1.255030632019042969e-01,-6.478372961282730103e-02,2.086754702031612396e-02,-3.353381995111703873e-03,1.251310855150222778e-01,2.175345718860626221e-01,1.236048713326454163e-01,-2.142480807378888130e-03,-2.451435290277004242e-02,-1.012190803885459900e-01,-8.748693764209747314e-02,9.446336328983306885e-02,-1.332131563685834408e-03,4.800217226147651672e-02,-1.175603643059730530e-02,1.729538291692733765e-01,-1.303013041615486145e-02,8.857742697000503540e-02,1.035861447453498840e-01,-6.583645194768905640e-02,1.528407447040081024e-02,3.012078627943992615e-02,-7.734794169664382935e-02,-8.735179156064987183e-02,1.174241583794355392e-02,-5.862897634506225586e-02,7.982818037271499634e-02,6.679014116525650024e-02,-4.372467473149299622e-02,-1.714682132005691528e-01,2.144369855523109436e-02,2.347696758806705475e-02,-4.565307497978210449e-02,-1.064950972795486450e-01,-5.262122303247451782e-02,2.464702352881431580e-02,-1.121258214116096497e-01,3.832675516605377197e-03,6.618484109640121460e-02,4.289133846759796143e-02,7.746994495391845703e-02,-4.279458429664373398e-03,-1.568081080913543701e-01,-1.471110731363296509e-01,7.951721549034118652e-02,8.942134678363800049e-03,1.719836592674255371e-01,1.093684658408164978e-01,2.088570594787597656e-01,3.589044138789176941e-02,-1.524984277784824371e-02,-5.230358615517616272e-02,1.662308275699615479e-01,-1.416835039854049683e-01,-2.394559681415557861e-01,2.286082655191421509e-01,-2.081816457211971283e-02,1.714627444744110107e-02,1.748514324426651001e-01,1.490707229822874069e-02,-3.326311707496643066e-02,-4.335857182741165161e-02
-1.242338716983795166e-01,-7.935500144958496094e-02,1.029118001461029053e-01,-8.998066931962966919e-02,4.309815540909767151e-02,-7.874777913093566895e-02,-1.233339961618185043e-02,-1.093486025929450989e-01,-1.706225275993347168e-01,-1.929694861173629761e-01,-4.204699769616127014e-02,-2.135386457666754723e-03,-1.588307470083236694e-01,-5.340950191020965576e-02,-7.341974973678588867e-02,-3.753624483942985535e-02,-2.065258659422397614e-02,1.132926791906356812e-01,5.868202447891235352e-02,-1.130575984716415405e-01,-8.567839860916137695e-02,7.513256371021270752e-02,2.576809376478195190e-02,5.205300450325012207e-02,-9.095297753810882568e-02,-1.044716089963912964e-01,-2.062038481235504150e-01,3.756526485085487366e-02,-6.661547720432281494e-02,-3.148293867707252502e-02,-1.067799180746078491e-01,-2.143804728984832764e-02,-8.844321221113204956e-02,6.146637722849845886e-02,1.841753125190734863e-01,8.025879412889480591e-02,9.825248271226882935e-03,1.681343652307987213e-02,-1.062393635511398315e-01,1.109524220228195190e-01,-1.002026200294494629e-01,-2.447440102696418762e-02,6.256061606109142303e-03,-1.719367653131484985e-01,2.993068099021911621e-02,1.837951540946960449e-01,-2.157877199351787567e-02,2.870941460132598877e-01,1.344517916440963745e-01,9.670719504356384277e-02,-1.912496238946914673e-02,5.258725211024284363e-02,-9.692415595054626465e-02,1.044608801603317261e-01,8.191795647144317627e-02,-6.107458472251892090e-02,1.096807569265365601e-01,1.008450835943222046e-01,-1.148241460323333740e-01,-1.610866338014602661e-01,1.275797784328460693e-01,2.490631341934204102e-01,-5.662604421377182007e-02,-3.111264407634735107e-01,3.414289792999625206e-03,2.030559033155441284e-01,-1.240711361169815063e-01,-1.227613165974617004e-02,-9.278349578380584717e-02,1.417223215103149414e-01,1.151067987084388733e-01,-8.391235023736953735e-02,8.780961483716964722e-02,-3.916856646537780762e-02,1.479237377643585205e-01,-8.807884156703948975e-02,6.436837464570999146e-02,-5.298189446330070496e-02,1.424050331115722656e-01,-3.046953352168202400e-04,2.538107633590698242e-01,9.107847698032855988e-03,-8.352395892143249512e-02,1.113483682274818420e-02,-1.216591447591781616e-01,1.226810663938522339e-01,-5.047767236828804016e-02,1.421430408954620361e-01,3.397442772984504700e-02,2.274389937520027161e-02,-8.536716550588607788e-02,2.213578671216964722e-02,2.652219310402870178e-02,6.908457726240158081e-02,2.267375215888023376e-02,-3.511688858270645142e-02,5.094936490058898926e-02,-5.376346036791801453e-02,-4.909833520650863647e-02,-1.359715610742568970e-01,2.748198509216308594e-01,-2.784165367484092712e-02,2.646536007523536682e-02,-4.279844090342521667e-02,1.421135962009429932e-01,-1.431576311588287354e-01,3.133677644655108452e-03,-3.873241320252418518e-02,-1.454398036003112793e-01,-1.864194422960281372e-01,-6.336560845375061035e-02,-7.500816136598587036e-02,-1.419233232736587524e-01,6.586789339780807495e-02,-8.642530068755149841e-03,-1.210267469286918640e-01,3.716471046209335327e-02,-9.414908289909362793e-02,1.866021007299423218e-02,1.068157376721501350e-03,-3.891044855117797852e-02,3.957745060324668884e-02,-7.203613221645355225e-02,-4.429638758301734924e-02,5.597221478819847107e-02,-5.242115631699562073e-02,1.251283586025238037e-01,6.287295371294021606e-02,2.775084227323532104e-02,-1.522396504878997803e-01,1.888876706361770630e-01,1.528718024492263794e-01,-1.353231668472290039e-01,-1.047406718134880066e-01,-2.375479042530059814e-02,1.533075124025344849e-01,-1.383298486471176147e-01,-3.825420141220092773e-02,1.173574826680123806e-03,4.358173161745071411e-02,-1.659144181758165359e-03,6.903577595949172974e-02,8.520808070898056030e-02,-3.942356258630752563e-02,-3.132951632142066956e-02,1.118440255522727966e-01,1.752955839037895203e-02,-1.030765026807785034e-01,1.288475990295410156e-01,3.370539098978042603e-02,2.180561237037181854e-02,-1.188458651304244995e-01,7.038087397813796997e-02,5.043884366750717163e-02,3.748670965433120728e-02,-4.214984178543090820e-02,5.907755345106124878e-02,-5.545732751488685608e-02,-2.401359379291534424e-02,-2.442462369799613953e-02,-9.460543841123580933e-02,-1.922106742858886719e-01,-1.073399484157562256e-01,-1.653962284326553345e-01,4.447462782263755798e-02,-2.330701947212219238e-01,7.036438584327697754e-02,1.676665246486663818e-01,-2.125549763441085815e-01,5.441468674689531326e-03,-6.135907489806413651e-03,-1.285985019057989120e-02,1.119623519480228424e-02,4.333869367837905884e-02,-1.871985755860805511e-02,2.110736817121505737e-01,3.751793876290321350e-02,1.337725967168807983e-01,-6.075683236122131348e-02,-8.401630818843841553e-02,-5.073738098144531250e-02,-9.723357856273651123e-02,7.806611806154251099e-02
-7.752894610166549683e-02,8.498488366603851318e-02,6.457684934139251709e-02,-6.359543651342391968e-02,1.109011545777320862e-01,3.550339937210083008e-01,2.223378419876098633e-01,1.184628605842590332e-01,1.923907361924648285e-02,1.423741132020950317e-01,2.208497899118810892e-04,-1.279029250144958496e-01,-3.964101150631904602e-02,2.701520361006259918e-02,-3.292348980903625488e-02,4.285682737827301025e-02,1.378134917467832565e-02,-7.689347025007009506e-03,1.510984003543853760e-01,5.875504389405250549e-02,1.302440613508224487e-01,-6.704286485910415649e-02,-4.305343329906463623e-02,5.456513911485671997e-02,-4.994491487741470337e-02,6.038496643304824829e-02,-1.661347597837448120e-01,7.610742747783660889e-02,6.901519000530242920e-02,1.928586699068546295e-02,-1.542384475469589233e-01,-2.934875153005123138e-02,8.621483109891414642e-03,-1.227691210806369781e-02,-2.216829508543014526e-01,6.015899777412414551e-02,-6.501072645187377930e-02,-2.898068353533744812e-02,1.125782076269388199e-02,8.888855576515197754e-02,-8.214983344078063965e-02,1.878233253955841064e-02,-4.547498002648353577e-02,-4.689295217394828796e-02,-6.540383212268352509e-03,-2.432879805564880371e-02,5.488100275397300720e-02,-6.294633448123931885e-02,1.709483750164508820e-02,7.218851894140243530e-02,-1.740524321794509888e-01,4.870370402932167053e-02,3.851009160280227661e-02,1.811121404170989990e-01,1.558283902704715729e-02,-3.110599517822265625e-02,4.958846420049667358e-02,-5.512709543108940125e-02,-5.398878082633018494e-02,-1.348484028130769730e-02,2.712560594081878662e-01,-1.038862019777297974e-01,1.846028957515954971e-03,-9.178902208805084229e-02,-2.853116579353809357e-02,-3.801916539669036865e-02,-5.244506150484085083e-02,2.643663585186004639e-01,3.020479902625083923e-02,-2.036443725228309631e-02,-1.604557335376739502e-01,-2.239972539246082306e-02,-9.001936018466949463e-02,1.053103730082511902e-01,7.678394764661788940e-02,9.464366734027862549e-02,1.142566800117492676e-01,-3.323935903608798981e-03,-5.492694675922393799e-02,-6.328266113996505737e-02,-2.710279449820518494e-02,1.265577375888824463e-01,2.637894451618194580e-01,-1.853001117706298828e-01,9.060794860124588013e-02,6.606314331293106079e-02,1.254443228244781494e-01,-7.550257444381713867e-02,1.561638563871383667e-01,2.610650658607482910e-02,-9.935410320758819580e-02,1.202177777886390686e-01,3.671532869338989258e-02,2.602418698370456696e-02,8.007517457008361816e-02,-8.007022738456726074e-02,4.007491096854209900e-02,-5.351062119007110596e-02,2.288019657135009766e-02,2.815890870988368988e-02,3.948317095637321472e-02,-9.026113897562026978e-02,2.437620311975479126e-01,-4.289653897285461426e-02,7.563895732164382935e-02,4.141032695770263672e-02,8.807353675365447998e-02,4.460638761520385742e-02,-1.116302162408828735e-01,-1.790880262851715088e-01,-1.061391606926918030e-01,-1.319466382265090942e-01,8.664166182279586792e-02,-2.361558843404054642e-03,-1.041840091347694397e-01,-9.602889418601989746e-02,1.909978389739990234e-01,7.124739140272140503e-02,7.152114808559417725e-02,-1.347535476088523865e-02,-3.171584904193878174e-01,-1.211646124720573425e-01,1.769508607685565948e-02,8.857220411300659180e-03,1.585208326578140259e-01,-8.358453400433063507e-03,-3.059574216604232788e-02,-1.134862005710601807e-01,-2.174173444509506226e-01,-1.348515897989273071e-01,3.928023576736450195e-02,7.362169772386550903e-02,-1.609309762716293335e-01,3.862735256552696228e-02,2.813233807682991028e-02,4.486816003918647766e-02,1.753342896699905396e-02,2.482908405363559723e-02,4.352838173508644104e-02,6.484544277191162109e-02,-8.405593782663345337e-02,1.972683966159820557e-01,1.946326345205307007e-01,1.057747229933738708e-01,1.018205843865871429e-02,9.999252855777740479e-02,7.975462824106216431e-02,-1.928824558854103088e-02,-7.440844923257827759e-02,-4.931651800870895386e-02,-1.422699987888336182e-01,1.781888604164123535e-01,9.041789174079895020e-02,-8.829511702060699463e-02,1.598762697540223598e-03,1.199204698204994202e-01,-1.563262492418289185e-01,4.536311700940132141e-02,-1.382918357849121094e-01,2.693022228777408600e-02,-5.731531605124473572e-02,9.445071220397949219e-02,-3.784749656915664673e-02,5.637685209512710571e-02,9.110773913562297821e-03,1.336098928004503250e-02,-1.517308782786130905e-02,-1.575400978326797485e-01,1.261142194271087646e-01,1.324293315410614014e-01,1.269504278898239136e-01,-6.527146697044372559e-02,-3.438452631235122681e-02,3.324468806385993958e-02,8.442819118499755859e-03,3.473826870322227478e-02,1.000593081116676331e-01,-8.062213659286499023e-02,9.340225160121917725e-02,6.610300857573747635e-03,-4.220907390117645264e-02,-1.301498115062713623e-01,-6.912733614444732666e-02
1.061628311872482300e-01,-9.046231955289840698e-02,-5.321149155497550964e-02,-1.092251166701316833e-01,1.290423516184091568e-02,-4.984861984848976135e-02,2.232347242534160614e-02,7.346343249082565308e-02,-6.101650372147560120e-02,-9.949599951505661011e-02,-2.432145737111568451e-02,1.543573439121246338e-01,2.355559021234512329e-01,-2.133125513792037964e-01,1.692425459623336792e-02,-3.113227430731058121e-03,-4.616659879684448242e-02,-1.425283849239349365e-01,7.734967768192291260e-02,-1.372521091252565384e-02,7.332950085401535034e-02,-1.330394595861434937e-01,-1.248059198260307312e-01,2.064957469701766968e-01,4.261992499232292175e-02,-1.052196994423866272e-01,4.087371006608009338e-02,1.831971853971481323e-01,1.403533518314361572e-01,-4.298662021756172180e-02,2.800383977591991425e-02,-2.891164422035217285e-01,-1.458966135978698730e-01,1.007488742470741272e-01,1.477195769548416138e-01,-1.730791851878166199e-02,-6.260025314986705780e-03,-1.940618902444839478e-01,1.466715633869171143e-01,1.195545271039009094e-01,-4.823620244860649109e-02,3.534873947501182556e-02,-7.668223977088928223e-02,1.098484694957733154e-01,9.560128301382064819e-02,-1.706506609916687012e-01,-2.343845367431640625e-01,-1.773458346724510193e-02,-3.335832431912422180e-02,1.812378168106079102e-01,-6.163865700364112854e-02,3.481171280145645142e-02,-6.363559514284133911e-02,-4.595865309238433838e-02,2.594312652945518494e-02,1.477422714233398438e-01,-6.871838122606277466e-02,-1.769276335835456848e-02,2.041280455887317657e-02,-7.226960267871618271e-03,6.961914896965026855e-02,-7.062683999538421631e-02,4.541468620300292969e-02,2.671164646744728088e-02,-1.180130913853645325e-01,-6.106839515268802643e-03,1.430743485689163208e-01,4.717454686760902405e-02,2.147462218999862671e-01,7.902523875236511230e-02,-6.974647194147109985e-02,1.157641410827636719e-02,7.265596091747283936e-02,-9.054636210203170776e-02,-2.469821646809577942e-02,1.251831203699111938e-01,1.148134842514991760e-01,-3.190430626273155212e-02,-1.094067320227622986e-01,2.858839556574821472e-02,-2.489779330790042877e-02,-9.827526658773422241e-02,-3.532664105296134949e-02,2.754111588001251221e-02,-1.010955497622489929e-01,-1.216173730790615082e-02,6.803453713655471802e-02,2.025415189564228058e-03,-8.341571688652038574e-02,6.297905743122100830e-02,6.242324411869049072e-02,-2.308451337739825249e-03,1.015623435378074646e-01,6.364620476961135864e-02,2.363301813602447510e-02,-6.999331992119550705e-03,5.866757780313491821e-02,-1.521431505680084229e-01,-8.129446953535079956e-02,-5.752805620431900024e-02,-1.162384077906608582e-02,-3.063958883285522461e-02,1.032932251691818237e-01,6.861322373151779175e-02,2.555596828460693359e-01,1.626444458961486816e-01,-9.741105139255523682e-02,3.600633237510919571e-03,9.108297526836395264e-03,1.768351793289184570e-01,-3.954502940177917480e-02,-3.940639272332191467e-02,1.484081894159317017e-01,1.259096115827560425e-01,1.351186539977788925e-02,-6.445042788982391357e-02,-8.818150311708450317e-02,5.527104437351226807e-02,-4.771251603960990906e-02,-1.171176806092262268e-01,5.129278078675270081e-02,-3.668435290455818176e-02,2.469463273882865906e-03,7.676053047180175781e-02,-1.642759703099727631e-02,8.576939813792705536e-03,-2.735518477857112885e-02,-1.228406205773353577e-01,9.929368272423744202e-03,6.005693227052688599e-02,3.954831510782241821e-02,1.444618701934814453e-01,-3.045185282826423645e-02,-1.032646521925926208e-01,5.625599250197410583e-02,9.328952431678771973e-02,9.606241434812545776e-02,1.293676495552062988e-01,-4.258647561073303223e-02,-3.234343826770782471e-01,-9.886688739061355591e-02,-2.995547838509082794e-02,5.282000452280044556e-02,-4.236694052815437317e-02,3.392952494323253632e-03,6.322525441646575928e-02,-1.342278271913528442e-01,4.782541468739509583e-02,1.071653068065643311e-01,4.651709645986557007e-02,-8.323603868484497070e-02,-3.535969182848930359e-03,-1.348325461149215698e-01,6.687363237142562866e-02,-1.336767710745334625e-02,6.486424710601568222e-03,-1.120857894420623779e-01,2.197845280170440674e-01,-5.960484594106674194e-02,-2.064125053584575653e-02,-3.509736061096191406e-02,-1.566282473504543304e-02,1.241351962089538574e-01,-4.669252410531044006e-02,7.320504635572433472e-02,2.286682724952697754e-01,6.893458962440490723e-02,-1.602531820535659790e-01,2.318791151046752930e-01,-1.159453317523002625e-01,6.865363568067550659e-02,-3.148422762751579285e-02,-9.194095432758331299e-02,1.687204986810684204e-01,7.245912402868270874e-02,1.956565678119659424e-02,-4.781555384397506714e-02,-2.299131155014038086e-01,-3.987947851419448853e-02,7.303175330162048340e-02,-1.612013727426528931e-01,2.122217714786529541e-01,-9.482596069574356079e-02
-4.538254067301750183e-02,3.028109855949878693e-02,-1.021925956010818481e-01,1.094306707382202148e-01,-6.275740265846252441e-02,7.697987556457519531e-02,2.263128384947776794e-02,1.203156486153602600e-01,-1.660107262432575226e-02,-1.102261943742632866e-03,1.310183405876159668e-01,1.756274700164794922e-02,-1.467501074075698853e-01,-1.272032856941223145e-01,5.145801231265068054e-03,-4.203480109572410583e-02,-8.831743896007537842e-02,-3.754245862364768982e-02,-2.056068480014801025e-01,5.707645043730735779e-02,-1.042926870286464691e-02,8.334915153682231903e-03,-6.836494803428649902e-02,1.025643348693847656e-01,-6.027087569236755371e-02,1.705225408077239990e-01,2.409245371818542480e-01,4.798323288559913635e-02,-2.502525597810745239e-02,-3.331182301044464111e-01,-1.905161440372467041e-01,-5.710255354642868042e-02,-8.276615291833877563e-02,1.767750084400177002e-01,-3.688714504241943359e-01,-2.422190643846988678e-02,1.029742658138275146e-01,-1.175244711339473724e-02,-5.273554101586341858e-02,-9.286923706531524658e-02,-5.006611347198486328e-02,1.202806979417800903e-01,-1.868356913328170776e-01,4.182270541787147522e-02,2.332711517810821533e-01,-4.922591149806976318e-02,1.729116775095462799e-02,-9.714791178703308105e-02,-9.376080334186553955e-02,-6.750275194644927979e-02,-1.176030486822128296e-01,4.478982836008071899e-02,1.764020025730133057e-01,3.065582513809204102e-01,2.809856235980987549e-01,9.359427541494369507e-02,4.096843898296356201e-01,-8.942993730306625366e-02,2.762974239885807037e-02,-8.046113699674606323e-02,-2.569647133350372314e-01,4.496278706938028336e-03,1.158065870404243469e-01,1.932447254657745361e-01,-1.539861410856246948e-02,-3.006618656218051910e-02,2.466140128672122955e-02,5.845980718731880188e-02,-6.272932142019271851e-02,7.295534014701843262e-03,2.092503309249877930e-01,-7.272623479366302490e-02,3.253620117902755737e-02,1.828808039426803589e-01,-7.324256002902984619e-02,2.135967165231704712e-01,5.483140703290700912e-03,8.468806743621826172e-03,2.122016400098800659e-01,1.494934409856796265e-01,1.565934717655181885e-01,1.434108242392539978e-02,1.729897111654281616e-01,-3.882526233792304993e-02,2.110588102368637919e-04,4.696800932288169861e-02,-5.735483020544052124e-02,-6.829919759184122086e-03,7.972300052642822266e-02,6.530740112066268921e-02,-5.648858100175857544e-02,-1.320229917764663696e-01,9.465961158275604248e-02,-3.129783272743225098e-02,-1.670710742473602295e-02,5.159426108002662659e-02,2.362977713346481323e-01,-5.019305646419525146e-02,1.668213009834289551e-01,1.272032689303159714e-02,-2.669092267751693726e-03,-9.697658568620681763e-02,1.219938546419143677e-01,4.733456671237945557e-02,-4.758668690919876099e-02,-5.519050359725952148e-02,-9.576573222875595093e-02,-1.383912414312362671e-01,1.245930641889572144e-01,-7.299523334950208664e-03,-1.929158419370651245e-01,-1.710773110389709473e-01,-2.549964934587478638e-03,-2.509784996509552002e-01,9.907756466418504715e-04,-2.119578886777162552e-03,-8.606652170419692993e-02,6.760338693857192993e-02,-1.333335489034652710e-01,1.272946447134017944e-01,-6.335891038179397583e-02,-1.974857002496719360e-01,-2.268884032964706421e-01,8.598209172487258911e-02,-1.873326301574707031e-01,-1.847746074199676514e-01,-2.007116330787539482e-03,-9.894971549510955811e-02,-5.660004448145627975e-03,-1.753622591495513916e-01,5.126190558075904846e-02,7.072035968303680420e-02,-8.985640108585357666e-02,-8.745485544204711914e-02,7.761568576097488403e-02,3.730725497007369995e-02,-1.368304044008255005e-01,9.639746695756912231e-02,8.296509087085723877e-02,-9.371731430292129517e-02,-1.954424232244491577e-01,9.755391627550125122e-02,8.254783600568771362e-02,-2.943866252899169922e-01,-6.574747711420059204e-02,-1.311049144715070724e-02,4.438620805740356445e-02,-1.481915861368179321e-01,-6.823407113552093506e-02,-2.079095989465713501e-01,-1.324079632759094238e-01,-8.736957609653472900e-02,-5.521382391452789307e-02,-6.716497242450714111e-03,-7.161333411931991577e-02,-5.264290049672126770e-02,-1.303181201219558716e-01,-3.791233152151107788e-02,8.096900582313537598e-02,-2.343384474515914917e-01,-4.470483362674713135e-01,3.363782539963722229e-02,2.774600982666015625e-01,-1.320487260818481445e-01,-2.439389377832412720e-01,3.998270630836486816e-02,-2.348678261041641235e-01,-9.168954938650131226e-02,-1.504081636667251587e-01,-1.837951689958572388e-01,-1.984589993953704834e-01,-1.174124181270599365e-01,-9.676095098257064819e-02,-1.167328879237174988e-01,-5.738377943634986877e-02,-9.904937818646430969e-03,1.093352809548377991e-01,3.445357084274291992e-02,7.258798182010650635e-02,7.263568788766860962e-02,8.390376716852188110e-02,-2.296652197837829590e-01,-6.678995490074157715e-02
6.157542020082473755e-02,2.501466125249862671e-02,2.589656738564372063e-03,1.044979244470596313e-01,1.189301759004592896e-01,-1.169655770063400269e-01,2.220391631126403809e-01,5.553952977061271667e-02,-7.308404892683029175e-02,-1.668052934110164642e-02,1.413096934556961060e-01,-3.396700695157051086e-02,6.882128305733203888e-03,3.396024927496910095e-02,1.460226904600858688e-02,1.351706236600875854e-01,4.623060300946235657e-02,1.777312345802783966e-02,1.735137999057769775e-01,2.285188734531402588e-01,1.449658423662185669e-01,1.493200063705444336e-01,8.800499141216278076e-02,-1.391028333455324173e-02,2.748881466686725616e-02,1.177816316485404968e-01,-2.312242984771728516e-03,1.651697605848312378e-01,7.065638899803161621e-02,1.136195100843906403e-02,1.399928471073508263e-03,-3.988234326243400574e-02,-7.106266170740127563e-02,-1.532785594463348389e-01,-1.027152761816978455e-01,-1.271457523107528687e-01,-1.122035384178161621e-01,-7.977728545665740967e-02,6.405649334192276001e-02,-9.746360033750534058e-02,3.770470246672630310e-02,3.118985705077648163e-02,-1.267303060740232468e-02,-2.863216027617454529e-02,1.728802323341369629e-01,-4.352160915732383728e-02,1.757336966693401337e-02,1.476706936955451965e-02,2.766149044036865234e-01,1.984448581933975220e-01,-3.746635094285011292e-02,-2.877733670175075531e-02,-4.087850451469421387e-02,-4.422949254512786865e-02,-2.498215623199939728e-02,3.793738037347793579e-02,1.552804261445999146e-01,1.219893433153629303e-02,-1.037557721138000488e-01,1.766517907381057739e-01,-6.499765068292617798e-02,-3.950082138180732727e-02,8.810289204120635986e-02,-3.218491002917289734e-02,2.923152446746826172e-01,7.473520934581756592e-02,1.957778483629226685e-01,6.314857304096221924e-02,8.784441649913787842e-02,3.446836397051811218e-02,1.268738061189651489e-01,-8.495327830314636230e-02,1.885100752115249634e-01,1.332372128963470459e-01,1.644598096609115601e-01,4.717467725276947021e-02,1.996837258338928223e-01,1.795852631330490112e-01,1.289708763360977173e-01,-3.741595894098281860e-02,2.221477776765823364e-02,2.353751808404922485e-01,-7.580949366092681885e-02,1.838709861040115356e-01,9.565870463848114014e-02,7.922164350748062134e-02,1.895322054624557495e-01,9.035363793373107910e-02,1.350836157798767090e-01,1.453157979995012283e-02,-7.168835401535034180e-02,9.153749793767929077e-02,1.771373450756072998e-01,-3.130250796675682068e-02,1.504476219415664673e-01,1.472634728997945786e-03,-6.939516961574554443e-02,1.110925450921058655e-01,1.287200897932052612e-01,-4.801096022129058838e-02,2.277758866548538208e-01,-1.468525230884552002e-01,-3.278120234608650208e-02,1.151577681303024292e-01,2.494505792856216431e-01,9.240292012691497803e-02,4.130873456597328186e-02,1.051398925483226776e-02,1.989426463842391968e-01,1.199453026056289673e-01,-5.892247334122657776e-02,-7.441928237676620483e-02,9.869822859764099121e-02,-1.398587822914123535e-01,2.202347666025161743e-01,7.682790607213973999e-02,3.120598569512367249e-02,1.856353320181369781e-02,-3.784221038222312927e-02,1.866333782672882080e-01,-1.018098369240760803e-01,8.881002664566040039e-02,6.888326257467269897e-02,-9.178046137094497681e-02,1.750363409519195557e-01,2.215180173516273499e-02,7.827811688184738159e-02,1.958349049091339111e-01,1.959805935621261597e-01,-6.640408933162689209e-02,7.517933845520019531e-02,-1.626948416233062744e-01,1.119944155216217041e-01,1.146936565637588501e-01,6.229421496391296387e-02,-3.117181733250617981e-02,-1.783545166254043579e-01,1.930361539125442505e-01,7.239726930856704712e-02,1.864668279886245728e-01,8.483228832483291626e-02,7.694900035858154297e-02,1.834668070077896118e-01,6.938260793685913086e-02,4.533547535538673401e-02,9.140850603580474854e-02,4.788952320814132690e-02,2.867379970848560333e-02,2.156036049127578735e-01,1.203048229217529297e-01,9.608182311058044434e-02,1.691695153713226318e-01,9.421645104885101318e-02,1.145932599902153015e-01,-1.334275305271148682e-01,1.843285746872425079e-02,-2.443894743919372559e-02,-8.504127711057662964e-02,5.873541533946990967e-02,-5.117842461913824081e-03,1.301329880952835083e-01,-5.121444910764694214e-02,-4.203517921268939972e-03,-1.898482069373130798e-02,4.091497138142585754e-02,-1.151797920465469360e-02,7.789050042629241943e-02,1.438015140593051910e-02,-5.879429727792739868e-02,7.819131016731262207e-02,1.260183900594711304e-01,1.012685671448707581e-01,6.448650360107421875e-02,2.313413470983505249e-02,4.814397916197776794e-02,1.025188043713569641e-01,-8.357096463441848755e-02,1.767652668058872223e-02,7.211047410964965820e-02,1.715208031237125397e-02,1.472741179168224335e-02,7.243921607732772827e-02,1.713382005691528320e-01
-2.868255833163857460e-03,1.114731356501579285e-01,9.548560529947280884e-02,1.850000955164432526e-02,-5.539331119507551193e-03,9.996081702411174774e-03,3.614796698093414307e-02,-1.304190456867218018e-01,1.091223023831844330e-02,-6.110655516386032104e-02,-2.788855507969856262e-02,1.237171962857246399e-01,-5.050741136074066162e-02,-1.102891266345977783e-01,-8.994251489639282227e-02,-1.164457052946090698e-01,1.219535842537879944e-01,1.518448591232299805e-01,1.311616599559783936e-01,6.081654131412506104e-02,-6.499970331788063049e-03,1.029287800192832947e-01,1.402721554040908813e-01,-4.583944380283355713e-02,-1.903998404741287231e-01,5.792382359504699707e-02,-2.897118777036666870e-02,5.265551432967185974e-02,-3.493575751781463623e-02,2.818389423191547394e-02,5.323319137096405029e-02,1.223875433206558228e-01,3.641726449131965637e-02,-2.272499948740005493e-01,3.792408853769302368e-02,-8.568587154150009155e-02,1.037167906761169434e-01,7.990132272243499756e-02,2.363169752061367035e-02,-7.980827242136001587e-02,2.167050838470458984e-01,2.993164584040641785e-02,1.753272861242294312e-01,1.574859768152236938e-01,-1.411892771720886230e-01,2.314296364784240723e-01,-8.438792079687118530e-02,-1.423259228467941284e-01,1.509369071573019028e-02,-5.679037049412727356e-02,-1.099072769284248352e-01,-1.695610731840133667e-01,7.520597428083419800e-02,-5.955258384346961975e-02,3.261047648265957832e-03,-3.974102437496185303e-02,1.107548400759696960e-01,-1.018887944519519806e-02,-1.356229931116104126e-01,-4.087646305561065674e-02,-1.135443300008773804e-01,6.323324143886566162e-02,-1.080495491623878479e-01,9.730301797389984131e-02,7.043561339378356934e-02,1.758624427020549774e-02,-8.329427242279052734e-02,1.019237749278545380e-02,-1.914687827229499817e-02,-1.995587721467018127e-02,-4.723628237843513489e-02,5.266612768173217773e-02,5.215817317366600037e-02,8.393552899360656738e-02,-1.668858341872692108e-02,-1.469333916902542114e-01,2.362635685130953789e-03,1.553831249475479126e-01,6.928257644176483154e-02,1.478029191493988037e-01,-9.856111556291580200e-02,5.537874624133110046e-02,1.158068329095840454e-01,1.634325087070465088e-02,-6.019653752446174622e-02,-2.369441986083984375e-01,2.161184102296829224e-01,7.919224351644515991e-02,-3.196626529097557068e-02,1.466495245695114136e-01,-5.668751150369644165e-02,1.610649190843105316e-02,-8.200570195913314819e-02,-8.846470713615417480e-02,7.862934470176696777e-02,-4.853039234876632690e-02,6.262538582086563110e-02,2.506473064422607422e-01,-1.585259586572647095e-01,-2.646180428564548492e-02,-1.406131684780120850e-01,4.922023415565490723e-02,1.061617210507392883e-01,-3.730671107769012451e-02,-1.782390177249908447e-01,-1.653468757867813110e-01,-5.045615509152412415e-02,-4.104910790920257568e-02,8.539600670337677002e-02,1.653355732560157776e-02,-1.406233310699462891e-01,1.854958385229110718e-02,-1.883979290723800659e-01,-2.981565520167350769e-02,1.487853229045867920e-01,-1.545054167509078979e-01,-2.150262892246246338e-02,-3.694039583206176758e-02,6.298760324716567993e-02,6.684487685561180115e-03,-7.605351507663726807e-02,-2.625218033790588379e-02,-9.632322192192077637e-02,2.905754558742046356e-02,6.491295248270034790e-02,-2.018864452838897705e-02,1.105886474251747131e-01,1.060646213591098785e-02,6.376797333359718323e-03,1.419131159782409668e-01,4.493900015950202942e-02,8.550300449132919312e-02,-1.500762533396482468e-03,-2.380442433059215546e-02,-8.462448418140411377e-02,2.180936513468623161e-03,-1.236766725778579712e-01,-2.457894617691636086e-03,1.199898496270179749e-01,2.769585885107517242e-02,-6.849415600299835205e-02,6.156728416681289673e-02,3.736006841063499451e-02,-7.422570139169692993e-02,2.185280621051788330e-01,-9.888580441474914551e-02,-5.795474350452423096e-02,3.936057910323143005e-02,-7.964630424976348877e-02,2.916960790753364563e-02,1.038716547191143036e-02,1.590842008590698242e-01,7.039730995893478394e-02,1.350984424352645874e-01,-1.560366302728652954e-01,1.248531863093376160e-01,1.472763270139694214e-01,1.004134342074394226e-01,4.136268422007560730e-02,-2.899862080812454224e-02,1.328383237123489380e-01,4.261354357004165649e-02,-1.326385140419006348e-02,5.832294933497905731e-03,3.600840270519256592e-02,-6.383702158927917480e-02,-1.116385981440544128e-01,-1.868085563182830811e-02,-1.363884508609771729e-01,5.633975565433502197e-02,9.459146112203598022e-02,-4.334119707345962524e-02,1.448970288038253784e-01,1.248411741107702255e-02,-1.090757474303245544e-01,3.015512414276599884e-02,7.338432222604751587e-02,-3.186744451522827148e-02,-2.104693502187728882e-01,-2.647252939641475677e-02,-1.016126647591590881e-01,-6.580072641372680664e-02,-1.764173805713653564e-01
1.198150217533111572e-01,3.272388875484466553e-02,-2.602060139179229736e-01,3.153763711452484131e-02,3.946541342884302139e-03,-1.717617362737655640e-01,-2.009373903274536133e-01,-2.019719406962394714e-02,7.304040342569351196e-02,3.936406970024108887e-02,-1.186663433909416199e-01,-1.354539692401885986e-01,-6.986469775438308716e-02,-1.045904457569122314e-01,5.202568694949150085e-02,1.003909707069396973e-01,9.167136251926422119e-02,-1.032157465815544128e-01,3.398372977972030640e-02,-3.075122460722923279e-02,-8.917273581027984619e-02,1.709191501140594482e-02,1.301999986171722412e-01,1.168283224105834961e-01,2.501629479229450226e-02,9.868098795413970947e-02,2.172832787036895752e-01,-5.880927294492721558e-02,-3.229045867919921875e-02,-2.490181662142276764e-02,7.132883183658123016e-04,7.233072072267532349e-02,-1.620344072580337524e-01,7.988054305315017700e-02,-9.464542567729949951e-02,-1.072352379560470581e-01,-5.113101378083229065e-02,-7.321525365114212036e-02,7.169998250901699066e-03,1.484400033950805664e-01,3.371112793684005737e-02,1.449674367904663086e-01,-1.526356954127550125e-02,-6.663344800472259521e-02,-1.410690248012542725e-01,-5.999625101685523987e-02,9.576591104269027710e-02,-7.582370936870574951e-02,6.005695089697837830e-02,-1.009003221988677979e-01,-6.946343183517456055e-02,-6.422948092222213745e-02,2.075352221727371216e-01,1.535005867481231689e-01,1.730876415967941284e-01,-2.248948253691196442e-02,5.563782528042793274e-02,1.250731647014617920e-01,-6.367734074592590332e-02,9.433117508888244629e-02,5.542430281639099121e-02,-5.420264229178428650e-02,1.051584035158157349e-01,5.996930599212646484e-02,1.368870139122009277e-01,5.870802700519561768e-02,8.650873601436614990e-02,1.039370894432067871e-01,9.258679300546646118e-02,-1.161331310868263245e-01,4.183122143149375916e-02,-1.378098428249359131e-01,-5.108023434877395630e-02,-7.690162211656570435e-02,-7.933089137077331543e-02,6.899374723434448242e-02,1.916974037885665894e-02,1.305444687604904175e-01,-9.387521445751190186e-02,8.813900500535964966e-02,-3.322540223598480225e-02,3.827394545078277588e-02,5.396756157279014587e-02,2.316082082688808441e-02,-9.172767400741577148e-03,-3.134135156869888306e-02,5.001661926507949829e-02,-5.595112964510917664e-02,3.844290599226951599e-02,1.935015991330146790e-02,-4.119052737951278687e-02,-1.310445815324783325e-01,4.952828865498304367e-03,-2.048126906156539917e-01,-4.449681565165519714e-02,3.308553621172904968e-02,-3.831608965992927551e-02,-2.273610979318618774e-01,-1.587140373885631561e-02,-2.898469008505344391e-02,2.950709685683250427e-02,-5.032029002904891968e-02,-9.611316770315170288e-02,6.478832662105560303e-02,-6.414638366550207138e-03,-5.200986936688423157e-02,-3.775688260793685913e-02,3.062645718455314636e-02,2.995233982801437378e-02,-1.046274453401565552e-01,-6.246723234653472900e-02,-4.062467440962791443e-02,6.981448084115982056e-02,1.824421575292944908e-03,1.534503549337387085e-01,3.564627096056938171e-02,2.319045178592205048e-02,7.103610318154096603e-03,-3.332071378827095032e-02,5.138864740729331970e-02,9.459917992353439331e-02,-7.908558845520019531e-02,7.830184698104858398e-02,-3.402464091777801514e-02,-1.589356511831283569e-01,-1.839456856250762939e-01,1.035859063267707825e-01,-6.222675368189811707e-02,-2.459414005279541016e-01,2.201686799526214600e-02,-7.725337892770767212e-02,6.242893636226654053e-02,-1.209176331758499146e-02,-6.814844161272048950e-02,-6.773485988378524780e-02,-6.545746326446533203e-02,-2.712795324623584747e-02,5.060544982552528381e-02,-8.351157419383525848e-03,-3.350233659148216248e-03,8.201374113559722900e-02,-2.397100999951362610e-02,-4.989402368664741516e-02,-4.625812917947769165e-02,6.701970100402832031e-02,-1.308163702487945557e-01,-1.089862436056137085e-01,-1.882342994213104248e-01,4.432435333728790283e-02,-5.471669510006904602e-02,-7.565309107303619385e-02,6.739473342895507812e-02,2.360463142395019531e-01,-1.085557192564010620e-01,-3.700195625424385071e-02,-5.949079245328903198e-02,-6.162191554903984070e-02,-1.320078819990158081e-01,-2.867699600756168365e-02,8.472726494073867798e-02,4.454138129949569702e-02,1.128839254379272461e-01,-1.084663122892379761e-01,1.017599832266569138e-02,-6.898844242095947266e-02,1.083311513066291809e-01,4.621089994907379150e-02,-1.655197888612747192e-01,9.021432697772979736e-02,7.658990472555160522e-02,-1.420183852314949036e-02,-1.973133683204650879e-01,-9.517869353294372559e-02,-1.567034423351287842e-02,1.513917297124862671e-01,1.354907006025314331e-01,-2.778390049934387207e-01,-1.108649373054504395e-01,-1.145589649677276611e-01,-9.405183792114257812e-02,1.149358004331588745e-01,-1.570473462343215942e-01,-9.523036889731884003e-03
7.981319725513458252e-02,-4.460716247558593750e-02,7.101733237504959106e-02,-4.713449999690055847e-02,1.088138669729232788e-02,-1.381469070911407471e-01,-5.697058141231536865e-02,-3.160024061799049377e-02,-1.253984123468399048e-02,-1.018147468566894531e-01,4.724207334220409393e-03,6.287932395935058594e-02,2.176529355347156525e-02,1.492911726236343384e-01,1.691034734249114990e-01,3.769651427865028381e-02,4.100036248564720154e-02,-8.050581812858581543e-02,-3.250591084361076355e-02,3.330514952540397644e-02,7.071080058813095093e-02,-7.898508012294769287e-02,-5.418428033590316772e-02,6.615325063467025757e-02,-4.154304042458534241e-02,-4.035268723964691162e-02,-4.113278165459632874e-02,-1.285880506038665771e-01,8.634062856435775757e-02,-1.991820186376571655e-01,-2.467103861272335052e-02,7.532729953527450562e-02,-2.307364717125892639e-03,1.775058209896087646e-01,3.805845603346824646e-02,-2.085019275546073914e-02,-7.824075222015380859e-02,-1.938567496836185455e-02,-4.350155219435691833e-02,1.908490434288978577e-02,1.002507135272026062e-01,-1.484764218330383301e-01,4.748417064547538757e-02,4.647757858037948608e-02,-1.435431931167840958e-02,-2.076121047139167786e-02,-1.067280918359756470e-01,1.517912000417709351e-01,-1.758794039487838745e-01,1.264932453632354736e-01,1.865205317735671997e-01,-1.486932858824729919e-02,-5.353837832808494568e-02,1.517150923609733582e-02,-1.185063086450099945e-02,7.836685329675674438e-02,5.018716678023338318e-02,-4.689562320709228516e-02,1.681163012981414795e-01,1.678139865398406982e-01,1.374827176332473755e-01,8.768612146377563477e-02,-6.640067696571350098e-02,-1.875125244259834290e-02,-1.545450836420059204e-02,-6.575658917427062988e-02,-7.244602590799331665e-02,-3.202265594154596329e-03,1.377454996109008789e-01,3.751490265130996704e-02,-5.508672818541526794e-02,-9.056201577186584473e-02,8.579748123884201050e-02,-7.618591189384460449e-02,3.639249503612518311e-02,-1.498137414455413818e-01,6.004678830504417419e-02,1.137335151433944702e-01,3.967135027050971985e-02,-2.748495638370513916e-01,-1.389713883399963379e-01,-9.693273343145847321e-03,8.034975826740264893e-02,-9.953141212463378906e-02,3.959988802671432495e-02,-1.552853826433420181e-02,-9.049684554338455200e-02,-4.973107948899269104e-02,-7.709644734859466553e-02,7.908018305897712708e-03,-4.615864902734756470e-02,-1.170688048005104065e-01,2.972914651036262512e-02,1.698318570852279663e-01,-2.487277425825595856e-02,-2.440293785184621811e-03,-3.241121023893356323e-02,1.881004720926284790e-01,3.691470250487327576e-02,-1.083129458129405975e-02,-1.324829459190368652e-02,-1.299411524087190628e-02,-3.815010562539100647e-02,-1.666350513696670532e-01,-9.469355642795562744e-02,-1.763437092304229736e-01,-2.001406252384185791e-02,-3.212355449795722961e-02,2.118669450283050537e-02,-1.312474310398101807e-01,1.841420307755470276e-02,4.891563206911087036e-02,-1.561977267265319824e-01,-8.450546860694885254e-02,-3.685539960861206055e-02,8.607375621795654297e-02,-1.075274217873811722e-02,8.414102345705032349e-02,9.050142951309680939e-03,2.812030315399169922e-01,-1.907633841037750244e-01,-2.487097531557083130e-01,-7.754055410623550415e-02,6.876849383115768433e-02,-1.308757662773132324e-01,5.581245571374893188e-02,-1.127633824944496155e-01,-1.145807281136512756e-01,-4.747695103287696838e-02,1.311184316873550415e-01,-1.491465866565704346e-01,1.813272088766098022e-01,4.792521521449089050e-02,-9.282740950584411621e-02,1.155203133821487427e-01,1.098796539008617401e-02,5.056783556938171387e-02,6.552990525960922241e-02,2.362628579139709473e-01,-1.074609234929084778e-01,-1.354497075080871582e-01,7.674445211887359619e-02,-1.481940001249313354e-01,2.513673342764377594e-02,-1.581005454063415527e-01,2.405313700437545776e-01,2.823170460760593414e-02,-1.030982360243797302e-01,7.394886761903762817e-02,7.013751566410064697e-02,-4.474363848567008972e-02,6.837886571884155273e-02,-5.610038712620735168e-02,7.638403028249740601e-02,-5.119956657290458679e-02,-1.087223365902900696e-01,-6.276046484708786011e-02,1.654819846153259277e-01,-5.357435718178749084e-02,1.424747556447982788e-01,-1.675098985433578491e-01,5.905678868293762207e-02,-8.311907947063446045e-02,-8.526664972305297852e-02,7.329953461885452271e-02,1.721669733524322510e-01,7.451544515788555145e-03,-8.333428762853145599e-03,-6.606616079807281494e-02,-2.468902245163917542e-02,-9.512250125408172607e-02,-9.864640422165393829e-03,-1.684468090534210205e-01,1.278550270944833755e-02,-1.654753275215625763e-02,-1.433374434709548950e-01,-2.454948052763938904e-02,7.088925689458847046e-02,7.275558263063430786e-02,8.336325734853744507e-02,8.133792877197265625e-02,-1.072604060173034668e-01,5.748384073376655579e-02
7.165493071079254150e-02,4.673421382904052734e-02,-2.124767154455184937e-01,4.967753589153289795e-02,-2.814435362815856934e-01,3.115396946668624878e-02,4.367338120937347412e-02,-4.871787130832672119e-02,4.184920713305473328e-02,-1.267991065979003906e-01,4.174831137061119080e-02,1.487004477530717850e-02,-2.290141433477401733e-01,-1.272568013519048691e-02,-2.377123944461345673e-02,7.441051304340362549e-02,1.216151565313339233e-02,-1.048466935753822327e-01,7.172793895006179810e-02,-9.996471554040908813e-02,1.622985452413558960e-01,8.408384770154953003e-02,1.606808602809906006e-01,2.333555370569229126e-01,-8.641701191663742065e-02,-1.862660609185695648e-02,1.064417604357004166e-02,1.369853387586772442e-03,-1.544984877109527588e-01,-8.817711472511291504e-02,-1.232870817184448242e-01,-4.045138135552406311e-02,-4.287216439843177795e-02,1.534042134881019592e-02,-2.765571139752864838e-02,4.212809726595878601e-02,6.516461260616779327e-03,5.694229528307914734e-02,1.075543016195297241e-01,-1.173319667577743530e-01,-2.132385820150375366e-01,7.706549763679504395e-02,7.899282127618789673e-02,9.758554399013519287e-02,1.119540352374315262e-02,-3.101211227476596832e-02,-3.933293372392654419e-02,1.014817273244261742e-03,-2.481719851493835449e-02,1.270372271537780762e-01,-1.040681302547454834e-01,1.098176538944244385e-01,4.930565506219863892e-02,8.314588665962219238e-02,1.631187647581100464e-01,3.830955550074577332e-02,-8.143842220306396484e-02,7.763057015836238861e-03,-8.501890301704406738e-02,-4.486295394599437714e-03,-2.860404737293720245e-02,2.665320783853530884e-02,4.577349126338958740e-02,2.962630428373813629e-02,-6.830707192420959473e-02,-1.582180410623550415e-01,-1.668902635574340820e-01,-1.595383435487747192e-01,1.815794408321380615e-02,9.963860735297203064e-03,-8.750199340283870697e-03,-4.789605364203453064e-02,-1.164958775043487549e-01,-7.130075991153717041e-02,-5.174845829606056213e-02,1.680875569581985474e-01,1.694541051983833313e-02,8.566784672439098358e-03,8.507149666547775269e-02,-3.483409062027931213e-02,-7.435122877359390259e-02,-5.514042079448699951e-02,3.563263639807701111e-02,6.449843943119049072e-02,9.296339750289916992e-02,3.925565164536237717e-03,8.784046396613121033e-03,1.308455020189285278e-01,1.107835471630096436e-01,-1.367214620113372803e-01,-1.297682709991931915e-02,2.923182211816310883e-02,8.472286164760589600e-02,3.678082302212715149e-02,1.128152385354042053e-01,-9.310683608055114746e-02,-5.669728666543960571e-02,1.113618239760398865e-01,2.254578918218612671e-01,-3.183379536494612694e-03,-1.637344248592853546e-02,7.236250489950180054e-02,1.065867990255355835e-01,-4.292996972799301147e-02,-3.811106830835342407e-02,1.186235919594764709e-01,-1.090565398335456848e-01,-5.586407706141471863e-02,3.569896891713142395e-02,-9.039372205734252930e-02,6.501124054193496704e-02,4.656381532549858093e-02,1.756095737218856812e-01,-2.225307933986186981e-02,1.257213801145553589e-01,-1.360884159803390503e-01,-9.556923061609268188e-03,-1.325283199548721313e-01,2.047359943389892578e-02,1.027290746569633484e-01,-6.117189303040504456e-02,1.109493523836135864e-01,-1.150567606091499329e-01,1.445860252715647221e-03,-9.877043962478637695e-02,-1.777189970016479492e-01,-3.516098111867904663e-02,8.263595402240753174e-02,-9.020984917879104614e-02,-4.899729043245315552e-02,-6.486498564481735229e-02,-1.909116096794605255e-02,7.805609703063964844e-02,-1.913253567181527615e-03,1.202210634946823120e-01,4.525685682892799377e-02,-8.313941955566406250e-02,-1.018556132912635803e-01,-3.160652145743370056e-02,1.442635506391525269e-01,-1.262295693159103394e-01,4.627782851457595825e-02,-4.421616718173027039e-02,1.209892407059669495e-01,-1.080156187526881695e-03,-8.167066425085067749e-02,-1.348762363195419312e-01,-2.227389067411422729e-02,-1.603140532970428467e-01,-6.400126963853836060e-02,1.589304208755493164e-01,-2.661835961043834686e-02,9.587862342596054077e-02,-1.135224848985671997e-01,1.366385817527770996e-01,-1.555488854646682739e-01,1.028612442314624786e-02,-9.501256048679351807e-02,1.500952541828155518e-01,-1.452711373567581177e-01,-1.213734224438667297e-02,-2.715497091412544250e-02,2.758187614381313324e-02,-1.855199486017227173e-01,1.877222559414803982e-03,1.747508719563484192e-02,2.264149785041809082e-01,1.501949038356542587e-02,3.639095230028033257e-04,-6.169322878122329712e-02,1.872284337878227234e-02,-9.379342198371887207e-02,-5.034758895635604858e-02,4.277492314577102661e-02,1.275723427534103394e-01,1.216337978839874268e-01,4.654685780405998230e-02,9.130544960498809814e-02,-1.349993497133255005e-01,-4.943761043250560760e-03,2.621738985180854797e-02,1.298700869083404541e-01,2.812758833169937134e-02
4.136665910482406616e-02,1.792158037424087524e-01,-1.735568046569824219e-02,-1.181917116045951843e-01,-1.594602018594741821e-01,-1.244798749685287476e-01,-9.799236804246902466e-02,2.791648171842098236e-02,1.774605177342891693e-02,-1.544966250658035278e-01,5.521966889500617981e-02,-6.124734506011009216e-02,1.869565695524215698e-01,1.947306543588638306e-01,1.548406183719635010e-01,-2.373374253511428833e-02,-1.997965425252914429e-01,-8.970876224339008331e-03,-9.365353733301162720e-02,-1.552125345915555954e-02,-2.413220703601837158e-02,5.041554197669029236e-02,7.704126089811325073e-02,-1.007723510265350342e-01,-1.458304375410079956e-01,-3.429198637604713440e-02,3.191133216023445129e-02,-2.216274105012416840e-02,2.044793516397476196e-01,-3.191051259636878967e-02,1.272820495069026947e-02,3.097932599484920502e-02,-6.644303351640701294e-02,1.250381954014301300e-02,8.845137804746627808e-02,-1.544003933668136597e-02,2.078335434198379517e-01,-6.017783656716346741e-02,1.904257088899612427e-01,1.372278779745101929e-01,6.565107498317956924e-03,-1.662709936499595642e-02,6.560540944337844849e-02,9.853840805590152740e-03,7.468495517969131470e-02,-2.767034992575645447e-02,1.047847941517829895e-01,1.292374134063720703e-01,-5.451740697026252747e-02,1.807220727205276489e-01,1.609464734792709351e-01,-7.015714794397354126e-02,-2.486429549753665924e-02,2.179137021303176880e-01,1.842355430126190186e-01,1.299626976251602173e-01,2.227907925844192505e-01,1.004248261451721191e-01,1.694184541702270508e-01,-1.607566699385643005e-02,5.406304076313972473e-02,1.203842982649803162e-01,-2.354138046503067017e-01,-1.226604729890823364e-01,1.053007245063781738e-01,-6.984390318393707275e-02,-6.924172490835189819e-02,-9.275400638580322266e-02,-6.215001642704010010e-02,3.196968510746955872e-02,5.114992335438728333e-02,-8.791503496468067169e-03,1.179559305310249329e-01,1.263535320758819580e-01,9.136126935482025146e-02,-2.161408364772796631e-01,-2.554130852222442627e-01,-3.621916472911834717e-02,5.827795341610908508e-02,-1.595035381615161896e-02,8.218466304242610931e-03,3.730970993638038635e-02,1.645170152187347412e-01,1.915986984968185425e-01,-1.489863693714141846e-01,7.798971235752105713e-02,-1.626880490221083164e-03,7.216461002826690674e-02,-1.160295903682708740e-01,-8.106365799903869629e-02,9.047158807516098022e-02,-4.533163085579872131e-02,1.254601180553436279e-01,6.613510847091674805e-02,-9.920629113912582397e-02,-9.154693037271499634e-02,-5.502081289887428284e-02,-1.063086986541748047e-01,-1.030479148030281067e-01,8.160801231861114502e-02,1.063882037997245789e-01,9.329422563314437866e-02,2.516177892684936523e-01,5.570082925260066986e-03,-6.755487620830535889e-02,-2.253045560792088509e-03,-9.862932376563549042e-03,-9.324630349874496460e-02,-2.206095904111862183e-01,2.597838640213012695e-02,1.129854694008827209e-01,-6.010551378130912781e-02,4.159339517354965210e-02,-1.146206408739089966e-01,1.850232481956481934e-01,1.126939877867698669e-01,-6.173641607165336609e-02,-4.263127595186233521e-02,1.448614299297332764e-01,5.897444486618041992e-02,1.485741436481475830e-01,4.815194755792617798e-02,4.315725713968276978e-02,4.799590632319450378e-02,-9.968741238117218018e-02,-8.537917584180831909e-02,-5.111351236701011658e-02,2.316394746303558350e-01,-1.488766372203826904e-01,1.024130061268806458e-01,-1.132227480411529541e-01,-8.750193566083908081e-02,2.156623080372810364e-02,-9.813369251787662506e-03,-1.126683056354522705e-01,-1.943706870079040527e-01,1.169811934232711792e-01,6.601603329181671143e-02,-9.169459342956542969e-02,-2.872907817363739014e-01,1.363722532987594604e-01,-1.596120744943618774e-02,3.903618082404136658e-02,-3.936405293643474579e-03,-8.122602850198745728e-02,4.570562765002250671e-02,1.154923066496849060e-02,-2.247371897101402283e-02,-1.005383282899856567e-01,1.099999547004699707e-01,1.523504704236984253e-01,1.456991583108901978e-01,3.309504315257072449e-02,1.858466565608978271e-01,-5.671359971165657043e-02,-1.663411259651184082e-01,7.058263570070266724e-02,1.158273518085479736e-01,5.436779558658599854e-02,1.512938737869262695e-01,-7.285105437040328979e-02,-4.608592018485069275e-02,2.049013227224349976e-01,2.467806786298751831e-01,-7.839898020029067993e-02,2.291558235883712769e-01,7.206900417804718018e-02,1.669883280992507935e-01,-2.442041225731372833e-02,1.174518913030624390e-01,-9.023615717887878418e-02,4.566545411944389343e-02,1.179808601737022400e-01,2.698445916175842285e-01,-5.489754676818847656e-02,9.793312847614288330e-02,3.856901824474334717e-02,9.375929087400436401e-02,2.666368894279003143e-02,-1.343648135662078857e-01,-1.654156111180782318e-02,-6.080280989408493042e-02,6.663435697555541992e-02
1.324193030595779419e-01,7.864890992641448975e-02,-1.001600548624992371e-01,-5.742030218243598938e-02,1.272376626729965210e-02,1.449078172445297241e-01,-1.108344569802284241e-01,-7.436389476060867310e-02,1.244437322020530701e-01,2.026745080947875977e-01,-2.125320956110954285e-02,3.560628741979598999e-02,2.218045145273208618e-01,5.758036673069000244e-02,-4.796930775046348572e-02,8.158607780933380127e-02,7.985457032918930054e-02,3.348550572991371155e-02,4.046087339520454407e-02,5.059247836470603943e-02,3.440978005528450012e-02,5.032444000244140625e-02,8.358737826347351074e-02,2.093046531081199646e-02,-1.145948022603988647e-01,-3.501731157302856445e-02,-7.334585487842559814e-02,1.558832377195358276e-01,-3.221415355801582336e-02,-6.859375163912773132e-03,2.735045179724693298e-02,6.786868721246719360e-02,7.409557700157165527e-03,8.338034152984619141e-02,6.996309757232666016e-02,1.019414812326431274e-01,2.381978482007980347e-01,9.474269300699234009e-02,1.318969279527664185e-01,3.589460253715515137e-02,-1.155028715729713440e-01,7.728018611669540405e-02,-2.040488272905349731e-02,-1.092479526996612549e-01,-5.452862009406089783e-02,-7.992554455995559692e-02,9.429648518562316895e-03,1.666728556156158447e-01,4.085924476385116577e-02,-6.383296102285385132e-02,2.847424447536468506e-01,-9.856471419334411621e-02,-1.378219425678253174e-01,7.945286482572555542e-02,-1.742738187313079834e-01,5.998207628726959229e-02,5.372758582234382629e-02,-8.950582146644592285e-02,-2.358709089457988739e-02,5.861855112016201019e-03,8.680281043052673340e-02,-7.850931957364082336e-03,-3.637519478797912598e-02,-1.593547314405441284e-01,-1.994962692260742188e-01,-1.420319974422454834e-01,-4.143433645367622375e-02,-2.496811747550964355e-02,2.096786536276340485e-02,-1.229020999744534492e-03,-4.389506950974464417e-02,2.270193025469779968e-02,-1.127352118492126465e-01,-9.487833827733993530e-02,-4.802643507719039917e-02,4.962478578090667725e-02,-2.315993607044219971e-02,-7.445079740136861801e-03,-7.160537876188755035e-03,3.021560842171311378e-03,1.024846956133842468e-01,-2.039890736341476440e-01,-1.046219989657402039e-01,8.804613351821899414e-02,-9.128467738628387451e-02,2.849584221839904785e-01,-1.027682702988386154e-02,4.518546909093856812e-02,-8.236552029848098755e-02,1.551730781793594360e-01,-1.203588470816612244e-01,2.061545476317405701e-02,1.942276209592819214e-01,1.150555163621902466e-01,-2.033537626266479492e-02,1.235449220985174179e-02,4.962883889675140381e-02,8.256328105926513672e-02,-1.069451048970222473e-01,-8.761158585548400879e-02,-2.088585644960403442e-01,-5.406019836664199829e-02,4.838584363460540771e-02,2.733735926449298859e-02,1.514975912868976593e-02,1.062743738293647766e-01,3.844305872917175293e-03,-8.925817161798477173e-02,-1.249448582530021667e-01,-1.137581244111061096e-01,-8.628065139055252075e-02,3.305543586611747742e-02,-1.149525120854377747e-02,1.075527723878622055e-02,2.278079539537429810e-01,1.587989740073680878e-02,-1.142237633466720581e-01,1.370616815984249115e-02,-3.929516673088073730e-02,2.865095064043998718e-02,9.829773008823394775e-02,-2.764168893918395042e-03,-2.427088283002376556e-02,1.224884483963251114e-02,8.026646822690963745e-02,1.057631000876426697e-01,2.503914013504981995e-02,5.811540875583887100e-03,2.535277791321277618e-02,-9.183166921138763428e-02,1.358192265033721924e-01,1.310583949089050293e-01,-7.331943511962890625e-02,-6.985396146774291992e-03,-1.734189838171005249e-01,1.237699538469314575e-01,5.365479364991188049e-02,8.075928688049316406e-02,-4.904851317405700684e-02,8.107268065214157104e-02,-7.465928047895431519e-02,4.362307488918304443e-02,-2.423606812953948975e-02,-1.309573650360107422e-01,-1.449879705905914307e-01,1.562601625919342041e-01,1.364156901836395264e-01,-1.706541180610656738e-01,-1.337700635194778442e-01,3.628115169703960419e-03,5.091605708003044128e-02,-2.929252944886684418e-02,-9.755540639162063599e-03,1.557255089282989502e-01,1.211777776479721069e-01,-6.669583916664123535e-02,-1.614885628223419189e-01,-8.825353533029556274e-02,-1.503241360187530518e-01,-1.311023980379104614e-01,-1.440217345952987671e-01,-2.214407734572887421e-02,-5.008855834603309631e-02,-2.609091699123382568e-01,-1.279611885547637939e-01,-1.527703553438186646e-02,4.102818667888641357e-02,-1.548214703798294067e-01,2.598571777343750000e-01,-1.513361036777496338e-01,-1.490279566496610641e-03,1.238288283348083496e-01,5.157152190804481506e-02,-1.002100259065628052e-01,1.029857695102691650e-01,4.934092611074447632e-02,-3.760585188865661621e-02,-8.629839122295379639e-02,-8.551197126507759094e-03,-7.428348064422607422e-02,-2.273186109960079193e-02,-3.998830541968345642e-02,-2.717395871877670288e-02
1.799299567937850952e-01,-9.049468487501144409e-02,-1.573366075754165649e-01,8.508066646754741669e-03,-8.664575964212417603e-02,-7.060316950082778931e-02,-1.733482815325260162e-02,-7.270330190658569336e-02,6.457034498453140259e-02,-7.109558582305908203e-02,1.527569293975830078e-01,-6.747187674045562744e-02,9.953008592128753662e-02,-1.472142338752746582e-01,1.939862780272960663e-02,-1.075879484415054321e-02,-5.584817379713058472e-02,1.113718450069427490e-01,-7.537610083818435669e-02,-3.934726119041442871e-02,-6.970993429422378540e-02,7.552651315927505493e-02,-4.378592222929000854e-02,3.712935373187065125e-02,-3.717896342277526855e-02,-6.360488384962081909e-02,2.607327699661254883e-02,3.541274229064583778e-03,-6.224713101983070374e-02,6.175855547189712524e-02,-1.386197805404663086e-01,9.755542874336242676e-02,-2.171497792005538940e-01,9.952896088361740112e-02,1.083985790610313416e-01,-1.289808899164199829e-01,1.331200823187828064e-03,9.592220187187194824e-02,-1.204819753766059875e-01,8.750732988119125366e-02,-3.698401525616645813e-02,-2.835524827241897583e-02,-8.953739702701568604e-02,-7.771802693605422974e-02,-3.158227354288101196e-02,-1.034011617302894592e-01,-6.799597293138504028e-02,-5.633018910884857178e-02,-8.569825440645217896e-03,-1.258965283632278442e-01,-1.177960634231567383e-01,-4.541966691613197327e-02,-2.664057165384292603e-02,-1.065675169229507446e-01,7.074967958033084869e-03,1.592731922864913940e-01,7.339181844145059586e-03,-3.933826833963394165e-02,-1.481436192989349365e-01,5.687230080366134644e-02,8.865338563919067383e-02,-6.373578310012817383e-02,1.566445231437683105e-01,2.589826881885528564e-01,9.206283837556838989e-02,1.561786532402038574e-01,-1.134496927261352539e-02,-6.278032902628183365e-03,-8.528909529559314251e-04,-5.565628036856651306e-02,3.137210756540298462e-02,-1.232662145048379898e-02,8.143678307533264160e-02,-5.620165914297103882e-02,-2.214714512228965759e-02,-1.071564927697181702e-01,-1.625023409724235535e-02,1.456791758537292480e-01,8.691650629043579102e-02,-3.863033279776573181e-02,5.228477343916893005e-02,5.682765506207942963e-03,9.456074982881546021e-02,-7.991118729114532471e-02,6.181954964995384216e-02,1.063285022974014282e-01,5.908823013305664062e-02,1.380211561918258667e-01,1.033225283026695251e-01,-4.413387738168239594e-03,4.127774387598037720e-02,1.115052029490470886e-01,-8.897004649043083191e-03,-8.870977163314819336e-02,9.100499562919139862e-03,1.782511547207832336e-02,-7.220709323883056641e-02,1.562705636024475098e-01,-1.076599955558776855e-01,1.567023061215877533e-02,6.102608144283294678e-02,-1.600110828876495361e-01,5.326306447386741638e-02,-1.292971372604370117e-01,-6.261008977890014648e-02,-1.190927904099225998e-02,1.083185225725173950e-01,-7.612451445311307907e-04,1.198415383696556091e-01,-9.041901677846908569e-02,-1.276761293411254883e-01,5.407378077507019043e-02,1.107481345534324646e-01,-2.626603841781616211e-02,6.183495372533798218e-02,-1.026003509759902954e-01,6.928450614213943481e-02,3.894028440117835999e-02,2.457612939178943634e-02,-2.287848591804504395e-01,8.265321701765060425e-02,2.410483658313751221e-01,1.196001395583152771e-01,1.467702090740203857e-01,-6.239573284983634949e-02,1.713214516639709473e-01,1.060233935713768005e-01,-4.652970004826784134e-03,2.704332470893859863e-01,-2.851147018373012543e-02,-5.047329142689704895e-02,-1.353485882282257080e-01,-4.420138895511627197e-03,-7.773251831531524658e-02,-9.937467426061630249e-02,-1.360276639461517334e-01,5.793634429574012756e-02,-1.101175509393215179e-02,7.515466958284378052e-02,-4.339329525828361511e-02,-3.502316176891326904e-01,-8.135470747947692871e-02,-1.490513831377029419e-01,-1.479443758726119995e-01,1.477050483226776123e-01,-1.319148950278759003e-02,9.214006364345550537e-02,-8.999084122478961945e-03,4.937775898724794388e-03,1.275441516190767288e-02,1.535266041755676270e-01,8.073984086513519287e-02,-4.784007743000984192e-02,-2.849043607711791992e-01,-1.047227084636688232e-01,-2.706517092883586884e-02,-9.457145631313323975e-02,2.223748713731765747e-02,-2.328127808868885040e-02,1.024113446474075317e-01,1.201657876372337341e-01,-1.540012210607528687e-01,8.216744288802146912e-03,-3.794696927070617676e-02,1.383110433816909790e-01,2.618261277675628662e-01,-3.650541976094245911e-02,-7.071435917168855667e-03,-5.026142671704292297e-02,-2.859400026500225067e-02,7.202509324997663498e-03,1.294430643320083618e-01,1.346554160118103027e-01,-6.186362728476524353e-02,4.196438193321228027e-02,2.267594784498214722e-01,-2.217630296945571899e-02,1.423391997814178467e-01,8.674292266368865967e-02,1.457455195486545563e-02,1.356124728918075562e-01,-1.888367086648941040e-01,-1.414620503783226013e-02
-9.754770994186401367e-02,-6.269235908985137939e-02,-1.319255679845809937e-01,-1.537237018346786499e-01,4.083720967173576355e-02,-1.506561934947967529e-01,-1.699267178773880005e-01,1.060693487524986267e-01,2.578301541507244110e-02,-6.352222710847854614e-02,5.880860611796379089e-02,-5.533988773822784424e-02,-4.899406805634498596e-03,-9.340793639421463013e-02,7.953262329101562500e-02,9.311792254447937012e-02,-1.107012927532196045e-01,-6.250527501106262207e-02,7.863094098865985870e-03,-1.309296786785125732e-01,2.253406681120395660e-02,1.790066510438919067e-01,-1.087084133177995682e-02,-8.614756911993026733e-02,-1.267441511154174805e-01,-1.188588514924049377e-01,-9.641093015670776367e-02,-9.701427817344665527e-02,-7.701756805181503296e-02,-1.536134928464889526e-01,-1.525847762823104858e-01,-1.811856031417846680e-01,-3.981860727071762085e-02,-1.170263215899467468e-01,-1.404451429843902588e-01,-1.003521773964166641e-02,1.324245035648345947e-01,-8.784127235412597656e-02,1.515296697616577148e-01,2.475531771779060364e-02,-1.280484497547149658e-01,-8.204271644353866577e-02,-9.148600697517395020e-02,-2.154296934604644775e-01,-9.453595429658889771e-02,-2.230646833777427673e-02,-6.522699445486068726e-02,8.269153535366058350e-02,8.444876223802566528e-02,1.516436692327260971e-02,1.786823272705078125e-01,2.115683704614639282e-01,4.845112189650535583e-02,1.766842454671859741e-01,2.501915693283081055e-01,-1.822597347199916840e-02,4.293983057141304016e-02,-1.010744273662567139e-02,-2.262361720204353333e-02,1.293422728776931763e-01,6.103797629475593567e-02,-1.503958106040954590e-01,2.231007218360900879e-01,-6.994077563285827637e-02,7.143810391426086426e-02,-7.020643353462219238e-02,-9.814101457595825195e-02,3.786777704954147339e-02,-2.204505726695060730e-02,-1.321473866701126099e-01,2.188742905855178833e-02,-3.413349390029907227e-02,-1.238822862505912781e-01,1.201729699969291687e-01,4.769689589738845825e-02,-2.039220333099365234e-01,-3.621020913124084473e-02,-3.155826777219772339e-02,1.350088268518447876e-01,9.334521740674972534e-02,7.589944452047348022e-02,-1.058105900883674622e-01,-3.175298916175961494e-04,-2.351683378219604492e-02,1.079834774136543274e-01,4.852927755564451218e-03,1.155081577599048615e-02,9.450213611125946045e-02,-3.399399667978286743e-02,-3.621899709105491638e-02,6.505961064249277115e-03,-2.098236829042434692e-01,1.577680557966232300e-02,8.762051165103912354e-02,-1.018624976277351379e-01,1.014576256275177002e-01,1.343941539525985718e-01,2.454041317105293274e-02,-7.675344496965408325e-02,-9.000892937183380127e-02,-8.327975869178771973e-02,1.137337274849414825e-02,1.962971687316894531e-02,-1.515456587076187134e-01,1.412921845912933350e-01,-9.998925030231475830e-02,-1.965419799089431763e-01,-5.209900066256523132e-02,-4.382344335317611694e-02,-1.269463170319795609e-02,-2.067943066358566284e-01,1.236747652292251587e-01,-1.500306725502014160e-01,2.684848941862583160e-02,6.259626150131225586e-02,-1.210586279630661011e-01,-1.335271894931793213e-01,5.247695371508598328e-02,5.476667359471321106e-02,-1.255065798759460449e-01,-2.550901286303997040e-02,6.065791100263595581e-02,-6.087959557771682739e-02,-7.295463234186172485e-02,5.034599825739860535e-02,7.740787416696548462e-02,-5.461546033620834351e-02,1.634206622838973999e-01,-8.558679372072219849e-02,-1.681737899780273438e-01,-1.127296313643455505e-01,5.627812352031469345e-03,8.234247565269470215e-02,9.319441765546798706e-02,-1.962579786777496338e-01,-1.387717127799987793e-01,-1.134577486664056778e-02,4.293044656515121460e-02,-1.459684967994689941e-01,7.706514745950698853e-02,4.346504434943199158e-02,-1.107191145420074463e-01,-8.972699195146560669e-02,-8.814214915037155151e-02,-7.411550730466842651e-02,1.520550809800624847e-02,1.126410514116287231e-01,-7.663875818252563477e-02,-5.696153640747070312e-02,-1.522714048624038696e-01,2.195360511541366577e-02,5.697687342762947083e-02,-1.271848827600479126e-01,1.128988340497016907e-02,2.837664447724819183e-02,2.692998647689819336e-01,9.567660093307495117e-02,-2.359224855899810791e-01,-2.725097239017486572e-01,1.121907308697700500e-02,-6.887760944664478302e-03,8.148131519556045532e-02,-2.055567353963851929e-01,6.097321584820747375e-02,-6.227833218872547150e-04,-9.398604929447174072e-02,3.423545882105827332e-02,-1.196744963526725769e-01,-9.943043440580368042e-02,-2.100173383951187134e-01,3.171899542212486267e-02,5.624838918447494507e-02,-1.023009344935417175e-01,-7.424498349428176880e-02,-5.896062776446342468e-02,-1.004895865917205811e-01,-4.929600656032562256e-02,5.614949762821197510e-02,1.251679956912994385e-01,-5.408182367682456970e-02,-1.045157685875892639e-01,1.130144968628883362e-01,-2.688954770565032959e-02
9.104845672845840454e-02,-1.158250495791435242e-01,9.387641400098800659e-02,9.126372635364532471e-03,5.597247555851936340e-02,1.726402938365936279e-01,-3.111840970814228058e-02,-1.408877521753311157e-01,6.652110069990158081e-02,6.869834847748279572e-03,5.629556253552436829e-03,5.690018087625503540e-02,-5.413283780217170715e-02,4.087969288229942322e-02,1.648034453392028809e-01,1.451208442449569702e-01,-2.503634057939052582e-02,-2.400328172370791435e-03,1.420737951993942261e-01,-8.387277834117412567e-03,-1.013783365488052368e-01,6.324889510869979858e-02,1.633325219154357910e-02,-4.274462908506393433e-02,1.133466511964797974e-01,6.603633519262075424e-03,9.218681603670120239e-02,2.509391866624355316e-02,-1.023781821131706238e-01,1.290547102689743042e-01,-1.687033772468566895e-01,-1.695466190576553345e-01,-9.131443500518798828e-02,9.708821773529052734e-02,-3.374411538243293762e-02,1.950558871030807495e-01,9.842646121978759766e-02,5.071041360497474670e-02,6.779575347900390625e-02,1.223820894956588745e-01,1.749484091997146606e-01,1.568438410758972168e-01,-7.007926702499389648e-02,2.963067293167114258e-01,-6.847799569368362427e-02,-1.751321926712989807e-02,8.025223016738891602e-02,-5.362992733716964722e-02,1.627955734729766846e-01,-3.171266056597232819e-03,-7.864566892385482788e-02,9.142979234457015991e-02,1.148464828729629517e-01,-2.286638692021369934e-02,-6.522069126367568970e-02,-1.156802922487258911e-01,-6.722216308116912842e-02,-8.508417010307312012e-02,1.243026256561279297e-01,-5.854736641049385071e-02,-9.573276340961456299e-02,-2.506449818611145020e-02,1.685149036347866058e-02,5.601542815566062927e-02,1.007121130824089050e-01,1.151620149612426758e-01,1.846613921225070953e-02,9.516503661870956421e-02,1.110737696290016174e-01,-8.163437247276306152e-02,-2.194684892892837524e-01,6.108724698424339294e-02,1.130223572254180908e-01,-4.380851611495018005e-02,2.656734734773635864e-02,-3.258058801293373108e-02,-4.509810358285903931e-02,-1.239351276308298111e-02,-7.308281958103179932e-02,4.892568290233612061e-02,-6.234319508075714111e-02,2.651558257639408112e-02,5.237521976232528687e-02,-2.087352424860000610e-02,-5.360856279730796814e-02,9.523619711399078369e-02,-6.171386316418647766e-02,-4.229695349931716919e-02,6.383831053972244263e-02,6.007470935583114624e-02,3.519799932837486267e-02,-4.059092700481414795e-02,-1.180682405829429626e-01,1.208647936582565308e-01,1.457697749137878418e-01,4.045276716351509094e-02,-5.083090066909790039e-02,4.532505571842193604e-02,-1.315228492021560669e-01,9.745506942272186279e-02,-1.866307705640792847e-01,6.820477545261383057e-02,-6.128123775124549866e-02,8.701915293931961060e-02,3.311913833022117615e-02,9.471942484378814697e-02,8.459657430648803711e-02,-1.928854584693908691e-01,1.068859919905662537e-02,2.225324660539627075e-01,3.602793067693710327e-02,9.115327894687652588e-02,1.091068312525749207e-01,-2.323776334524154663e-01,1.765408515930175781e-01,2.428345084190368652e-01,1.392206251621246338e-01,4.886263236403465271e-02,1.713133752346038818e-01,-2.304115705192089081e-02,6.796414405107498169e-02,-1.173667758703231812e-01,1.221779435873031616e-01,2.011877745389938354e-01,9.199476800858974457e-03,5.861204117536544800e-02,8.320704847574234009e-02,-1.259483844041824341e-01,4.493434447795152664e-03,-1.347060948610305786e-01,1.446214318275451660e-01,-5.939580872654914856e-02,1.250460594892501831e-01,1.003004908561706543e-01,-1.457386836409568787e-02,-1.267605740576982498e-02,-1.636243313550949097e-01,1.752971485257148743e-02,1.123486533761024475e-01,-6.531489640474319458e-02,-8.695337176322937012e-02,1.899992302060127258e-02,-6.348218023777008057e-02,3.223973792046308517e-03,-4.833236709237098694e-02,4.437947645783424377e-02,-1.731991767883300781e-02,1.610476672649383545e-01,3.842692077159881592e-02,-4.590554907917976379e-02,-2.721648663282394409e-02,1.799831390380859375e-01,2.152088135480880737e-01,8.172795921564102173e-02,7.014450430870056152e-02,1.320515722036361694e-01,-2.306689918041229248e-01,2.548823356628417969e-01,4.105070978403091431e-02,1.705948710441589355e-01,-2.426261082291603088e-02,8.571945363655686378e-04,-5.041040852665901184e-02,3.719074726104736328e-01,5.954354628920555115e-02,1.536122858524322510e-01,3.452188894152641296e-02,5.374850332736968994e-02,-7.815224677324295044e-02,-1.126496419310569763e-01,8.463539928197860718e-02,-3.422057628631591797e-02,4.354901239275932312e-02,8.556553721427917480e-02,-8.579701185226440430e-02,1.161518767476081848e-01,2.979496307671070099e-02,4.796563088893890381e-02,-1.583365350961685181e-01,-1.694862842559814453e-01,-1.300850659608840942e-01,-1.908156648278236389e-02,-3.625709936022758484e-02
1.055183727294206619e-02,-2.156527712941169739e-02,8.795189112424850464e-02,4.487507417798042297e-02,-9.931383281946182251e-02,2.961461432278156281e-02,7.371445745229721069e-02,-2.095146477222442627e-01,-1.042225584387779236e-01,9.983548521995544434e-02,-2.515392191708087921e-02,4.848262667655944824e-02,-6.479077786207199097e-02,-2.675617635250091553e-01,3.420810401439666748e-02,-8.946080692112445831e-03,-5.457258597016334534e-02,2.682546079158782959e-01,-6.273095309734344482e-02,-5.211673676967620850e-02,1.468133740127086639e-02,1.753842681646347046e-01,1.174408420920372009e-01,1.690739691257476807e-01,-8.363503217697143555e-02,-1.337855607271194458e-01,-5.609312094748020172e-03,-6.336718052625656128e-02,-1.613788008689880371e-01,1.668616570532321930e-02,-1.615218520164489746e-01,-8.941523730754852295e-02,-1.736340969800949097e-01,9.772957116365432739e-02,-7.144603133201599121e-02,1.678046435117721558e-01,2.012817561626434326e-02,-1.090126037597656250e-01,-9.675863385200500488e-02,2.367948144674301147e-01,9.130626171827316284e-02,-7.314253598451614380e-02,-1.770394667983055115e-02,8.556846529245376587e-02,1.027272567152976990e-01,-1.264732331037521362e-01,-5.291814729571342468e-02,-4.697136580944061279e-02,-1.291486769914627075e-01,-1.268018335103988647e-01,-7.584854215383529663e-02,-2.216262742877006531e-02,3.641207888722419739e-02,-1.595164388418197632e-01,-1.137637570500373840e-01,-6.590218096971511841e-02,-7.298504561185836792e-02,-8.930324018001556396e-02,4.823942482471466064e-02,-5.078916996717453003e-02,-2.681613713502883911e-02,-5.485884100198745728e-02,-9.974624216556549072e-02,-4.487424716353416443e-02,4.628380388021469116e-02,3.499510139226913452e-02,1.275498718023300171e-01,2.924741506576538086e-01,-5.447145178914070129e-02,-1.180400401353836060e-01,9.728051722049713135e-03,9.709393978118896484e-02,6.128301844000816345e-02,-1.506687402725219727e-01,-6.311091594398021698e-03,8.622619509696960449e-02,-2.950808405876159668e-02,-1.505972594022750854e-01,1.781960390508174896e-02,3.082807874307036400e-03,6.547142565250396729e-02,-1.352380495518445969e-02,-5.361768230795860291e-02,-1.369032561779022217e-01,-7.171946926973760128e-04,-3.549476340413093567e-02,-6.266715377569198608e-02,-7.475437223911285400e-02,-1.085878983139991760e-01,-1.864332892000675201e-02,-9.739735722541809082e-02,-1.898714341223239899e-02,-1.122769266366958618e-01,1.456140074878931046e-02,3.110956586897373199e-02,1.726890206336975098e-01,-6.862700730562210083e-02,-4.068165272474288940e-02,2.008432596921920776e-01,1.018706336617469788e-01,-1.200150139629840851e-02,-5.079068709164857864e-03,9.683536738157272339e-02,-2.115029655396938324e-02,3.571917116641998291e-02,1.389199644327163696e-01,-9.462681412696838379e-02,3.218270838260650635e-02,-8.169709891080856323e-02,8.589954674243927002e-02,3.123199567198753357e-02,1.190207302570343018e-01,2.113301120698451996e-02,4.623003304004669189e-02,-9.187661111354827881e-02,-3.081208765506744385e-01,1.253052651882171631e-01,2.749369144439697266e-01,1.172575503587722778e-01,-1.979868859052658081e-01,1.007578149437904358e-01,-6.004834920167922974e-02,9.647887945175170898e-02,-1.483038906008005142e-02,-2.596179954707622528e-02,-5.388234555721282959e-02,-3.588981181383132935e-02,3.989949822425842285e-02,-5.511388555169105530e-02,1.442060172557830811e-01,5.035768449306488037e-02,-1.554199606180191040e-01,1.752714961767196655e-01,-1.312875468283891678e-02,-3.279334679245948792e-02,4.762908071279525757e-02,-2.476550638675689697e-01,-2.661467902362346649e-02,-1.063513755798339844e-02,-1.874428801238536835e-02,3.226462751626968384e-02,6.721656024456024170e-02,6.082738935947418213e-02,8.980313688516616821e-02,-1.422217786312103271e-01,-1.517225354909896851e-01,-1.411648746579885483e-02,3.768862783908843994e-02,8.598564565181732178e-02,2.181313559412956238e-02,-1.076748315244913101e-02,8.291583508253097534e-02,-2.701195478439331055e-01,-7.930297404527664185e-02,1.316781491041183472e-01,1.606687903404235840e-01,5.160457920283079147e-03,-8.064216375350952148e-02,1.349700242280960083e-01,-4.045807570219039917e-02,1.557174026966094971e-01,-9.096064418554306030e-02,4.395556449890136719e-02,1.955046057701110840e-01,-6.505249533802270889e-03,8.109772950410842896e-02,-7.439386099576950073e-02,1.718542277812957764e-01,6.414122134447097778e-02,7.359290122985839844e-02,2.294422835111618042e-01,-8.896755427122116089e-02,-1.297679692506790161e-01,2.601722627878189087e-02,1.146411225199699402e-01,-5.852798372507095337e-02,-5.504030734300613403e-02,-8.212921023368835449e-02,-1.976319253444671631e-01,-1.227950751781463623e-01,1.609151959419250488e-01,-1.791978329420089722e-01,-1.204319298267364502e-01
-1.119688227772712708e-01,1.385092642158269882e-02,-3.095932770520448685e-04,-9.742791205644607544e-02,-4.056798759847879410e-03,-1.339966356754302979e-01,-9.066150523722171783e-03,-1.188280992209911346e-02,1.349962204694747925e-01,-4.799687117338180542e-02,-1.434603929519653320e-01,4.196341335773468018e-02,6.157202646136283875e-02,-2.535940147936344147e-03,2.793873101472854614e-02,-8.157058805227279663e-02,-1.190759465098381042e-01,-3.440937772393226624e-02,8.204612880945205688e-02,-2.365426160395145416e-02,-2.939411066472530365e-02,1.884929277002811432e-02,9.027733653783798218e-02,1.407794803380966187e-01,5.369312688708305359e-02,-1.427553296089172363e-01,1.787694357335567474e-02,-1.650786846876144409e-01,-6.661023199558258057e-02,6.120493635535240173e-02,1.517003774642944336e-01,-8.254880458116531372e-02,6.367249879986047745e-03,1.941282153129577637e-01,-4.154645651578903198e-02,-3.321540355682373047e-02,-4.955304320901632309e-03,-3.232378885149955750e-02,5.669138953089714050e-02,3.385822474956512451e-01,-1.689311414957046509e-01,5.726584699004888535e-03,-8.042493462562561035e-02,1.153345499187707901e-02,1.684917211532592773e-01,-2.083809301257133484e-02,2.074608020484447479e-02,-1.267661154270172119e-01,-2.165211141109466553e-01,1.159220584668219090e-03,1.074389219284057617e-01,1.202566176652908325e-01,-1.317270696163177490e-01,-7.944732904434204102e-02,-7.135667651891708374e-02,-1.214566901326179504e-01,7.857244461774826050e-03,1.232634410262107849e-01,-5.337362363934516907e-02,1.750827729701995850e-01,8.624061197042465210e-02,1.439443230628967285e-02,1.173084750771522522e-01,-1.027109026908874512e-01,1.117426007986068726e-01,-5.612669140100479126e-02,4.493392631411552429e-02,-1.345859766006469727e-01,1.373367607593536377e-01,-2.512392587959766388e-03,-2.167194709181785583e-02,-7.100197672843933105e-02,2.000947147607803345e-01,2.881833538413047791e-02,8.114219456911087036e-02,4.594840109348297119e-02,3.743833303451538086e-02,1.380270272493362427e-01,3.608469665050506592e-02,-9.410310536623001099e-03,6.717537343502044678e-02,-1.713208556175231934e-01,-6.198118254542350769e-02,8.825547248125076294e-02,-1.557571291923522949e-01,2.562731788202654570e-05,1.088011711835861206e-01,1.058681961148977280e-02,1.263643354177474976e-01,-3.726198896765708923e-02,-2.561416849493980408e-02,2.297946484759449959e-03,-1.204356476664543152e-01,-5.793296918272972107e-02,2.161117270588874817e-02,-6.454211473464965820e-02,1.152038127183914185e-01,-3.171847015619277954e-02,-1.466461718082427979e-01,1.064743921160697937e-01,1.833635568618774414e-02,2.457033991813659668e-01,7.445432245731353760e-02,1.129969805479049683e-01,-4.994454979896545410e-02,1.931866048835217953e-03,-1.191794574260711670e-01,6.393904983997344971e-02,2.943075299263000488e-01,4.717755690217018127e-02,1.055677086114883423e-01,-2.141915820538997650e-02,-1.608823426067829132e-03,9.038790129125118256e-03,-1.006704568862915039e-01,2.658023312687873840e-02,-7.432784885168075562e-02,-7.924712449312210083e-02,-1.071262657642364502e-01,4.569785296916961670e-02,-5.527339130640029907e-02,5.995471775531768799e-02,-7.289429754018783569e-02,8.477511256933212280e-02,1.720755845308303833e-01,1.120357885956764221e-01,-7.445722818374633789e-02,-5.198794603347778320e-02,-1.015411391854286194e-01,1.692579537630081177e-01,-5.692216753959655762e-02,2.301131635904312134e-01,7.859671860933303833e-02,-1.905129291117191315e-02,-2.020290046930313110e-01,4.076362773776054382e-02,7.553367177024483681e-04,4.085211455821990967e-02,9.474731050431728363e-03,1.888500899076461792e-01,-7.160969078540802002e-02,1.622814685106277466e-01,5.807009711861610413e-02,-2.179002165794372559e-01,-3.983121737837791443e-02,3.540857508778572083e-02,1.600205451250076294e-01,-7.096791267395019531e-02,1.544906049966812134e-01,2.183624953031539917e-01,1.866979449987411499e-01,-4.192839376628398895e-03,3.122692406177520752e-01,3.562864381819963455e-03,1.297285258769989014e-01,1.954027265310287476e-02,5.878290534019470215e-02,-1.146579757332801819e-01,-8.736851066350936890e-02,3.124962747097015381e-01,2.151070535182952881e-01,-8.182129822671413422e-04,5.288342386484146118e-02,1.206476613879203796e-01,2.705410420894622803e-01,1.317771375179290771e-01,3.972237929701805115e-02,-6.964540481567382812e-02,-3.613470122218132019e-02,4.467654600739479065e-02,1.361990571022033691e-01,1.155406832695007324e-01,-3.893321007490158081e-02,-1.800987124443054199e-01,7.631531357765197754e-02,-1.099934950470924377e-01,4.941834136843681335e-02,-2.092075534164905548e-02,-8.699081093072891235e-02,-6.324092857539653778e-03,1.328193247318267822e-01,-4.459404945373535156e-02,1.499790847301483154e-01
-4.947279393672943115e-02,5.643989145755767822e-02,2.235093265771865845e-01,8.479677140712738037e-02,1.427273452281951904e-01,-8.979482203722000122e-02,7.938337326049804688e-02,-9.501151740550994873e-02,1.688276976346969604e-02,-6.869648396968841553e-02,-6.894372403621673584e-02,7.182717323303222656e-02,-7.859641686081886292e-03,9.174874424934387207e-02,2.941817231476306915e-02,4.081327095627784729e-02,1.662404239177703857e-01,1.648422926664352417e-01,-1.650901325047016144e-02,8.579584956169128418e-02,1.904834508895874023e-01,-2.594131231307983398e-01,4.965785518288612366e-02,-4.159254953265190125e-03,-1.034258976578712463e-01,6.888765096664428711e-02,-1.332239527255296707e-02,4.043906554579734802e-02,-2.442780137062072754e-01,-7.884319871664047241e-02,-1.078968308866024017e-02,-1.695410721004009247e-02,-1.296789757907390594e-02,-1.212122589349746704e-01,-3.011408261954784393e-02,3.073121607303619385e-02,-2.907918207347393036e-02,7.343979552388191223e-03,1.377671509981155396e-01,1.488855183124542236e-01,6.445155292749404907e-02,-2.429662644863128662e-02,-5.330567434430122375e-02,6.983473151922225952e-02,2.010454535484313965e-01,-1.443488150835037231e-02,-7.023871690034866333e-02,-3.474627807736396790e-02,-1.219905912876129150e-02,4.696810618042945862e-02,-2.502353489398956299e-01,-1.486954838037490845e-01,3.486666828393936157e-03,6.017234548926353455e-02,-1.060431301593780518e-01,1.717752665281295776e-01,3.672660887241363525e-01,2.014996111392974854e-01,8.866871893405914307e-02,-1.789494417607784271e-02,6.329497555270791054e-04,-7.445171475410461426e-02,-1.208832636475563049e-01,7.835098356008529663e-02,-1.124484613537788391e-01,-3.950048983097076416e-02,4.483168944716453552e-02,-9.192600846290588379e-02,-9.699143469333648682e-02,2.655881457030773163e-02,-6.604963541030883789e-02,-5.580119416117668152e-02,-7.274915464222431183e-03,1.117893755435943604e-01,-3.856886923313140869e-01,-1.079599112272262573e-01,8.943974226713180542e-02,-8.297134935855865479e-02,-2.624997198581695557e-01,1.908290088176727295e-01,-1.440465636551380157e-02,9.193350374698638916e-02,-1.268367934972047806e-02,-5.256772413849830627e-02,1.128921434283256531e-01,-1.474869810044765472e-02,-9.455138444900512695e-02,-9.998356550931930542e-02,9.613829106092453003e-02,1.190615743398666382e-01,3.646960109472274780e-02,-2.010872662067413330e-01,6.469962000846862793e-02,-5.386777967214584351e-02,-6.109675019979476929e-02,7.855150848627090454e-03,1.345151066780090332e-01,-1.299380809068679810e-01,2.801614627242088318e-02,1.743762493133544922e-01,-1.466306275688111782e-03,1.160094421356916428e-02,1.372980326414108276e-01,-1.225362122058868408e-01,-2.353970520198345184e-02,8.700744248926639557e-03,1.769491843879222870e-02,1.171507090330123901e-01,1.017437223345041275e-02,5.933881923556327820e-02,1.021481975913047791e-01,1.643988639116287231e-01,1.462271511554718018e-01,6.900612264871597290e-02,8.059477806091308594e-02,6.831317394971847534e-02,-1.403990536928176880e-01,8.271382004022598267e-02,-1.063920790329575539e-03,2.720333635807037354e-01,-1.036101356148719788e-01,6.658966839313507080e-02,9.738684631884098053e-03,1.164194047451019287e-01,-3.598062694072723389e-02,-4.763099551200866699e-02,4.482411220669746399e-02,-3.658195212483406067e-02,1.984407193958759308e-02,-4.634894058108329773e-02,-8.080356568098068237e-02,6.560532003641128540e-02,-1.001375019550323486e-01,6.530202925205230713e-03,2.572359330952167511e-02,-1.490416005253791809e-02,-2.291388660669326782e-01,-1.786263436079025269e-01,4.183258488774299622e-02,-1.020448878407478333e-01,1.661822795867919922e-01,-2.243032008409500122e-01,1.214352622628211975e-02,1.421792060136795044e-01,3.360108658671379089e-02,6.544008851051330566e-02,1.378718018531799316e-01,-2.579822950065135956e-02,-6.518609076738357544e-02,5.664592236280441284e-02,-1.918984502553939819e-01,-1.785030812025070190e-01,-6.937693059444427490e-02,-2.102728933095932007e-02,1.191122904419898987e-01,-3.756019845604896545e-02,3.434693068265914917e-02,1.121806576848030090e-01,-3.344216942787170410e-02,1.598777621984481812e-01,8.651784807443618774e-02,-4.346567392349243164e-02,-2.404506802558898926e-01,1.639120429754257202e-01,8.706673979759216309e-02,-3.969445358961820602e-03,-3.152909129858016968e-02,-8.603586256504058838e-02,-5.911927297711372375e-02,8.846377581357955933e-02,8.457000553607940674e-02,3.726240620017051697e-02,-2.428268268704414368e-02,4.815495014190673828e-02,-9.205777198076248169e-03,1.548943072557449341e-01,8.990063518285751343e-02,-1.176624651998281479e-02,-6.557642668485641479e-02,-4.844507202506065369e-02,-1.399796158075332642e-01,-5.174375325441360474e-02,8.081445097923278809e-02
6.370474398136138916e-02,-1.976474188268184662e-02,2.506902813911437988e-01,7.365121692419052124e-02,-1.581016182899475098e-01,3.275106474757194519e-02,1.820169985294342041e-01,-1.184975169599056244e-02,1.145163364708423615e-02,2.000616490840911865e-02,8.798818290233612061e-02,1.405994445085525513e-01,-7.457029074430465698e-02,-1.581085026264190674e-01,1.446944773197174072e-01,2.541080862283706665e-02,-1.171479374170303345e-01,-9.591775387525558472e-02,2.740261703729629517e-02,4.180482402443885803e-02,2.309421077370643616e-03,2.215386740863323212e-02,9.806593507528305054e-02,-1.483012805692851543e-03,1.187982335686683655e-01,1.264417022466659546e-01,-7.871224731206893921e-02,9.930972941219806671e-03,4.834624752402305603e-02,-3.099125623703002930e-02,2.631109394133090973e-02,8.207184262573719025e-03,-6.980477273464202881e-02,1.094909533858299255e-01,-7.249157130718231201e-02,5.675887316465377808e-02,2.447110265493392944e-01,-1.772670634090900421e-02,2.897154353559017181e-02,1.257619112730026245e-01,1.598523557186126709e-01,-5.548028647899627686e-02,3.035091981291770935e-02,1.908704824745655060e-02,1.244622021913528442e-01,3.483896376565098763e-03,-2.218565940856933594e-01,8.616737276315689087e-02,2.254917770624160767e-01,3.513957187533378601e-02,2.455153763294219971e-01,1.500896513462066650e-01,2.916234172880649567e-02,-2.199998348951339722e-01,1.467272937297821045e-01,3.019321151077747345e-02,-2.347954362630844116e-02,2.422251924872398376e-02,-1.271369457244873047e-01,-3.123585507273674011e-02,-1.231775581836700439e-01,-1.672266796231269836e-02,6.184270977973937988e-02,6.726407259702682495e-02,-8.712625131011009216e-03,8.048453368246555328e-03,9.604176133871078491e-02,-1.130320429801940918e-01,7.795526087284088135e-02,7.663840800523757935e-02,-1.867809705436229706e-02,3.913990780711174011e-02,-1.378898322582244873e-01,-4.058260843157768250e-02,2.064459472894668579e-01,4.366677999496459961e-02,1.490765716880559921e-03,-9.834198653697967529e-02,8.207936584949493408e-02,1.203909143805503845e-02,3.189278021454811096e-02,2.361594885587692261e-02,-2.905615605413913727e-02,8.794808387756347656e-02,-5.140256136655807495e-02,1.527353525161743164e-01,-3.688509389758110046e-02,1.149880886077880859e-01,1.478644311428070068e-01,8.342977613210678101e-02,8.498552441596984863e-02,1.459144502878189087e-01,-6.221218779683113098e-02,4.263816028833389282e-02,-5.560977384448051453e-03,5.417477339506149292e-02,1.272699534893035889e-01,7.102262973785400391e-02,1.310240477323532104e-01,6.189224869012832642e-02,-3.110495768487453461e-02,2.430398575961589813e-02,-4.032672941684722900e-02,-4.388228803873062134e-02,2.608176134526729584e-02,3.627918194979429245e-03,-2.894345112144947052e-02,9.582816623151302338e-03,-1.126072257757186890e-01,-1.885681301355361938e-01,-1.141576245427131653e-01,1.154365316033363342e-01,-7.033737003803253174e-02,-1.955141685903072357e-02,2.340153232216835022e-02,-1.528339087963104248e-02,-5.567075312137603760e-02,1.672889590263366699e-01,-2.081220969557762146e-02,3.966230154037475586e-02,2.084405869245529175e-01,-9.956289827823638916e-02,5.437957867980003357e-02,3.746954724192619324e-02,2.407167106866836548e-01,-2.199274748563766479e-01,-5.728802457451820374e-02,-1.227590516209602356e-01,1.079268008470535278e-01,-7.830590754747390747e-02,5.367489159107208252e-02,8.051465265452861786e-03,-2.700413390994071960e-02,-5.978037416934967041e-02,-5.780606716871261597e-02,-1.743455417454242706e-02,-9.750899672508239746e-02,-1.552871521562337875e-02,4.111837223172187805e-02,-9.240910410881042480e-02,1.266878396272659302e-01,-1.842624247074127197e-01,9.607212245464324951e-02,-6.855208426713943481e-02,-2.506239898502826691e-02,3.621359355747699738e-03,3.473290428519248962e-02,3.220595717430114746e-01,-1.703080236911773682e-01,7.984921336174011230e-02,-9.253098629415035248e-03,-5.780299752950668335e-02,-6.507048755884170532e-02,7.815172523260116577e-02,8.445676416158676147e-02,-1.152668073773384094e-01,1.300868205726146698e-02,-8.140456676483154297e-02,-1.755151897668838501e-01,1.364677399396896362e-01,-2.675969153642654419e-02,9.035407006740570068e-02,2.146136015653610229e-01,7.857156544923782349e-02,4.977546632289886475e-02,-2.863311581313610077e-02,1.075469851493835449e-01,-7.898906245827674866e-03,7.300010183826088905e-04,-1.335488557815551758e-01,4.742256551980972290e-02,-9.237270057201385498e-02,2.216639220714569092e-01,-4.111745208501815796e-02,5.668298527598381042e-02,-1.437614411115646362e-01,-3.124141367152333260e-04,-1.157865151762962341e-01,2.425704151391983032e-02,7.814098894596099854e-02,-9.218839555978775024e-02,2.009645849466323853e-01,-6.625422090291976929e-02
-1.618269830942153931e-01,-4.083947464823722839e-02,1.082412004470825195e-01,-2.037757933139801025e-01,-1.047676950693130493e-01,-3.423048555850982666e-02,-7.238169759511947632e-02,-1.965811252593994141e-01,-1.178995370864868164e-01,-1.425808966159820557e-01,-1.254699677228927612e-01,1.228954866528511047e-01,-6.119039654731750488e-02,-7.751844823360443115e-02,-1.226313691586256027e-02,7.834342122077941895e-02,1.031136955134570599e-03,-1.242172867059707642e-01,-1.242347434163093567e-01,-1.531835496425628662e-01,1.199376359581947327e-01,-1.307573020458221436e-01,3.192646428942680359e-03,1.008781418204307556e-01,-1.167276948690414429e-01,-1.482409685850143433e-01,2.524469196796417236e-01,-1.387463212013244629e-01,-1.400823239237070084e-02,5.390881374478340149e-02,1.041000112891197205e-01,1.983761489391326904e-01,1.546843647956848145e-01,8.407685160636901855e-02,5.620198324322700500e-02,-1.826230138540267944e-01,-9.923969954252243042e-02,-5.316535010933876038e-02,1.822462864220142365e-02,-2.396872825920581818e-02,5.131553113460540771e-02,-7.308269292116165161e-02,-7.072240859270095825e-02,1.407392621040344238e-01,-4.605708271265029907e-02,8.796133100986480713e-03,-1.555953919887542725e-01,-4.095757380127906799e-03,-2.251773141324520111e-03,2.952878130599856377e-03,6.331337988376617432e-02,4.635184258222579956e-02,-5.272301286458969116e-02,1.164361238479614258e-01,4.914518073201179504e-02,2.112600505352020264e-01,1.203328669071197510e-01,-2.186391316354274750e-02,4.066403582692146301e-02,1.066866219043731689e-01,3.891789540648460388e-02,-5.068782716989517212e-02,-2.736024791374802589e-03,-1.487726904451847076e-02,-2.298639416694641113e-01,5.674356967210769653e-02,-2.785577438771724701e-02,8.074400015175342560e-03,-8.596385270357131958e-02,-1.722139418125152588e-01,-6.897389143705368042e-02,-1.883478909730911255e-01,-1.191178560256958008e-01,-1.541557163000106812e-02,-1.681935489177703857e-01,3.598282346501946449e-04,-2.784414887428283691e-01,-3.750830292701721191e-01,-3.826249018311500549e-02,-1.489302664995193481e-01,4.409785382449626923e-03,-1.337497234344482422e-01,4.721095040440559387e-02,-6.365676969289779663e-02,-2.729165367782115936e-02,3.730037948116660118e-03,4.166907444596290588e-02,-6.624320894479751587e-02,-1.016428787261247635e-02,4.507946316152811050e-03,-5.761648342013359070e-02,-3.004554845392704010e-02,5.744589120149612427e-02,-4.648063704371452332e-02,-1.208056434988975525e-01,-2.094123698770999908e-02,1.467556506395339966e-01,-1.139469966292381287e-01,3.925150632858276367e-02,-2.135123126208782196e-02,-5.547365173697471619e-02,-2.302854135632514954e-02,1.455833297222852707e-02,-7.646389305591583252e-02,3.558688238263130188e-02,6.581208109855651855e-02,-5.279339477419853210e-02,-2.122305519878864288e-02,-5.796586629003286362e-03,-1.038374826312065125e-01,-3.156313672661781311e-02,5.377772450447082520e-02,-5.059101060032844543e-02,-1.420352458953857422e-01,4.737170040607452393e-02,-1.107832863926887512e-01,6.072662025690078735e-02,-4.259324073791503906e-02,-1.038017421960830688e-01,5.607393104583024979e-03,-4.837737977504730225e-02,1.064834147691726685e-01,2.878684997558593750e-01,-5.886241421103477478e-02,5.780789628624916077e-02,-3.622506186366081238e-02,-4.952752590179443359e-02,-6.834649294614791870e-02,9.061504900455474854e-02,7.141151279211044312e-02,-3.908826410770416260e-02,-1.375721395015716553e-02,4.841998964548110962e-02,2.584805246442556381e-03,-8.980194479227066040e-02,-6.867095082998275757e-02,1.393648535013198853e-01,8.364331722259521484e-02,3.460534662008285522e-02,2.513177506625652313e-02,3.078093938529491425e-02,2.119116485118865967e-02,6.665061414241790771e-02,1.623698920011520386e-01,6.298294663429260254e-02,4.308859258890151978e-02,2.378758601844310760e-02,-6.876304000616073608e-02,8.779145032167434692e-02,-5.196033976972103119e-03,1.760819703340530396e-01,5.967236589640378952e-03,1.319111883640289307e-01,8.406468259636312723e-05,-3.722668290138244629e-01,-4.388250783085823059e-02,5.205962434411048889e-02,-2.482372149825096130e-02,4.412579536437988281e-02,6.614971160888671875e-02,7.350344210863113403e-02,-5.204747244715690613e-02,-1.949137300252914429e-01,-1.088314503431320190e-01,6.026336178183555603e-02,3.000960685312747955e-02,6.677421927452087402e-02,-1.447850372642278671e-03,2.590229511260986328e-01,3.745045512914657593e-02,4.137940332293510437e-02,1.936382614076137543e-02,1.984493136405944824e-01,8.126729167997837067e-03,1.077224388718605042e-01,7.584700733423233032e-02,1.113806758075952530e-02,4.720120504498481750e-02,-5.102350842207670212e-03,1.076958402991294861e-01,1.388044953346252441e-01,1.190968528389930725e-01,-2.078912034630775452e-02
1.121229305863380432e-01,5.435355752706527710e-02,1.757219247519969940e-02,-3.430654760450124741e-03,-1.338420212268829346e-01,9.296416491270065308e-02,7.522790879011154175e-02,-5.365589633584022522e-02,6.036909297108650208e-02,-3.509476780891418457e-02,7.010103669017553329e-03,1.122511625289916992e-01,-5.653725191950798035e-02,1.309260874986648560e-01,6.187852099537849426e-02,4.108599945902824402e-02,4.551795870065689087e-02,3.508171811699867249e-02,2.614357471466064453e-01,-8.128713816404342651e-02,-4.283171147108078003e-02,1.897023804485797882e-02,1.267064809799194336e-01,1.526593714952468872e-01,1.530445516109466553e-01,1.309359222650527954e-01,-6.105427071452140808e-02,-3.231038525700569153e-02,-8.138742297887802124e-02,9.139103442430496216e-02,-1.889501065015792847e-01,-1.875891536474227905e-01,-4.331304505467414856e-02,-7.746472954750061035e-02,-1.134059503674507141e-01,1.183641776442527771e-01,-3.409535810351371765e-02,1.962832808494567871e-01,1.299509853124618530e-01,-5.806719511747360229e-02,-4.718850925564765930e-02,2.108783125877380371e-01,4.608790948987007141e-02,-9.992138482630252838e-03,-9.045119583606719971e-02,-6.835997849702835083e-02,-3.163878247141838074e-02,-1.166422441601753235e-01,5.873046815395355225e-02,5.981386825442314148e-02,1.596710681915283203e-01,-2.710696496069431305e-02,-1.394103169441223145e-01,-5.074634402990341187e-02,-1.909395605325698853e-01,-1.289647668600082397e-01,-1.781899929046630859e-01,3.215331211686134338e-02,-5.948615819215774536e-02,-1.457929164171218872e-01,-5.807659402489662170e-02,1.445436179637908936e-01,-4.212165623903274536e-02,4.806254804134368896e-02,-3.349907323718070984e-02,1.689074188470840454e-01,-1.515521854162216187e-01,1.967150270938873291e-01,1.376425474882125854e-01,1.999030262231826782e-01,1.908913441002368927e-02,-6.244599935598671436e-04,-1.611665487289428711e-01,9.635755419731140137e-02,-1.155841127038002014e-01,-1.240838039666414261e-02,1.344751864671707153e-01,-4.490036144852638245e-02,9.062827378511428833e-02,8.042775094509124756e-02,3.111372143030166626e-02,-1.464268378913402557e-02,1.920501291751861572e-01,-9.086709469556808472e-02,9.088017791509628296e-02,-6.439795345067977905e-02,-2.529765106737613678e-02,1.328729391098022461e-01,2.896098792552947998e-02,3.219776600599288940e-02,3.011415004730224609e-01,1.934336312115192413e-02,1.471037119626998901e-01,6.816575676202774048e-02,1.504890322685241699e-01,9.250844269990921021e-02,-6.768875569105148315e-02,8.964122831821441650e-02,-3.283064439892768860e-02,9.176110476255416870e-02,-9.073788672685623169e-02,3.984786570072174072e-02,-9.870381653308868408e-02,9.366600960493087769e-02,1.193308085203170776e-01,1.974520506337285042e-03,-1.637279614806175232e-02,3.324521332979202271e-02,1.658230274915695190e-02,1.270975768566131592e-01,9.163224697113037109e-02,1.209655683487653732e-02,2.185116112232208252e-01,8.202825486660003662e-02,5.825542658567428589e-02,2.606614679098129272e-02,1.138766705989837646e-01,6.348001211881637573e-02,7.858530431985855103e-02,-5.009322986006736755e-02,1.114251017570495605e-01,1.402172166854143143e-02,-9.692729264497756958e-02,-1.116468310356140137e-01,-2.636071741580963135e-01,-9.455859661102294922e-02,9.270326234400272369e-03,-4.552512615919113159e-02,-7.275953888893127441e-02,2.499340474605560303e-02,2.638547215610742569e-03,3.525869920849800110e-02,8.358723670244216919e-02,9.386941790580749512e-02,5.558812245726585388e-02,-1.913472078740596771e-02,2.096935212612152100e-01,3.643805906176567078e-02,3.013643063604831696e-02,1.258200407028198242e-01,1.949608027935028076e-01,5.529322475194931030e-02,6.531831622123718262e-02,4.497507959604263306e-02,4.297912493348121643e-02,7.684203982353210449e-02,1.579605340957641602e-01,-2.386412210762500763e-02,1.564838737249374390e-01,-1.018934249877929688e-01,3.581173717975616455e-02,4.812974482774734497e-02,-2.157188951969146729e-02,1.876287162303924561e-01,5.681256949901580811e-02,1.313262730836868286e-01,9.830993413925170898e-02,-4.256328567862510681e-02,2.000417411327362061e-01,2.875451557338237762e-02,8.058971911668777466e-02,-9.550509601831436157e-02,-3.786043450236320496e-02,-2.915745228528976440e-02,-5.348430573940277100e-02,1.334114670753479004e-01,-1.636818167753517628e-03,9.486859291791915894e-02,1.056976541876792908e-01,4.026868939399719238e-02,8.890731632709503174e-02,-4.806230217218399048e-02,1.809448599815368652e-01,-5.703062936663627625e-02,-1.572557389736175537e-01,1.042059957981109619e-01,-1.188193336129188538e-01,7.306420058012008667e-02,1.464311182498931885e-01,1.617926061153411865e-01,8.152146637439727783e-02,4.415605217218399048e-02,4.330136254429817200e-02
6.617271900177001953e-02,-9.184964001178741455e-02,-6.124307587742805481e-02,-3.371045291423797607e-01,2.424067258834838867e-02,1.860901713371276855e-01,1.218140870332717896e-02,-7.965090870857238770e-02,-8.334737271070480347e-03,1.030022278428077698e-01,1.507354527711868286e-01,2.232658676803112030e-02,7.551037520170211792e-02,-2.059081383049488068e-02,2.032124996185302734e-01,-1.577194184064865112e-01,1.218954566866159439e-02,-1.091589257121086121e-01,-6.328645348548889160e-02,1.441400200128555298e-01,-1.022369563579559326e-01,4.250562936067581177e-02,4.577593877911567688e-02,-2.436609417200088501e-01,-2.598562240600585938e-01,-6.180382892489433289e-02,8.950869552791118622e-03,4.087452776730060577e-03,7.871619425714015961e-03,-2.437179535627365112e-01,1.738878153264522552e-02,1.501419674605131149e-02,4.181220382452011108e-02,1.014446765184402466e-01,-7.949409633874893188e-02,6.464191246777772903e-04,-6.196539103984832764e-02,-1.789460889995098114e-02,1.952574849128723145e-01,2.964131906628608704e-02,5.734903737902641296e-02,1.292029917240142822e-01,1.027379855513572693e-01,2.010501325130462646e-01,-1.515056937932968140e-03,-6.777425855398178101e-02,1.172048971056938171e-02,3.727684542536735535e-02,2.001027390360832214e-02,9.199615567922592163e-02,6.368539482355117798e-02,-1.014947518706321716e-01,1.292319595813751221e-01,-2.394431382417678833e-01,-1.107644215226173401e-01,-6.750173866748809814e-03,-1.482787430286407471e-01,4.637309536337852478e-02,1.580534689128398895e-02,6.468237191438674927e-02,-7.227304577827453613e-02,9.040391445159912109e-02,1.692801117897033691e-01,1.099781468510627747e-01,-2.255325438454747200e-03,-1.785835474729537964e-01,7.040156424045562744e-02,7.405228912830352783e-02,-1.401961892843246460e-01,-1.157776862382888794e-01,-4.498777166008949280e-02,1.849052868783473969e-02,-7.793550193309783936e-02,-7.189645897597074509e-03,9.325074404478073120e-02,1.265411972999572754e-01,9.557020850479602814e-03,-2.229914069175720215e-01,1.647902280092239380e-01,1.615771651268005371e-01,7.896097004413604736e-02,4.964233376085758209e-03,1.034472063183784485e-01,1.868975907564163208e-01,1.391337253153324127e-02,6.033380329608917236e-02,7.436055690050125122e-02,6.091457605361938477e-02,2.910931967198848724e-02,-1.586805582046508789e-01,-4.498270526528358459e-02,9.273263067007064819e-02,-1.554219052195549011e-02,1.868394203484058380e-02,-4.218599351588636637e-04,1.132788211107254028e-01,3.221056237816810608e-02,4.484021291136741638e-02,4.193503409624099731e-03,-1.901067048311233521e-02,4.188412427902221680e-02,-3.699030959978699684e-03,1.631796360015869141e-01,-2.877107448875904083e-02,2.146959304809570312e-01,-6.644058227539062500e-02,2.289113774895668030e-02,-9.988728165626525879e-02,2.191225212300196290e-04,-5.377612262964248657e-02,-2.121905609965324402e-02,-3.905055578798055649e-03,1.142327561974525452e-01,-5.361879616975784302e-02,-3.181172069162130356e-03,-7.767848670482635498e-02,-1.776841133832931519e-01,3.465810045599937439e-02,1.661429554224014282e-01,-2.022392898797988892e-01,1.472428813576698303e-02,-8.819857612252235413e-03,2.408104762434959412e-02,-2.151503711938858032e-01,-3.737089782953262329e-02,-1.876971423625946045e-01,-3.144613280892372131e-02,-9.339939057826995850e-02,3.124764002859592438e-02,-1.371000800281763077e-02,-5.247548595070838928e-02,-4.855932667851448059e-02,4.409522935748100281e-02,1.311502754688262939e-01,2.376872152090072632e-01,-7.200395315885543823e-02,2.339786887168884277e-01,5.384569987654685974e-03,-2.180825546383857727e-02,1.416852325201034546e-02,1.090408638119697571e-01,1.247021183371543884e-01,-3.799271583557128906e-02,-7.314625382423400879e-02,-5.960793420672416687e-02,-2.051856368780136108e-01,-9.092905372381210327e-02,-5.075463280081748962e-02,3.833943232893943787e-02,-1.562845557928085327e-01,4.525613412261009216e-02,1.489644683897495270e-02,-1.032488346099853516e-01,-1.248040199279785156e-01,-1.135727465152740479e-01,-1.817986816167831421e-01,-2.308220975100994110e-02,7.171712815761566162e-02,-6.568078696727752686e-02,1.780399703420698643e-03,-1.347701903432607651e-02,-1.051145121455192566e-01,4.729731939733028412e-03,3.828579932451248169e-02,-1.334384977817535400e-01,-2.053168714046478271e-01,9.904102981090545654e-02,1.587023586034774780e-01,-4.086075816303491592e-03,9.608381241559982300e-02,5.367477983236312866e-02,1.811261326074600220e-01,-6.613069772720336914e-02,1.287371814250946045e-01,7.440693443641066551e-04,-2.242184132337570190e-01,-4.818952083587646484e-02,-5.830891802906990051e-02,-8.112137019634246826e-02,-4.847511649131774902e-02,-1.075410172343254089e-01,6.884349975734949112e-03,8.662761747837066650e-02
-4.692184925079345703e-02,3.614046052098274231e-02,1.477534770965576172e-01,5.283946543931961060e-02,-1.255704909563064575e-01,-9.201288968324661255e-02,-2.053026854991912842e-02,1.356164067983627319e-01,-1.539943087846040726e-02,1.736242771148681641e-01,2.225454151630401611e-02,1.484981179237365723e-01,-9.931408613920211792e-02,1.884229481220245361e-02,-1.119459122419357300e-01,1.378591358661651611e-02,9.758061170578002930e-02,5.460578948259353638e-02,9.409210830926895142e-02,4.643014073371887207e-01,3.045360743999481201e-01,3.193569481372833252e-01,1.708910465240478516e-01,1.590151041746139526e-01,6.839162111282348633e-02,3.640058040618896484e-01,4.407689347863197327e-02,2.270217686891555786e-01,2.289610058069229126e-01,1.098061576485633850e-01,9.742947667837142944e-02,1.161606982350349426e-01,1.638055145740509033e-01,7.286310940980911255e-02,-9.471313655376434326e-02,8.825109153985977173e-02,-1.807455271482467651e-01,7.947020977735519409e-02,-1.948731206357479095e-02,7.946597039699554443e-02,-1.248627081513404846e-01,-1.782730519771575928e-01,-5.500951781868934631e-02,5.454028397798538208e-02,1.527611315250396729e-01,-3.578950837254524231e-02,2.687884867191314697e-01,2.652274668216705322e-01,2.805560231208801270e-01,2.947078645229339600e-01,3.670775890350341797e-01,1.833101361989974976e-01,3.211356997489929199e-01,2.769604921340942383e-01,4.128928184509277344e-01,2.741304039955139160e-01,5.939306691288948059e-02,3.114597797393798828e-01,1.374877840280532837e-01,-5.479129031300544739e-03,8.472029864788055420e-02,2.574576437473297119e-01,1.017637848854064941e-01,2.764055728912353516e-01,1.192837879061698914e-01,1.665704138576984406e-02,-4.881940037012100220e-02,-1.470439508557319641e-02,1.328748911619186401e-01,-9.477040916681289673e-02,1.002188846468925476e-01,1.300021260976791382e-01,5.789164453744888306e-02,1.746409982442855835e-01,8.390213549137115479e-02,1.212850958108901978e-01,2.036025524139404297e-01,2.195742726325988770e-01,-5.727033317089080811e-02,9.038916975259780884e-02,2.216591238975524902e-01,1.952517405152320862e-02,2.230465114116668701e-01,1.010822504758834839e-01,-8.309995755553245544e-03,2.000888064503669739e-02,-1.113672461360692978e-02,9.329708665609359741e-02,2.406666614115238190e-02,2.149872928857803345e-01,8.382962085306644440e-03,1.151158437132835388e-01,1.779475808143615723e-01,1.974065005779266357e-01,1.361578702926635742e-01,2.713082730770111084e-02,7.685068249702453613e-02,7.295000553131103516e-02,7.464145869016647339e-02,1.318374127149581909e-01,-1.388208381831645966e-02,8.789183199405670166e-02,2.235410213470458984e-01,1.316076815128326416e-01,6.207461655139923096e-02,1.867007762193679810e-01,-4.363604635000228882e-02,-7.190031558275222778e-02,-2.566277682781219482e-01,1.836520731449127197e-01,-7.471752353012561798e-03,-8.038164675235748291e-02,5.023559182882308960e-02,-6.102771032601594925e-03,1.280818972736597061e-02,1.389533579349517822e-01,7.532247155904769897e-02,9.459184110164642334e-02,1.280072629451751709e-01,-1.030810102820396423e-01,4.768614098429679871e-02,1.359004229307174683e-01,1.049174815416336060e-01,2.548540532588958740e-01,1.863518729805946350e-02,2.667437307536602020e-02,-9.567246586084365845e-02,-9.267792105674743652e-02,8.451761305332183838e-02,-9.723924100399017334e-02,-1.950450427830219269e-02,3.212887942790985107e-01,-7.281415909528732300e-02,-4.692203179001808167e-02,4.891578480601310730e-02,3.740696981549263000e-02,7.934268563985824585e-02,2.126652002334594727e-01,1.567128747701644897e-01,8.132507652044296265e-02,-6.449536420404911041e-03,9.811888635158538818e-02,2.250904589891433716e-01,9.920956939458847046e-02,1.621512025594711304e-01,2.319992482662200928e-01,1.484239548444747925e-01,9.873235225677490234e-02,1.390938758850097656e-01,1.593818217515945435e-01,1.129201948642730713e-01,-3.076793253421783447e-02,-3.305592387914657593e-02,-5.711149796843528748e-02,4.432966187596321106e-02,1.214459910988807678e-01,1.381302177906036377e-01,3.555742278695106506e-02,-4.955935105681419373e-02,-8.294031023979187012e-02,2.280466556549072266e-01,1.504862755537033081e-01,1.205794066190719604e-01,1.052165105938911438e-01,1.292523592710494995e-01,4.759902507066726685e-02,-1.604816913604736328e-01,2.747430279850959778e-02,1.550325006246566772e-01,2.476806193590164185e-02,2.730591297149658203e-01,5.222083255648612976e-02,-9.899198263883590698e-02,9.735853411257266998e-03,-2.380736730992794037e-02,-4.651156812906265259e-02,2.342851608991622925e-01,2.376646846532821655e-01,1.109175384044647217e-01,-2.584406360983848572e-02,1.793106198310852051e-01,8.455178141593933105e-02,-1.069109365344047546e-01
1.335301622748374939e-02,2.806959860026836395e-02,-4.405830055475234985e-02,1.005218997597694397e-01,2.613586485385894775e-01,1.855593323707580566e-01,1.779948472976684570e-01,9.809976816177368164e-02,-5.187482386827468872e-02,9.363829344511032104e-02,2.627075314521789551e-01,1.483684480190277100e-01,9.597868472337722778e-02,2.368971705436706543e-01,1.210255324840545654e-01,2.785033881664276123e-01,2.186401486396789551e-01,1.819382756948471069e-01,3.105564713478088379e-01,2.818221449851989746e-01,3.510740101337432861e-01,2.166414111852645874e-01,3.217085003852844238e-01,1.257006376981735229e-01,-1.063177883625030518e-01,1.492427736520767212e-01,2.739633619785308838e-01,2.710884809494018555e-01,8.042259514331817627e-02,1.624805182218551636e-01,2.190433740615844727e-01,5.118752270936965942e-02,-9.995169937610626221e-02,1.200631484389305115e-01,-5.615968257188796997e-02,-7.342316210269927979e-02,3.850207105278968811e-02,-6.652439385652542114e-02,-2.115374505519866943e-01,6.899674236774444580e-02,1.536904275417327881e-01,9.456469118595123291e-02,1.821591556072235107e-01,2.836183905601501465e-01,5.947240069508552551e-02,1.850158721208572388e-01,1.734303534030914307e-01,1.495218276977539062e-01,7.478965562768280506e-04,-1.484428048133850098e-01,1.457563880831003189e-02,4.226622730493545532e-02,-1.061418801546096802e-01,3.888800367712974548e-02,1.998205296695232391e-02,-8.005592226982116699e-02,-1.471485793590545654e-01,4.727935045957565308e-02,3.164491429924964905e-02,3.751749396324157715e-01,1.083011552691459656e-01,8.085092157125473022e-02,1.417655497789382935e-01,-1.443930864334106445e-01,-2.324930159375071526e-03,1.271626204252243042e-01,1.371552199125289917e-01,1.048768460750579834e-01,1.228393614292144775e-01,4.028387740254402161e-02,2.243132144212722778e-02,1.622714996337890625e-01,2.777500152587890625e-01,3.111342713236808777e-02,1.189280450344085693e-01,1.991803497076034546e-01,1.240970790386199951e-01,6.753493845462799072e-02,-1.295429468154907227e-02,6.535377353429794312e-02,1.291504800319671631e-01,-1.957234553992748260e-02,3.378334641456604004e-02,-8.865459822118282318e-03,6.523964554071426392e-02,-1.294650882482528687e-01,-1.065636202692985535e-01,1.283883899450302124e-01,-5.145530030131340027e-02,-3.249022364616394043e-02,7.697107642889022827e-02,7.582105696201324463e-02,1.305558346211910248e-02,1.178136765956878662e-01,1.091892868280410767e-01,1.498327404260635376e-01,-6.958852708339691162e-02,-3.633141517639160156e-02,1.854901947081089020e-02,2.641836702823638916e-01,-1.500182151794433594e-01,1.572566665709018707e-02,-6.832185387611389160e-02,-7.701459527015686035e-02,-1.839504577219486237e-02,3.246051445603370667e-02,-2.157698944211006165e-02,3.792911395430564880e-02,-7.230307161808013916e-02,6.837338674813508987e-03,-4.851655662059783936e-02,1.628487706184387207e-01,-7.324916869401931763e-02,1.558514535427093506e-01,1.468991339206695557e-01,1.505403965711593628e-01,7.149241864681243896e-02,1.480626314878463745e-01,4.706268385052680969e-02,2.975321747362613678e-02,3.600956127047538757e-02,2.071197926998138428e-01,-1.100220251828432083e-02,1.871006488800048828e-01,9.523117542266845703e-02,-5.359562858939170837e-02,1.569666564464569092e-01,1.380300819873809814e-01,1.095387041568756104e-01,5.391461029648780823e-02,6.128029897809028625e-02,1.880090832710266113e-01,-5.908527970314025879e-02,6.164793670177459717e-02,2.231552004814147949e-01,9.978064894676208496e-02,-3.111091069877147675e-02,-8.675228804349899292e-02,2.388606816530227661e-01,7.284832000732421875e-02,5.027910694479942322e-02,1.549593508243560791e-01,8.214948326349258423e-02,6.164303515106439590e-03,1.045613437891006470e-01,9.980583190917968750e-02,1.485302001237869263e-01,-4.305040836334228516e-02,3.258433565497398376e-02,-7.949608378112316132e-03,1.530981510877609253e-01,-9.297631331719458103e-04,1.094605326652526855e-01,6.317330896854400635e-02,-1.166959330439567566e-01,1.157496497035026550e-01,-8.409922569990158081e-02,3.106782399117946625e-02,6.522547453641891479e-02,1.693630665540695190e-01,4.943970218300819397e-02,-4.673479124903678894e-02,2.062465995550155640e-01,7.859895378351211548e-02,6.120475381612777710e-02,1.810178756713867188e-01,1.154493987560272217e-01,1.175274178385734558e-01,1.631521582603454590e-01,-1.335616502910852432e-02,1.185667291283607483e-01,9.204798191785812378e-02,-2.551772817969322205e-02,1.573171615600585938e-01,1.916329264640808105e-01,8.657525479793548584e-02,-7.535122334957122803e-02,-5.462255701422691345e-02,1.048387587070465088e-01,2.336425893008708954e-02,3.817470371723175049e-02,-1.128343120217323303e-02,2.112736925482749939e-02
1.647183895111083984e-01,6.714404374361038208e-02,-8.066435344517230988e-03,8.673466742038726807e-02,-1.410834044218063354e-01,1.289151310920715332e-01,5.734338611364364624e-02,-4.578520730137825012e-02,1.386281754821538925e-02,7.661551237106323242e-02,-1.105219200253486633e-01,1.947431266307830811e-01,9.210883080959320068e-02,-1.132894828915596008e-01,-1.814020872116088867e-01,-7.933325320482254028e-02,-1.278740447014570236e-02,-3.339221701025962830e-02,-8.909466117620468140e-02,-6.969824433326721191e-03,3.850600868463516235e-02,-1.174131706357002258e-01,-3.511461662128567696e-03,-4.763921722769737244e-02,1.029019877314567566e-01,2.878833329305052757e-03,-9.757548570632934570e-02,-7.203650660812854767e-03,1.127561330795288086e-01,-1.047694236040115356e-01,4.003074392676353455e-02,1.030536517500877380e-01,3.983913734555244446e-02,1.083161681890487671e-01,6.805333495140075684e-02,-3.124392591416835785e-02,1.750997751951217651e-01,9.795020520687103271e-02,-9.860158711671829224e-02,8.476274088025093079e-03,6.198923103511333466e-03,-4.569544643163681030e-02,-4.942224919795989990e-02,-1.545228064060211182e-01,-1.227154582738876343e-02,-1.073264479637145996e-01,-8.935596793889999390e-02,-1.193399503827095032e-01,1.009479835629463196e-01,-8.839540928602218628e-02,7.334029302000999451e-03,5.773044750094413757e-02,1.785476207733154297e-01,-3.068611025810241699e-03,1.381446868181228638e-01,7.676053792238235474e-02,-1.204456314444541931e-01,2.368890121579170227e-02,1.074981316924095154e-01,1.596382856369018555e-01,-2.442086301743984222e-02,-1.836370094679296017e-03,5.387971177697181702e-02,7.773707807064056396e-02,1.506262738257646561e-02,1.275393962860107422e-01,3.208464756608009338e-02,1.618648767471313477e-01,4.615646973252296448e-02,8.685480803251266479e-02,8.753796666860580444e-02,-1.477794051170349121e-01,2.118781208992004395e-01,1.879803463816642761e-02,-1.167150214314460754e-01,8.215275406837463379e-02,-1.391579508781433105e-01,-5.382825061678886414e-02,-5.163292959332466125e-02,-2.261009812355041504e-02,6.113934889435768127e-02,-5.544066801667213440e-02,7.738327234983444214e-02,-1.647991985082626343e-01,-2.103347331285476685e-02,2.865785360336303711e-02,-1.096933707594871521e-01,-2.680260222405195236e-03,9.250587970018386841e-02,3.407215327024459839e-02,4.954578727483749390e-02,9.838821738958358765e-02,7.752675563097000122e-02,-3.355628624558448792e-02,-1.958598941564559937e-01,1.376233100891113281e-01,-1.043227836489677429e-01,-7.931116968393325806e-02,-5.923506617546081543e-02,-8.827608078718185425e-03,-1.320143043994903564e-01,1.638832539319992065e-01,7.577395439147949219e-02,1.437693238258361816e-01,2.956887483596801758e-01,-5.406541004776954651e-02,2.069567888975143433e-01,-7.756912708282470703e-02,2.045024931430816650e-02,2.145326882600784302e-02,-8.331926912069320679e-02,8.231908828020095825e-02,-6.402564793825149536e-02,2.243344672024250031e-02,8.456431329250335693e-02,2.329811826348304749e-02,3.882877528667449951e-02,1.290388107299804688e-01,2.893433533608913422e-02,-2.814548909664154053e-01,-7.252647727727890015e-02,9.690264612436294556e-02,-1.152283418923616409e-02,-5.081688519567251205e-03,-9.153164178133010864e-02,-4.954979568719863892e-02,5.009241029620170593e-02,-7.944384962320327759e-02,-1.149865984916687012e-01,-8.610917627811431885e-02,-4.380437359213829041e-02,2.003697864711284637e-02,-6.841742247343063354e-02,-2.504597418010234833e-02,-1.487474292516708374e-01,3.156788647174835205e-02,-1.568996906280517578e-01,1.988117024302482605e-02,1.196836121380329132e-02,5.616668239235877991e-02,-6.029362976551055908e-02,3.244400769472122192e-02,1.299656778573989868e-01,1.415190398693084717e-01,-3.914792090654373169e-02,3.803147375583648682e-02,3.618900477886199951e-02,-5.803145840764045715e-02,3.159028291702270508e-02,2.581631839275360107e-01,6.050889566540718079e-02,6.379956752061843872e-02,6.360359489917755127e-02,-7.173301279544830322e-02,9.116496145725250244e-02,-7.850242406129837036e-02,7.996957749128341675e-02,-2.030553482472896576e-02,-2.937202341854572296e-02,1.019031275063753128e-02,-6.002064794301986694e-02,-5.269377306103706360e-02,1.323307156562805176e-01,1.229185760021209717e-01,-5.379674024879932404e-03,1.683569513261318207e-02,9.618030488491058350e-02,-2.592251896858215332e-01,1.033093407750129700e-01,-7.116587460041046143e-02,8.960311859846115112e-02,5.533444881439208984e-02,-3.069906868040561676e-02,-9.333395957946777344e-02,1.460864394903182983e-01,-3.212476894259452820e-02,1.968444325029850006e-02,-1.079933568835258484e-01,-4.493170604109764099e-02,4.366880282759666443e-02,-6.253742426633834839e-02,-8.739219978451728821e-03,-1.598907262086868286e-01
-6.619293242692947388e-02,-5.218460038304328918e-02,1.091606616973876953e-01,-8.414285629987716675e-02,4.178596660494804382e-02,1.644413769245147705e-01,-6.352937966585159302e-02,1.590323150157928467e-01,-1.025962829589843750e-01,-6.880131084471940994e-03,-1.800957322120666504e-02,1.154727884568274021e-03,-7.314075529575347900e-02,-6.122034043073654175e-02,-6.408535689115524292e-02,-4.749805107712745667e-02,-1.322528230957686901e-03,2.273999452590942383e-01,1.860293895006179810e-01,-5.890415236353874207e-02,9.137354046106338501e-02,-9.482658654451370239e-02,9.001730382442474365e-02,2.675439603626728058e-02,-6.073032319545745850e-02,-1.523476094007492065e-01,3.518547117710113525e-02,-6.075679138302803040e-02,-1.408499926328659058e-01,-4.510761424899101257e-02,2.251815348863601685e-01,-5.792833119630813599e-02,-4.690170288085937500e-02,-8.592534810304641724e-02,-1.523703783750534058e-01,1.150172874331474304e-01,5.351477488875389099e-02,-8.634257316589355469e-02,-1.035009026527404785e-01,-6.864333897829055786e-02,1.799511313438415527e-01,5.468387156724929810e-02,-4.263177886605262756e-02,1.752602458000183105e-01,-9.818361699581146240e-02,4.674532264471054077e-02,-3.654320538043975830e-02,6.275171786546707153e-02,-4.721204563975334167e-02,9.522982686758041382e-02,-1.735224425792694092e-01,-2.932610362768173218e-02,1.216150168329477310e-02,-4.222511500120162964e-02,5.236338078975677490e-02,6.914002448320388794e-02,1.200671494007110596e-01,9.360229223966598511e-02,2.426856942474842072e-02,-2.302820421755313873e-02,-1.211289614439010620e-01,4.507444053888320923e-02,1.876337677240371704e-01,1.707928180694580078e-01,-1.319756265729665756e-02,-8.233630657196044922e-02,1.194817125797271729e-01,9.927823208272457123e-03,6.377999484539031982e-02,-1.057753786444664001e-01,9.943206794559955597e-03,4.096058011054992676e-02,-6.610379368066787720e-02,2.502228599041700363e-03,1.082633212208747864e-01,-1.257532835006713867e-02,-1.259054839611053467e-01,1.890193205326795578e-03,2.289124019443988800e-02,-9.220085293054580688e-02,3.162296488881111145e-02,6.791757792234420776e-02,-1.901133209466934204e-01,1.931069940328598022e-01,1.032606363296508789e-01,-8.970139897428452969e-04,1.956287026405334473e-02,-1.277531087398529053e-01,-6.262576580047607422e-02,1.284642219543457031e-01,1.996588259935379028e-01,7.835597544908523560e-02,-7.360483054071664810e-03,7.259692996740341187e-02,-9.612021595239639282e-02,1.263540685176849365e-01,2.278455719351768494e-02,-1.220411658287048340e-01,1.092255711555480957e-01,1.589352614246308804e-03,4.751633852720260620e-02,1.941614449024200439e-01,-5.310783162713050842e-02,-4.923767223954200745e-02,8.362952619791030884e-02,-5.387327820062637329e-02,7.879205793142318726e-02,6.640974432229995728e-02,-1.253645569086074829e-01,4.953393712639808655e-02,1.054807230830192566e-01,-6.823075562715530396e-02,1.133793890476226807e-01,-9.034067392349243164e-03,8.745379163883626461e-04,-2.480180189013481140e-02,-1.578805148601531982e-01,1.863856464624404907e-01,-1.637608185410499573e-02,1.116096228361129761e-01,1.616572439670562744e-01,4.932020977139472961e-02,1.702599227428436279e-01,-6.972094625234603882e-02,-1.578287631273269653e-01,5.131833627820014954e-02,1.048064455389976501e-01,-1.013613212853670120e-02,-7.805193215608596802e-02,3.871247172355651855e-02,-1.049206256866455078e-01,1.074025873094797134e-02,-1.489485204219818115e-01,9.780225157737731934e-02,-8.096338808536529541e-02,1.966885058209300041e-03,1.152896285057067871e-01,-9.419555217027664185e-02,8.430089056491851807e-02,6.447186321020126343e-02,1.910502463579177856e-01,1.303513944149017334e-01,1.542699486017227173e-01,2.501151897013187408e-02,-2.332057058811187744e-01,-1.073218137025833130e-02,-2.167237550020217896e-02,-3.693609032779932022e-03,-2.077563256025314331e-01,1.223047822713851929e-02,-1.274687945842742920e-01,-6.287153065204620361e-02,4.466069862246513367e-02,1.565377265214920044e-01,3.635410964488983154e-02,-5.905833467841148376e-02,1.022674590349197388e-01,6.729621440172195435e-03,-1.202330924570560455e-02,3.109721699729561806e-03,-5.406232923269271851e-02,-5.121417343616485596e-03,-2.267141640186309814e-01,-4.219504445791244507e-02,-8.229224942624568939e-03,-2.777732908725738525e-02,5.898940376937389374e-03,-7.005161792039871216e-02,6.785114854574203491e-02,-1.082051619887351990e-01,2.208446413278579712e-01,8.366452902555465698e-02,1.466079950332641602e-01,6.251713633537292480e-02,-5.735314637422561646e-02,1.393817216157913208e-01,1.084657162427902222e-01,-6.888592243194580078e-02,1.059859246015548706e-01,2.053665369749069214e-01,-4.921637475490570068e-02,-1.512720994651317596e-02,-1.084729377180337906e-02
2.664107829332351685e-02,3.824507445096969604e-02,-1.323098987340927124e-01,-7.242838293313980103e-02,7.665433734655380249e-02,-2.995124757289886475e-01,5.498214811086654663e-02,9.675115346908569336e-02,1.565931737422943115e-01,8.953191339969635010e-02,8.098839223384857178e-02,-3.974013775587081909e-02,1.230113506317138672e-01,1.176965162158012390e-01,-6.985692679882049561e-02,-3.757734596729278564e-02,1.565638184547424316e-01,-1.144256368279457092e-01,1.884679496288299561e-02,1.488015055656433105e-01,2.480416744947433472e-02,2.207792401313781738e-01,-2.581999078392982483e-02,-1.867716163396835327e-01,1.544003039598464966e-01,-2.692211419343948364e-02,-1.480742692947387695e-01,-1.051718741655349731e-01,2.068828493356704712e-01,7.480070739984512329e-02,3.249754011631011963e-02,8.970829099416732788e-02,-1.581565290689468384e-01,-1.213315054774284363e-01,-1.692622317932546139e-03,-4.171825200319290161e-02,2.867623232305049896e-02,4.878798790741711855e-04,-1.312367618083953857e-01,-3.103388659656047821e-02,-6.253599375486373901e-02,1.871782988309860229e-01,1.349510252475738525e-01,3.151699155569076538e-02,7.754369825124740601e-02,1.322586387395858765e-01,-1.049801334738731384e-02,2.404817640781402588e-01,-1.959156095981597900e-01,-1.227562278509140015e-01,-1.614093333482742310e-01,4.584705084562301636e-02,1.834177076816558838e-01,-1.188542600721120834e-02,-1.391067802906036377e-01,1.257482916116714478e-01,-3.947882726788520813e-02,1.437707543373107910e-01,-1.900575160980224609e-01,5.893132463097572327e-02,-1.700764149427413940e-02,-1.263177096843719482e-01,-4.774684831500053406e-02,7.273719459772109985e-02,-5.898433551192283630e-02,6.007709354162216187e-02,2.325285784900188446e-02,1.306996792554855347e-01,5.181448068469762802e-03,-9.764663875102996826e-02,-4.032862186431884766e-02,1.449586004018783569e-01,2.036170214414596558e-01,4.422695934772491455e-02,1.466463692486286163e-02,-3.631254658102989197e-02,-1.731768697500228882e-01,2.246712148189544678e-02,-3.726164251565933228e-02,-1.158163994550704956e-01,6.138524785637855530e-02,3.058193065226078033e-02,-2.441752552986145020e-01,1.221651807427406311e-01,8.417968451976776123e-02,-2.206772333011031151e-03,1.749969571828842163e-01,3.891650959849357605e-02,7.188609242439270020e-02,-1.252561062574386597e-01,-1.451485157012939453e-01,6.692459434270858765e-02,-1.525831408798694611e-02,-1.021354496479034424e-01,9.761963784694671631e-02,7.290142029523849487e-02,-1.933090537786483765e-01,1.725165918469429016e-02,5.300949141383171082e-02,-2.513328567147254944e-02,-3.828758746385574341e-02,-1.178820990025997162e-02,4.881143942475318909e-02,-4.128623381257057190e-02,2.313493192195892334e-02,8.892963081598281860e-02,-7.682514935731887817e-02,-5.897284951061010361e-03,-1.185536906123161316e-01,-2.154720574617385864e-02,1.083079446107149124e-02,1.416999548673629761e-01,-1.211825758218765259e-01,-2.702667936682701111e-02,-1.355376988649368286e-01,7.143501192331314087e-02,3.028510138392448425e-02,-1.849261373281478882e-01,-8.080614358186721802e-02,-4.351228941231966019e-03,-3.646652773022651672e-02,-1.779517857357859612e-03,1.612821817398071289e-01,2.248058617115020752e-01,-1.749066114425659180e-01,1.285575050860643387e-02,4.453698545694351196e-02,-8.651596494019031525e-03,-1.469953507184982300e-01,1.632475852966308594e-01,9.274221211671829224e-02,2.741320133209228516e-01,-2.706438675522804260e-02,-2.364467233419418335e-01,-5.805521458387374878e-02,1.531448215246200562e-01,2.964006923139095306e-02,-1.491704881191253662e-01,-7.680233567953109741e-02,-2.507497556507587433e-03,5.544846132397651672e-02,-5.423813685774803162e-02,9.959612041711807251e-02,-8.007857203483581543e-02,1.305603384971618652e-01,7.067265920341014862e-03,1.773699931800365448e-02,-1.428714096546173096e-01,3.372580558061599731e-02,-4.581642150878906250e-02,6.213521212339401245e-02,2.692316658794879913e-02,7.017933577299118042e-02,-1.108207628130912781e-01,1.028412207961082458e-01,6.876172125339508057e-02,1.346329897642135620e-01,-5.237188935279846191e-02,-1.386925429105758667e-01,2.090933471918106079e-01,1.409469544887542725e-01,-3.633262962102890015e-02,-1.159597709774971008e-01,1.098750010132789612e-01,9.347806125879287720e-02,-2.879018485546112061e-01,-5.539746582508087158e-02,-2.732132188975811005e-02,-8.255991339683532715e-02,-2.828908152878284454e-02,-5.488769710063934326e-02,-6.603389978408813477e-02,1.651255488395690918e-01,1.732062697410583496e-01,-8.353760838508605957e-02,6.830964982509613037e-02,1.658919900655746460e-01,-1.055466011166572571e-01,-2.488767541944980621e-02,-1.332321166992187500e-01,-3.599759424105286598e-03,-6.250034272670745850e-02,7.365917414426803589e-02
9.711115062236785889e-02,3.129559010267257690e-02,-3.322848305106163025e-02,1.478131711483001709e-01,-9.476738423109054565e-02,-7.230792939662933350e-02,1.829335093498229980e-01,-5.240036547183990479e-02,1.012468189001083374e-01,-1.960089616477489471e-02,1.631928086280822754e-01,-7.872841507196426392e-02,1.046484559774398804e-01,1.103750057518482208e-02,8.539625257253646851e-02,-1.428585592657327652e-02,9.681329131126403809e-02,-5.815442278981208801e-02,3.373906016349792480e-02,4.296330269426107407e-03,-2.408542670309543610e-02,2.701676078140735626e-02,1.206688862293958664e-02,2.324991859495639801e-02,1.319387555122375488e-01,1.789584308862686157e-01,-9.209418296813964844e-02,-8.906571567058563232e-02,4.049126058816909790e-02,3.054553177207708359e-03,1.495707631111145020e-01,-5.380969960242509842e-04,-1.780256628990173340e-01,1.581960022449493408e-01,-1.040055155754089355e-01,-6.163273006677627563e-02,1.095520611852407455e-02,-6.736977398395538330e-02,-4.069613665342330933e-02,5.548903718590736389e-02,-5.615744367241859436e-02,-5.107317492365837097e-02,-1.365738362073898315e-01,8.992182463407516479e-02,7.835786044597625732e-02,1.196492835879325867e-01,7.385502010583877563e-02,1.434743255376815796e-01,-6.230008229613304138e-02,2.569242417812347412e-01,1.170158609747886658e-01,-4.057479649782180786e-02,6.329919397830963135e-02,1.430066227912902832e-01,-9.644810110330581665e-02,9.508223086595535278e-02,-1.184075102210044861e-01,5.402249842882156372e-02,-1.046719104051589966e-01,-3.392270207405090332e-02,-1.324107199907302856e-01,-2.192028798162937164e-02,-9.300764650106430054e-02,-2.462896332144737244e-02,-1.430496107786893845e-02,1.125627104192972183e-02,1.366458088159561157e-01,9.924338199198246002e-03,-5.146321654319763184e-02,-8.027859032154083252e-02,-3.884834051132202148e-02,-4.378877580165863037e-02,9.442932158708572388e-02,1.047956049442291260e-01,1.412065774202346802e-01,-1.749590635299682617e-01,-2.193221151828765869e-01,5.093510821461677551e-02,1.161566972732543945e-01,1.146825030446052551e-02,-3.445057943463325500e-02,3.848117589950561523e-02,1.480133831501007080e-01,-1.445923279970884323e-02,7.829361595213413239e-03,-5.965782911516726017e-04,-6.152232736349105835e-02,2.142464043572545052e-03,9.915875643491744995e-02,-3.189270570874214172e-02,8.951441943645477295e-02,8.678278885781764984e-03,-1.312392055988311768e-01,-2.368248552083969116e-01,1.458812654018402100e-01,-2.033867388963699341e-01,5.347422137856483459e-02,-8.561110496520996094e-02,-8.586373180150985718e-02,-5.130618065595626831e-02,6.769417971372604370e-02,1.129925344139337540e-02,-1.148620992898941040e-01,-8.381740748882293701e-02,-1.886026561260223389e-01,4.464135318994522095e-02,-5.895513668656349182e-02,2.083012368530035019e-03,-1.035573780536651611e-01,1.760305613279342651e-01,2.309253662824630737e-01,1.503122746944427490e-01,2.030409872531890869e-01,-1.244968697428703308e-01,-6.168993934988975525e-02,-2.594497799873352051e-02,2.125465311110019684e-02,4.541561752557754517e-02,7.968380302190780640e-02,-1.658386588096618652e-01,-4.162101540714502335e-04,2.849384397268295288e-02,-2.304126508533954620e-02,-1.391571313142776489e-01,1.702859401702880859e-01,-5.015601962804794312e-02,6.275201588869094849e-02,-6.409218907356262207e-02,1.182590499520301819e-01,1.247825752943754196e-02,2.189494110643863678e-02,-6.860471516847610474e-02,-1.962875723838806152e-01,-1.373715233057737350e-02,-1.053090244531631470e-01,2.225517295300960541e-02,2.192932926118373871e-02,1.939176395535469055e-02,-5.662358924746513367e-02,1.043134704232215881e-01,2.680378034710884094e-03,-9.043958038091659546e-02,2.059042304754257202e-01,-1.252810209989547729e-01,1.926972530782222748e-02,7.098220288753509521e-02,-1.239889040589332581e-01,2.519721056160051376e-05,6.061868369579315186e-02,4.678511992096900940e-02,3.623624891042709351e-02,2.188555710017681122e-02,-1.294264644384384155e-01,3.178802318871021271e-03,-1.145247891545295715e-01,-2.222907356917858124e-02,-1.090725585818290710e-01,1.295161098241806030e-01,5.540561676025390625e-02,-9.729171544313430786e-02,-5.578001961112022400e-02,-5.559591576457023621e-02,2.197458036243915558e-02,-1.536777764558792114e-01,2.710848860442638397e-02,-1.716772764921188354e-01,-3.656171634793281555e-02,-2.458623982965946198e-02,6.435760110616683960e-02,8.825641125440597534e-02,1.140103787183761597e-01,2.182939052581787109e-01,1.621785908937454224e-01,-1.227089986205101013e-01,6.377238035202026367e-02,2.900409512221813202e-02,-2.587981335818767548e-02,2.253058701753616333e-01,6.793009489774703979e-02,-5.082817003130912781e-02,5.070974677801132202e-02,1.009332016110420227e-01,-7.787528634071350098e-02
1.677101999521255493e-01,3.902218863368034363e-02,1.703986525535583496e-02,2.887853793799877167e-02,-8.215918205678462982e-03,3.936371952295303345e-02,7.867011427879333496e-02,-1.478780340403318405e-02,-8.329517394304275513e-02,6.571056693792343140e-02,-8.140908926725387573e-02,-2.287930995225906372e-02,5.303706228733062744e-02,-7.156457751989364624e-02,9.801451116800308228e-02,-3.328179242089390755e-03,-2.059854753315448761e-02,-2.031981050968170166e-01,-7.089368999004364014e-02,-1.424745023250579834e-01,-1.724271327257156372e-01,-7.245328277349472046e-02,-1.587001085281372070e-01,-7.904779911041259766e-02,-7.569518685340881348e-02,-1.215160787105560303e-01,-4.663305729627609253e-02,9.669794142246246338e-02,-8.267366141080856323e-02,1.755116730928421021e-01,1.008549481630325317e-01,3.068272583186626434e-02,-7.102865260094404221e-03,4.595134779810905457e-02,-1.889937967061996460e-01,4.922661185264587402e-02,9.366603195667266846e-02,-4.195995628833770752e-02,-6.739440560340881348e-02,3.306400403380393982e-02,7.329979538917541504e-02,-1.555459052324295044e-01,-6.221865117549896240e-02,-1.448342390358448029e-02,-9.158938378095626831e-02,1.942746043205261230e-01,2.280152775347232819e-02,4.986311122775077820e-02,-9.486748278141021729e-02,-1.689937859773635864e-01,6.156838685274124146e-02,-1.157161593437194824e-01,-1.221791803836822510e-01,8.082147687673568726e-03,-1.492863595485687256e-01,-1.102076619863510132e-01,-1.711230129003524780e-01,5.436621606349945068e-02,9.683521836996078491e-02,-5.024264007806777954e-02,1.026691645383834839e-01,1.541988458484411240e-02,-3.026278614997863770e-01,-1.150184050202369690e-01,4.485453665256500244e-02,4.846368357539176941e-02,-4.367937147617340088e-02,5.932535603642463684e-02,-1.956868320703506470e-01,-2.310221940279006958e-01,-2.278361469507217407e-02,-5.918492749333381653e-02,-1.919935196638107300e-01,-1.427548229694366455e-01,-7.016877830028533936e-02,-7.990840077400207520e-02,-6.897716224193572998e-02,-3.869190113618969917e-03,-1.797334551811218262e-01,-7.335046678781509399e-02,8.412693440914154053e-02,5.603320896625518799e-02,-9.443455189466476440e-02,4.860932379961013794e-02,-1.965921223163604736e-01,1.032089628279209137e-02,-1.175881773233413696e-01,-2.074661292135715485e-02,-2.007699571549892426e-02,-1.081922501325607300e-01,-6.074788048863410950e-02,1.182601079344749451e-01,-4.052429273724555969e-02,-8.169899880886077881e-02,1.442866772413253784e-02,3.069023489952087402e-01,-1.509055644273757935e-01,-8.283287286758422852e-02,5.082357674837112427e-02,-6.635639816522598267e-02,-1.032866686582565308e-01,4.985355213284492493e-02,-6.800317764282226562e-02,-5.495145916938781738e-02,4.269680939614772797e-03,1.871502548456192017e-01,1.835798323154449463e-01,3.198111802339553833e-02,-2.099765837192535400e-02,1.006824523210525513e-01,1.257162839174270630e-01,-1.266113370656967163e-01,6.868714839220046997e-02,-2.783281542360782623e-02,-1.611596345901489258e-02,-6.843043863773345947e-02,-2.290331013500690460e-02,1.513669937849044800e-01,6.490571796894073486e-02,-4.962491616606712341e-02,4.715252667665481567e-02,1.268017590045928955e-01,-3.738280385732650757e-02,2.326115369796752930e-01,-7.399661093950271606e-02,1.204379275441169739e-01,2.093396335840225220e-01,-7.061520963907241821e-02,1.268298774957656860e-01,1.578245908021926880e-01,8.410378545522689819e-02,-4.977772757411003113e-02,-6.056374311447143555e-02,4.823573678731918335e-02,2.764199394732713699e-03,-7.499682903289794922e-02,-1.872657984495162964e-02,-7.137842476367950439e-02,-1.019163504242897034e-01,1.393936574459075928e-03,1.575182378292083740e-01,-2.793390071019530296e-03,7.964607328176498413e-03,2.161702606827020645e-03,-1.950340531766414642e-02,-7.767767459154129028e-02,1.068539023399353027e-01,5.328295379877090454e-02,4.620172083377838135e-02,5.461263284087181091e-02,-3.283865749835968018e-02,-7.857848703861236572e-02,1.150005385279655457e-01,9.352948516607284546e-02,1.021702662110328674e-01,-1.712675951421260834e-02,5.462483316659927368e-02,4.958895966410636902e-02,5.486541613936424255e-02,1.494259834289550781e-01,3.443293645977973938e-02,-1.072967126965522766e-01,2.766468189656734467e-02,1.940352916717529297e-01,2.091086655855178833e-02,1.528617143630981445e-01,4.154038149863481522e-03,1.238720864057540894e-01,3.875321894884109497e-02,8.013147860765457153e-02,1.266303062438964844e-01,-7.692714780569076538e-02,1.239765807986259460e-01,2.521591782569885254e-01,6.087832152843475342e-02,3.553811088204383850e-02,2.093871869146823883e-02,2.113815844058990479e-01,3.537245839834213257e-02,1.613948941230773926e-01,-1.742889136075973511e-01,-1.131601631641387939e-01,-1.293768584728240967e-01
5.903554335236549377e-02,-3.764693974517285824e-04,-2.609648108482360840e-01,-7.977330684661865234e-02,9.040860831737518311e-02,5.800911784172058105e-02,-1.182119026780128479e-01,-3.447659313678741455e-02,-6.137993559241294861e-02,1.286689490079879761e-01,-7.727686315774917603e-02,1.212227195501327515e-01,-1.950209289789199829e-01,-1.411020606756210327e-01,-5.924291908740997314e-02,-7.116119563579559326e-02,1.087111830711364746e-01,-3.366773575544357300e-02,6.983467191457748413e-02,1.220315471291542053e-01,1.552869826555252075e-01,7.992279529571533203e-02,-5.973565205931663513e-02,7.550764828920364380e-02,-8.029378950595855713e-02,7.524840533733367920e-02,-2.308190887561067939e-04,-7.309990376234054565e-02,3.031779229640960693e-01,3.986651450395584106e-02,-2.807583212852478027e-01,9.285765141248703003e-02,5.434023682028055191e-03,-3.028701543807983398e-01,8.397984504699707031e-02,5.570744723081588745e-02,7.215974479913711548e-02,6.477510929107666016e-02,4.748705029487609863e-02,1.587386876344680786e-01,-3.215189278125762939e-02,7.186242844909429550e-03,1.969838142395019531e-01,9.327114373445510864e-02,-3.610274195671081543e-02,5.167575553059577942e-02,5.812962353229522705e-02,-2.548148110508918762e-02,3.419436980038881302e-03,1.119651123881340027e-01,-8.972723782062530518e-02,4.535086080431938171e-02,3.807874023914337158e-02,-1.386857330799102783e-01,-7.974525913596153259e-03,3.328124806284904480e-02,1.252438221126794815e-02,-1.460436284542083740e-01,-3.040392696857452393e-01,-1.262540556490421295e-02,-2.693643327802419662e-03,8.049103617668151855e-02,1.151440963149070740e-01,8.374379575252532959e-02,4.979493562132120132e-03,1.357353031635284424e-01,1.279494166374206543e-01,-2.328249393031001091e-03,-1.134476065635681152e-01,5.355759337544441223e-02,-8.811667561531066895e-03,5.703181400895118713e-02,2.336567044258117676e-01,1.081356704235076904e-01,-5.990774184465408325e-02,-9.292344003915786743e-02,6.238124147057533264e-02,-8.477076888084411621e-02,-1.382467001676559448e-01,-3.865157440304756165e-02,1.485353857278823853e-01,-6.003214418888092041e-02,2.463848143815994263e-02,7.491334527730941772e-02,1.916527748107910156e-01,8.064337074756622314e-02,2.413581609725952148e-01,4.999544844031333923e-02,-2.766522206366062164e-02,-3.836304694414138794e-02,-2.329364418983459473e-02,-2.134390175342559814e-01,8.751806616783142090e-02,-1.045165434479713440e-01,-1.377189755439758301e-01,-1.003955677151679993e-01,1.671694815158843994e-01,1.902327239513397217e-01,6.307141482830047607e-02,4.371793940663337708e-02,3.077823296189308167e-02,7.137529551982879639e-02,2.646964192390441895e-01,-3.125815652310848236e-03,1.503972709178924561e-01,1.192316934466362000e-01,-4.108471795916557312e-02,4.383964091539382935e-02,8.303794264793395996e-02,4.841464012861251831e-02,1.879393309354782104e-01,2.454411834478378296e-01,2.577780783176422119e-01,7.370264083147048950e-02,1.573479771614074707e-01,3.441438451409339905e-02,-5.728114396333694458e-02,-1.901837624609470367e-02,1.438733786344528198e-01,-4.322260245680809021e-02,9.843640774488449097e-02,-1.116865687072277069e-02,-8.100277930498123169e-02,7.064762711524963379e-02,1.162397935986518860e-01,1.827859319746494293e-02,5.578633025288581848e-02,-1.278358697891235352e-02,1.266844719648361206e-01,1.064711511135101318e-01,1.580588147044181824e-02,1.405026763677597046e-01,-1.541502624750137329e-01,-3.281102702021598816e-02,1.460104733705520630e-01,1.062704846262931824e-01,1.306792795658111572e-01,2.167206704616546631e-01,2.595837600529193878e-02,1.372206839732825756e-03,7.135856151580810547e-02,7.711833715438842773e-02,6.000646203756332397e-02,1.766375005245208740e-01,9.670094586908817291e-03,1.409678906202316284e-01,3.417984396219253540e-02,-9.456951916217803955e-02,7.759226113557815552e-02,-2.421957813203334808e-02,2.174632810056209564e-02,2.235213518142700195e-01,-2.249005138874053955e-01,6.972090154886245728e-02,3.071686998009681702e-02,-3.715179115533828735e-02,3.352895006537437439e-02,5.040859803557395935e-02,1.943636536598205566e-01,6.825269758701324463e-02,-2.721057273447513580e-02,-5.936433002352714539e-02,2.799596451222896576e-02,2.697601318359375000e-01,2.559850178658962250e-02,1.957556791603565216e-02,1.377075016498565674e-01,1.270694732666015625e-01,4.356168955564498901e-02,-7.212328910827636719e-02,3.014767356216907501e-02,-1.673038154840469360e-01,5.562780797481536865e-02,1.763851642608642578e-01,1.227171793580055237e-01,1.995837837457656860e-01,9.463419765233993530e-02,-4.074344038963317871e-02,1.325217187404632568e-01,-3.721748664975166321e-02,-2.405306883156299591e-02,-2.480187639594078064e-02,4.554474353790283203e-02
6.252765655517578125e-02,6.329060345888137817e-02,-5.431757494807243347e-02,1.292661279439926147e-01,7.416442036628723145e-02,9.615194052457809448e-03,6.118973344564437866e-02,-1.492823362350463867e-01,-1.016350910067558289e-01,-5.920986458659172058e-02,-5.723703280091285706e-02,-2.870432734489440918e-01,-5.756232142448425293e-02,3.489932790398597717e-02,-1.050202772021293640e-01,-1.824104040861129761e-01,1.899323314428329468e-01,-1.378038432449102402e-02,-8.353492617607116699e-02,-9.640251845121383667e-02,-1.039792969822883606e-01,4.472352191805839539e-02,-2.395492419600486755e-02,-7.429873198270797729e-02,4.349675145931541920e-04,-5.737474188208580017e-02,1.761370748281478882e-01,1.200373172760009766e-01,3.578785806894302368e-02,9.060984849929809570e-02,-2.146142534911632538e-03,-1.045582070946693420e-01,2.236934565007686615e-02,7.241381704807281494e-02,-1.322388797998428345e-01,2.050438970327377319e-01,1.087128221988677979e-01,-3.843351081013679504e-02,9.572157263755798340e-02,3.225739672780036926e-02,-2.902243472635746002e-02,5.464351177215576172e-02,-1.760024577379226685e-02,-7.754638791084289551e-02,7.708068192005157471e-02,1.865158230066299438e-02,-5.533031374216079712e-02,-8.563085645437240601e-02,-7.453991472721099854e-02,1.566572189331054688e-01,-2.443805895745754242e-02,-1.783357188105583191e-02,4.873553290963172913e-02,1.600772291421890259e-01,1.302747726440429688e-01,-8.620384335517883301e-02,-7.311806827783584595e-02,-2.282904647290706635e-02,-1.221076250076293945e-01,-7.109279185533523560e-02,3.029003441333770752e-01,3.095606341958045959e-02,-6.413467228412628174e-02,2.306596562266349792e-02,2.419847995042800903e-02,-1.365551650524139404e-01,7.166922837495803833e-02,-1.121186688542366028e-01,2.684068866074085236e-03,1.174954101443290710e-01,-4.719606414437294006e-02,-2.250757999718189240e-02,-2.198504358530044556e-01,3.352509438991546631e-02,-1.163133420050144196e-03,7.844780385494232178e-02,-6.308882683515548706e-02,1.089383959770202637e-01,-3.044509887695312500e-02,-1.837323419749736786e-02,9.621831029653549194e-02,-4.531817883253097534e-02,9.336143732070922852e-02,-4.449130967259407043e-02,-1.380419172346591949e-02,5.508566647768020630e-02,-1.137516945600509644e-01,-2.630498111248016357e-01,-1.991052180528640747e-01,-7.449138443917036057e-03,1.132423654198646545e-01,4.005367401987314224e-03,1.554718762636184692e-01,2.041798532009124756e-01,4.540770500898361206e-02,2.139933854341506958e-01,1.226350888609886169e-01,-1.756045967340469360e-01,5.928526073694229126e-02,3.871608525514602661e-02,3.991147503256797791e-02,3.079063259065151215e-02,6.601780652999877930e-02,3.256296738982200623e-02,-2.493133069947361946e-03,8.271283656358718872e-02,1.538413614034652710e-01,6.642008572816848755e-02,-1.330979615449905396e-01,-1.034678891301155090e-01,-9.141144156455993652e-02,-1.745095360092818737e-03,1.201052069664001465e-01,-9.697771817445755005e-02,2.918587811291217804e-02,5.868498235940933228e-02,1.267491728067398071e-01,-2.088541863486170769e-03,9.993017464876174927e-02,-5.560119450092315674e-02,1.984505802392959595e-01,-2.437884360551834106e-02,9.390518814325332642e-02,-2.386910319328308105e-01,-7.944281399250030518e-02,-2.278050333261489868e-01,-4.843037202954292297e-02,-1.042886525392532349e-01,1.531892120838165283e-01,-3.613526746630668640e-02,-3.154106810688972473e-02,6.296472996473312378e-02,6.206417456269264221e-02,6.888058036565780640e-02,-4.254590719938278198e-02,4.058387503027915955e-02,-4.191213753074407578e-03,-2.022502943873405457e-02,2.749762684106826782e-02,8.922401815652847290e-03,3.896306455135345459e-02,-5.976404994726181030e-02,-1.906284540891647339e-01,-1.735948771238327026e-02,-1.472702622413635254e-01,-5.916245281696319580e-02,6.019397452473640442e-02,-2.684981375932693481e-02,-3.918251395225524902e-02,1.065760254859924316e-01,7.420535385608673096e-02,-7.183282822370529175e-02,6.628634035587310791e-02,5.158977583050727844e-02,4.037407040596008301e-02,6.780616939067840576e-02,7.191739231348037720e-02,-9.437226504087448120e-02,2.163639366626739502e-01,6.049976870417594910e-02,8.807725459337234497e-02,2.787699922919273376e-02,4.477343335747718811e-02,-3.528390079736709595e-02,-2.957519702613353729e-02,6.950806081295013428e-02,-3.431581333279609680e-02,-4.275291040539741516e-02,-2.149875015020370483e-01,2.950787730515003204e-02,9.983064234256744385e-02,2.978447452187538147e-02,-5.974319204688072205e-02,1.192641258239746094e-01,-1.008156239986419678e-01,-6.447631120681762695e-02,2.892635948956012726e-02,-8.853144198656082153e-02,5.821692198514938354e-02,-1.708814874291419983e-02,5.221483483910560608e-02,-2.844912186264991760e-02,1.166321486234664917e-01
2.839528024196624756e-01,2.104060649871826172e-01,3.639741986989974976e-02,-6.333958357572555542e-02,2.598253190517425537e-01,9.789555519819259644e-02,2.036699801683425903e-01,-7.326745241880416870e-02,-4.727492853999137878e-02,-2.044383436441421509e-02,1.912844181060791016e-01,1.351995170116424561e-01,2.930764853954315186e-01,2.812005877494812012e-01,5.216330885887145996e-01,4.687793552875518799e-01,3.057075440883636475e-01,3.310084640979766846e-01,3.695102334022521973e-01,1.496917605400085449e-01,3.684470057487487793e-02,-1.486670970916748047e-01,-4.682776629924774170e-01,-1.841426044702529907e-01,-1.740192770957946777e-01,-1.508289873600006104e-01,-3.441339135169982910e-01,-8.040791749954223633e-01,-5.150933861732482910e-01,-5.828420519828796387e-01,-3.210805058479309082e-01,-1.331216990947723389e-01,-4.721324443817138672e-01,-1.118602007627487183e-01,6.174344196915626526e-02,1.714847087860107422e-01,2.996176183223724365e-01,1.355270445346832275e-01,3.697789609432220459e-01,4.761802256107330322e-01,5.096901059150695801e-01,3.511140048503875732e-01,2.762805819511413574e-01,3.483127653598785400e-01,2.560742199420928955e-01,1.764774471521377563e-01,6.943295896053314209e-02,-9.112385660409927368e-02,-8.905320614576339722e-02,-1.502950191497802734e-01,-2.012614160776138306e-01,-2.077605873346328735e-01,-1.242798753082752228e-02,-1.493224948644638062e-01,7.710935547947883606e-03,-2.446339130401611328e-01,-3.845109343528747559e-01,-5.636905431747436523e-01,-5.488114953041076660e-01,-1.089802309870719910e-01,1.176180765032768250e-01,1.075240150094032288e-01,5.490647256374359131e-02,-3.282715752720832825e-02,-8.203739672899246216e-02,3.904969245195388794e-02,-8.942217682488262653e-04,-2.727288007736206055e-02,-3.680127859115600586e-02,5.633667856454849243e-02,-7.219967432320117950e-03,-9.438514709472656250e-02,-1.780363023281097412e-01,-1.089448481798171997e-01,1.307128518819808960e-01,1.798590179532766342e-03,3.264338672161102295e-01,2.661683261394500732e-01,2.924296446144580841e-02,-9.111089259386062622e-02,-4.374619573354721069e-02,-1.237247437238693237e-01,-1.602722518146038055e-02,3.752195090055465698e-02,5.811200290918350220e-02,1.502513289451599121e-01,6.160687655210494995e-02,9.389325045049190521e-03,-5.628003273159265518e-04,1.387068182229995728e-01,3.435351327061653137e-02,-7.814577221870422363e-02,1.773770153522491455e-02,2.444968931376934052e-02,1.516545712947845459e-01,1.105774044990539551e-01,1.305440161377191544e-02,1.440375745296478271e-01,-5.359186604619026184e-02,-3.484455123543739319e-02,1.858181692659854889e-02,9.007123112678527832e-02,-6.780157983303070068e-02,-1.485935226082801819e-02,-2.929766476154327393e-01,-8.492495119571685791e-02,1.585400402545928955e-01,7.982011884450912476e-02,4.110421985387802124e-02,-1.064667105674743652e-01,-3.393189399503171444e-04,-2.129120565950870514e-02,-7.055741548538208008e-02,8.542872220277786255e-02,1.308138966560363770e-01,-1.349859032779932022e-02,-1.295603904873132706e-02,-1.842683106660842896e-01,-1.216632127761840820e-01,3.336416929960250854e-02,1.381313204765319824e-01,2.175968699157238007e-02,7.892170920968055725e-03,-5.281808227300643921e-02,2.006405219435691833e-02,1.660737097263336182e-01,1.394259333610534668e-01,1.473481059074401855e-01,1.349502801895141602e-01,3.364207968115806580e-02,-1.411477923393249512e-01,-1.253739893436431885e-01,2.905764281749725342e-01,-7.002734579145908356e-03,-1.831898582167923450e-03,2.143720723688602448e-02,-3.955367952585220337e-02,-3.390985131263732910e-01,-1.231888383626937866e-01,2.053045630455017090e-01,6.209372729063034058e-02,8.176077902317047119e-02,-7.189225871115922928e-03,1.094276607036590576e-01,-6.933183223009109497e-02,-3.134876862168312073e-02,3.462527319788932800e-02,2.189130038022994995e-01,-3.678147867321968079e-02,1.718505918979644775e-01,4.525701224338263273e-04,1.373744606971740723e-01,-2.765276469290256500e-02,1.044751983135938644e-02,9.554754942655563354e-02,2.738771401345729828e-02,3.843510523438453674e-02,8.544352650642395020e-02,-2.345617413520812988e-01,2.143382728099822998e-01,2.097450010478496552e-02,1.938724890351295471e-02,1.327157765626907349e-01,2.984073162078857422e-01,1.029188185930252075e-01,5.582972429692745209e-03,5.174978822469711304e-02,1.675032973289489746e-01,-2.414276078343391418e-02,-2.402228489518165588e-02,9.654629975557327271e-02,1.899062544107437134e-01,1.675867885351181030e-01,2.302644848823547363e-01,5.134516861289739609e-03,2.420659922063350677e-02,-4.869733378291130066e-02,-1.730575710535049438e-01,1.770194917917251587e-01,2.226182222366333008e-01,1.140521392226219177e-01,1.163791790604591370e-01,1.484838277101516724e-01
-1.870079487562179565e-01,-7.049129903316497803e-02,1.609960645437240601e-01,2.318676561117172241e-01,-6.735346466302871704e-02,1.646676808595657349e-01,6.246200203895568848e-02,6.675055623054504395e-02,-7.638666778802871704e-02,5.154885817319154739e-03,1.050766333937644958e-01,-1.136822625994682312e-01,2.627605497837066650e-01,2.427063696086406708e-02,1.192880496382713318e-01,1.007186248898506165e-01,9.439820051193237305e-02,3.680286929011344910e-02,-1.554771512746810913e-01,-1.093190461397171021e-01,-2.320680916309356689e-01,-1.315303295850753784e-01,-8.029356598854064941e-02,-6.836509704589843750e-02,-3.271403163671493530e-02,1.381972432136535645e-01,2.645112201571464539e-02,-3.154604136943817139e-02,2.434892803430557251e-01,5.743538588285446167e-02,-2.002384141087532043e-02,-4.796060919761657715e-02,-4.414032772183418274e-02,-1.719839125871658325e-01,-1.469819992780685425e-01,2.104454673826694489e-02,-2.286824584007263184e-01,6.739454716444015503e-02,2.395460456609725952e-01,2.485164999961853027e-01,9.319809824228286743e-02,3.602609634399414062e-01,1.272304076701402664e-02,2.297940105199813843e-01,3.261228501796722412e-01,2.619114816188812256e-01,1.532274037599563599e-01,6.671205908060073853e-02,2.787717804312705994e-02,-1.248205546289682388e-02,-3.799603581428527832e-01,-9.436947703361511230e-01,-1.600839495658874512e-01,-7.103989124298095703e-01,-5.462250113487243652e-01,-3.407617658376693726e-02,-5.384417995810508728e-02,-2.709928713738918304e-02,2.478083819150924683e-01,4.875546395778656006e-01,2.820994853973388672e-01,1.817435622215270996e-01,-2.213384509086608887e-01,-1.619999706745147705e-01,2.236705645918846130e-02,3.685230016708374023e-02,-5.206974968314170837e-02,-1.900408975780010223e-02,-2.184406071901321411e-01,-1.657643616199493408e-01,-1.227647885680198669e-01,-6.144017726182937622e-02,4.931317642331123352e-03,-2.076724916696548462e-01,-1.111852303147315979e-01,9.407687932252883911e-03,-8.435523137450218201e-03,-2.146465703845024109e-02,-1.577294431626796722e-02,1.061956584453582764e-01,-7.706602662801742554e-02,1.111119166016578674e-01,-2.868839167058467865e-02,5.180951207876205444e-02,3.245284780859947205e-02,7.197350263595581055e-02,7.002043724060058594e-02,-7.437497377395629883e-02,-1.389737427234649658e-02,-1.032879576086997986e-01,2.487343922257423401e-02,-5.021758377552032471e-03,-6.625622510910034180e-02,6.595630198717117310e-02,5.038531031459569931e-03,7.656419277191162109e-02,-5.720321461558341980e-02,-1.349229961633682251e-01,-1.228481307625770569e-01,-2.105478569865226746e-02,-6.074143573641777039e-02,5.458620190620422363e-02,-4.167857393622398376e-02,1.870306557975709438e-03,-1.357730925083160400e-01,-7.222906500101089478e-02,-5.284634977579116821e-02,8.778893947601318359e-02,-9.283033758401870728e-02,-1.565898209810256958e-01,-8.737474679946899414e-02,2.477025240659713745e-01,-2.879793988540768623e-03,-8.715529739856719971e-02,-7.406986318528652191e-03,-1.067597419023513794e-01,-8.092392235994338989e-03,2.113997787237167358e-01,-5.109914764761924744e-02,-8.608426153659820557e-02,3.741787001490592957e-02,-5.067154765129089355e-02,-2.065904885530471802e-01,1.727519035339355469e-01,-2.166725546121597290e-01,-6.492530554533004761e-02,-9.459387511014938354e-02,-6.876752525568008423e-02,-8.757265657186508179e-02,-3.788797184824943542e-02,1.928536891937255859e-01,-2.385756820440292358e-01,1.892494037747383118e-02,1.557739526033401489e-01,5.990287289023399353e-02,1.626072078943252563e-01,1.436517238616943359e-01,-2.896425686776638031e-02,1.038587614893913269e-01,2.448513954877853394e-01,6.716189533472061157e-02,3.437418257817625999e-03,-1.511707007884979248e-01,8.571249991655349731e-02,1.386563926935195923e-01,3.160468116402626038e-02,3.235707804560661316e-02,-7.492467015981674194e-02,5.036780238151550293e-02,6.782092154026031494e-02,3.230204433202743530e-02,-2.643229253590106964e-02,-5.677783861756324768e-02,-1.716893315315246582e-01,1.489915233105421066e-02,-1.200250014662742615e-01,1.330888867378234863e-01,-1.347835958003997803e-01,-4.117979481816291809e-02,1.023355275392532349e-01,1.081882640719413757e-01,-7.326513063162565231e-03,1.538270860910415649e-01,1.384289264678955078e-01,4.091450944542884827e-03,1.292303055524826050e-01,2.533948048949241638e-02,4.448288679122924805e-02,-6.659888476133346558e-02,7.055912166833877563e-02,3.057994507253170013e-02,-6.794727593660354614e-02,-3.027665428817272186e-02,1.389379054307937622e-01,3.959239460527896881e-03,-1.124622672796249390e-01,-3.275882452726364136e-03,3.491379693150520325e-02,-1.467175688594579697e-02,1.219310015439987183e-01,1.514938077889382839e-03,-3.350035473704338074e-02,7.123745232820510864e-02
2.419159188866615295e-02,8.366788178682327271e-02,-2.052701562643051147e-01,1.609634794294834137e-02,-6.735859811305999756e-02,2.039018273353576660e-01,1.832833737134933472e-01,1.289831846952438354e-02,3.811649605631828308e-02,-7.777515053749084473e-02,-1.258785370737314224e-02,1.226632595062255859e-01,4.527181386947631836e-02,1.554242614656686783e-02,-1.902136020362377167e-02,-4.757985472679138184e-03,-1.808841228485107422e-01,-1.136738136410713196e-01,1.248475089669227600e-01,-6.980562210083007812e-02,1.473846659064292908e-02,1.106173321604728699e-01,-3.013526834547519684e-02,-1.788330636918544769e-02,-6.714032590389251709e-02,8.266358822584152222e-02,-5.195701867341995239e-02,-1.843638867139816284e-01,-7.034464739263057709e-03,5.606992170214653015e-02,-8.736958354711532593e-02,1.018883585929870605e-01,-1.074415072798728943e-01,-2.641928791999816895e-01,2.984397113323211670e-01,3.883170336484909058e-02,2.812767587602138519e-02,1.133095920085906982e-01,7.214395701885223389e-02,1.689770966768264771e-01,-1.303166002035140991e-01,-1.074589788913726807e-01,-3.087065741419792175e-02,-6.262276321649551392e-02,-2.075425535440444946e-02,-6.856136769056320190e-02,5.372379347681999207e-02,4.753362014889717102e-02,1.123882159590721130e-01,-1.565859094262123108e-02,-2.005269974470138550e-01,2.162735313177108765e-01,-8.950616419315338135e-02,-1.856220215559005737e-01,-1.160092502832412720e-01,-1.072499454021453857e-01,4.792251065373420715e-02,1.830975338816642761e-02,-1.144315451383590698e-01,-2.032058387994766235e-01,1.068731248378753662e-01,7.228212803602218628e-02,-2.031518369913101196e-01,1.213863492012023926e-01,-1.310299634933471680e-01,-1.297260969877243042e-01,-7.406513392925262451e-02,-4.612052347511053085e-03,-4.908180236816406250e-02,4.009748995304107666e-02,8.615821599960327148e-02,-6.240826100111007690e-02,3.409926593303680420e-02,6.997077167034149170e-02,-1.001022383570671082e-02,-5.521949008107185364e-02,7.606018334627151489e-02,-1.537922769784927368e-01,-2.332571335136890411e-02,1.410065442323684692e-01,-1.365878432989120483e-01,-6.817182153463363647e-02,4.983864258974790573e-03,-4.662786796689033508e-02,-5.912903696298599243e-02,-1.578215807676315308e-01,-6.867452710866928101e-02,-2.223286405205726624e-02,-7.660716027021408081e-02,1.777126044034957886e-01,1.017053425312042236e-01,-7.045952230691909790e-02,-8.841915428638458252e-02,1.040584668517112732e-01,-5.186386872082948685e-03,-2.892940863966941833e-02,9.496170282363891602e-02,-4.088334273546934128e-03,-1.837283559143543243e-02,-2.904550544917583466e-02,-6.504131853580474854e-02,1.198489814996719360e-01,1.090056821703910828e-01,-9.539307653903961182e-02,3.408408910036087036e-02,4.412406124174594879e-04,-9.965017437934875488e-02,-1.888954043388366699e-01,-3.169712424278259277e-02,-1.924463920295238495e-02,-2.852477700798772275e-05,6.102418154478073120e-02,8.726570010185241699e-02,-5.680308490991592407e-02,-4.786025732755661011e-03,1.508269459009170532e-01,-1.300201714038848877e-01,1.141595169901847839e-01,-8.532319217920303345e-02,9.960985928773880005e-02,-9.035801142454147339e-02,1.165974065661430359e-01,1.323518604040145874e-01,-1.879668980836868286e-01,-3.015546686947345734e-02,4.632795602083206177e-02,1.118888482451438904e-01,3.772623091936111450e-02,-7.036152482032775879e-02,2.714537829160690308e-02,-8.699664473533630371e-02,-4.054416436702013016e-03,-2.692598477005958557e-02,6.888908147811889648e-02,-2.303954400122165680e-02,2.065718770027160645e-01,1.204268261790275574e-01,7.214626297354698181e-03,-2.466448247432708740e-01,-2.551296949386596680e-01,1.338362414389848709e-02,1.201658789068460464e-02,4.023865610361099243e-02,1.487255990505218506e-01,1.503073982894420624e-02,-1.353238672018051147e-01,-9.066431969404220581e-02,8.333037048578262329e-02,-9.143502265214920044e-02,-2.035834640264511108e-01,-1.174239143729209900e-01,2.957299537956714630e-02,-8.307417854666709900e-03,-3.615884110331535339e-02,1.558062434196472168e-01,-2.651651389896869659e-02,2.143113873898983002e-02,4.516027122735977173e-02,3.881940990686416626e-02,8.372398465871810913e-02,-1.900118887424468994e-01,-1.828190684318542480e-02,5.314746871590614319e-02,-1.188681460916996002e-02,3.959137946367263794e-02,1.196474954485893250e-02,-6.312175840139389038e-02,-1.234626621007919312e-01,6.708871573209762573e-02,3.281657770276069641e-02,-1.446260958909988403e-01,-6.682052277028560638e-03,2.216843701899051666e-02,3.009570948779582977e-02,2.009992487728595734e-02,-1.509919483214616776e-02,-8.161876350641250610e-03,3.321501240134239197e-02,-8.192413300275802612e-02,5.266630649566650391e-02,6.627476215362548828e-02,5.506860092282295227e-02,2.666334994137287140e-02
5.001105740666389465e-02,-2.047723382711410522e-01,4.357204958796501160e-02,-1.247529461979866028e-01,2.017811127007007599e-02,-1.237301826477050781e-01,-3.187422081828117371e-02,9.949954692274332047e-04,1.941565237939357758e-02,2.145606726408004761e-01,1.469082087278366089e-01,-8.435392379760742188e-02,4.522614181041717529e-02,-4.986996296793222427e-03,-1.527416259050369263e-01,-2.969281747937202454e-02,-3.326781839132308960e-02,-7.076118141412734985e-02,1.291812490671873093e-02,-1.579224914312362671e-01,-3.780304221436381340e-03,5.184227600693702698e-03,8.591874688863754272e-02,-1.927554607391357422e-01,-1.280666291713714600e-01,-1.634380966424942017e-01,1.062203869223594666e-01,2.360845357179641724e-02,-1.504634022712707520e-01,3.026917111128568649e-03,1.049636974930763245e-01,-2.845214605331420898e-01,7.464484870433807373e-02,2.749876119196414948e-02,6.525661051273345947e-02,1.534627526998519897e-01,-1.819668859243392944e-01,5.893896520137786865e-02,9.657905437052249908e-03,4.501310363411903381e-02,-2.022259831428527832e-01,-1.831547021865844727e-01,-1.418805271387100220e-01,-4.117243364453315735e-02,6.094816327095031738e-02,5.650484934449195862e-02,7.488039880990982056e-02,8.110050857067108154e-02,-7.946796249598264694e-04,2.552982866764068604e-01,3.445253968238830566e-01,1.898747384548187256e-01,2.971714176237583160e-02,-1.876952871680259705e-02,-5.640295520424842834e-02,-3.603905439376831055e-01,-2.353698015213012695e-01,-4.180710315704345703e-01,-3.843341171741485596e-01,-6.367714703083038330e-02,-5.333643034100532532e-02,1.757409274578094482e-01,3.981392458081245422e-02,-4.995704442262649536e-02,2.035654485225677490e-01,-1.431723963469266891e-02,1.237439215183258057e-01,-5.289866402745246887e-02,9.215776622295379639e-02,-3.787552937865257263e-02,1.459455043077468872e-01,9.492930769920349121e-02,1.426798570901155472e-02,1.564006060361862183e-01,6.014226004481315613e-02,-2.141488716006278992e-03,-4.166975244879722595e-02,-2.467190772294998169e-01,-2.772355079650878906e-02,5.896777287125587463e-02,3.420180454850196838e-02,1.774555295705795288e-01,3.773457929491996765e-02,9.609644114971160889e-02,1.232559047639369965e-02,-2.128742784261703491e-01,-4.790204390883445740e-02,6.833304464817047119e-02,4.476503655314445496e-02,2.145278602838516235e-01,-1.704241335391998291e-02,3.678461536765098572e-02,1.666451096534729004e-01,-1.197044625878334045e-01,1.618857495486736298e-02,-7.806623727083206177e-02,-1.434284448623657227e-01,-5.751886218786239624e-02,8.245170861482620239e-02,2.495024353265762329e-02,-2.419575750827789307e-01,-6.467773765325546265e-02,6.831994652748107910e-02,1.372287571430206299e-01,7.318502664566040039e-02,1.056063100695610046e-01,-1.990940719842910767e-01,1.769008785486221313e-01,-1.007943823933601379e-01,4.034709930419921875e-02,1.656403392553329468e-01,-8.459705859422683716e-02,1.407756842672824860e-02,-3.747806325554847717e-02,1.177585124969482422e-01,1.865790970623493195e-02,9.438376873731613159e-02,-2.749067917466163635e-02,1.857842355966567993e-01,1.232910454273223877e-01,-2.397624216973781586e-02,1.058669537305831909e-01,1.392651647329330444e-01,-5.222053825855255127e-02,1.940401270985603333e-03,3.397650644183158875e-02,-7.875914871692657471e-02,3.504164144396781921e-02,1.536635309457778931e-01,-4.347917065024375916e-02,1.772099882364273071e-01,-4.039396345615386963e-02,-7.748478651046752930e-02,9.737714380025863647e-02,1.656598038971424103e-02,6.841391324996948242e-02,-5.791588500142097473e-02,-8.722867816686630249e-02,1.228232458233833313e-01,6.798016279935836792e-02,2.069130539894104004e-01,-3.595934063196182251e-02,6.394581496715545654e-02,-6.371528655290603638e-02,-3.032977879047393799e-02,9.061693400144577026e-02,2.120049204677343369e-03,-1.579570025205612183e-02,-2.001897692680358887e-01,-1.758076436817646027e-02,1.597537286579608917e-02,-1.856896430253982544e-01,-4.989048838615417480e-02,2.430429495871067047e-02,5.929095670580863953e-02,-5.168366432189941406e-02,4.327180981636047363e-02,-1.126647591590881348e-01,1.202696859836578369e-01,-1.664838567376136780e-02,1.798080466687679291e-02,2.931171357631683350e-01,-1.445478647947311401e-01,-2.222448773682117462e-02,1.728427782654762268e-02,7.672816514968872070e-02,4.854482784867286682e-02,1.487662941217422485e-01,-6.285423040390014648e-02,2.058914750814437866e-01,-9.278861433267593384e-02,1.134406104683876038e-01,2.847152389585971832e-02,-1.255418509244918823e-01,-7.178673148155212402e-02,8.087223768234252930e-02,-3.332464024424552917e-02,2.073668688535690308e-02,-7.453518360853195190e-02,5.599995329976081848e-02,1.378545463085174561e-01,1.148235425353050232e-02,3.764985874295234680e-02
-7.081656157970428467e-02,9.941569529473781586e-03,4.059894755482673645e-02,-8.474693447351455688e-02,-6.539947539567947388e-02,8.232475072145462036e-02,-1.637919247150421143e-02,6.400930136442184448e-02,-4.690485447645187378e-02,3.369135037064552307e-02,3.421024978160858154e-02,-5.435937270522117615e-02,7.634533569216728210e-03,-9.420604258775711060e-02,-1.196353062987327576e-01,-9.750501811504364014e-02,2.701993472874164581e-02,-3.376187384128570557e-02,4.443154856562614441e-02,-9.193053119815886021e-04,1.022249311208724976e-01,1.042885780334472656e-01,-8.865134418010711670e-02,-2.017242833971977234e-02,-1.952834241092205048e-02,-9.353937953710556030e-02,-3.972823265939950943e-03,-4.996353760361671448e-02,-4.745096713304519653e-02,1.293700784444808960e-01,4.295811057090759277e-02,1.837349385023117065e-01,-1.027217879891395569e-01,5.831975862383842468e-02,2.693578302860260010e-01,-3.717680647969245911e-02,5.399095639586448669e-02,-1.726245582103729248e-01,-2.165685296058654785e-01,-1.873732954263687134e-01,-1.978547126054763794e-01,-2.979901731014251709e-01,-7.440533488988876343e-02,-6.242356449365615845e-02,2.730725100263953209e-03,-2.610661089420318604e-02,-1.207951381802558899e-01,6.097519025206565857e-02,1.136884614825248718e-01,7.465631514787673950e-02,1.270020008087158203e-01,1.257764697074890137e-01,6.393430233001708984e-01,2.045085728168487549e-01,-5.979497730731964111e-02,2.391651868820190430e-01,2.831948697566986084e-01,1.516226530075073242e-01,9.492728859186172485e-02,9.948834031820297241e-02,8.493887633085250854e-02,6.104611977934837341e-02,-2.125808596611022949e-01,2.986546605825424194e-02,-1.098523568361997604e-02,-1.076171547174453735e-02,-3.438787162303924561e-02,9.824252873659133911e-02,-5.993460305035114288e-03,1.241625994443893433e-01,1.205703765153884888e-01,4.332004860043525696e-02,-4.801827296614646912e-02,9.395384788513183594e-02,1.210561245679855347e-01,1.948759257793426514e-01,3.571340069174766541e-02,-3.272349014878273010e-02,-5.698846653103828430e-02,1.058412864804267883e-01,9.881676733493804932e-02,6.178718432784080505e-02,5.572723969817161560e-02,-7.196918874979019165e-02,1.182388421148061752e-02,-4.585400596261024475e-02,2.162239328026771545e-02,9.753407357493415475e-05,1.119920983910560608e-01,1.289833039045333862e-01,1.116241142153739929e-01,1.043831557035446167e-01,1.939922198653221130e-02,4.757440090179443359e-02,3.516773879528045654e-02,5.690161138772964478e-02,6.584244966506958008e-02,3.319630026817321777e-02,1.579347848892211914e-01,-1.277399659156799316e-01,7.577043771743774414e-02,1.013563713058829308e-03,1.431033015251159668e-01,1.017521098256111145e-01,4.521347209811210632e-02,-1.061640493571758270e-02,1.256992220878601074e-01,2.832280471920967102e-02,1.555144190788269043e-01,3.217134997248649597e-02,2.002275586128234863e-01,1.168846860527992249e-01,-4.588320385664701462e-03,2.433770298957824707e-01,-4.098680987954139709e-02,-3.948858007788658142e-02,1.437625437974929810e-01,2.963530085980892181e-02,2.435627393424510956e-02,4.219001531600952148e-02,1.654880493879318237e-01,6.127826124429702759e-02,6.045172363519668579e-02,1.850154995918273926e-01,9.774877876043319702e-02,1.201031077653169632e-02,-9.834853559732437134e-02,5.915230885148048401e-02,-5.726302042603492737e-02,1.346701979637145996e-01,1.170972287654876709e-01,3.075260855257511139e-02,-1.036411151289939880e-01,-5.676139146089553833e-03,1.244053915143013000e-01,1.531020104885101318e-01,7.272345572710037231e-02,1.979427784681320190e-01,6.365733593702316284e-02,6.729220598936080933e-02,-6.827797275036573410e-03,9.869614243507385254e-02,-7.973463833332061768e-02,1.755160689353942871e-01,8.109728246927261353e-02,-7.922647893428802490e-02,4.528677836060523987e-02,4.562547430396080017e-02,1.120331436395645142e-01,6.890857219696044922e-02,1.774648278951644897e-01,2.509609796106815338e-02,1.718256855383515358e-03,-4.411104321479797363e-02,3.250705301761627197e-01,9.997085481882095337e-02,1.027055531740188599e-01,2.561308443546295166e-02,8.843401074409484863e-02,-1.172474175691604614e-01,8.355090022087097168e-02,1.351266503334045410e-01,1.736506968736648560e-01,-1.501825824379920959e-02,9.097765199840068817e-03,6.339387036859989166e-03,1.574914008378982544e-01,-1.649275608360767365e-02,3.668867424130439758e-02,-2.073538303375244141e-02,5.061851814389228821e-02,1.376125812530517578e-01,-5.433909222483634949e-02,7.700927555561065674e-02,1.394752562046051025e-01,9.976222366094589233e-02,1.891716122627258301e-01,4.796205461025238037e-02,-2.107732929289340973e-02,2.203723788261413574e-01,6.671862304210662842e-02,1.159470155835151672e-01,2.814420871436595917e-02
7.185772061347961426e-02,-2.237329483032226562e-01,1.221587657928466797e-01,-1.795134097337722778e-01,8.149996399879455566e-02,-1.219192403368651867e-03,6.272637750953435898e-03,1.846605911850929260e-02,-4.801769927144050598e-02,-1.468766629695892334e-01,5.173177644610404968e-02,-1.609120815992355347e-01,-1.799090802669525146e-01,-6.213571876287460327e-02,7.900881767272949219e-02,-1.504546701908111572e-01,1.460735350847244263e-01,2.433158010244369507e-01,1.526931822299957275e-01,3.213798254728317261e-02,6.705971062183380127e-02,1.803421974182128906e-01,-9.764190763235092163e-03,2.065102607011795044e-01,8.501476049423217773e-02,-8.398689329624176025e-02,-1.577575355768203735e-01,-3.849571943283081055e-02,-2.152793854475021362e-02,-2.587173692882061005e-02,1.109197437763214111e-01,-1.580557525157928467e-01,-4.539046809077262878e-02,1.320499330759048462e-01,-4.430185537785291672e-03,2.520123869180679321e-02,-8.215893059968948364e-02,2.483090385794639587e-02,3.042294085025787354e-02,-5.184627324342727661e-02,-1.311097061261534691e-03,-1.353258192539215088e-01,4.404591396450996399e-02,1.114933192729949951e-01,-2.495657093822956085e-02,-1.108619384467601776e-02,4.136379808187484741e-02,-1.354868412017822266e-01,-1.788233220577239990e-01,1.078031510114669800e-01,-2.891109907068312168e-04,-1.897932589054107666e-02,-5.187729746103286743e-02,2.160988599061965942e-01,1.457153111696243286e-01,3.910580649971961975e-02,5.083886533975601196e-02,-1.780164986848831177e-01,-8.096763491630554199e-02,1.048821732401847839e-01,-1.376309990882873535e-01,-3.035316169261932373e-01,1.110502108931541443e-01,1.419281065464019775e-01,1.752049028873443604e-01,-1.478566229343414307e-01,-1.086307689547538757e-01,7.802165299654006958e-02,8.988428115844726562e-02,-1.817977726459503174e-01,1.247408464550971985e-01,2.804408082738518715e-03,1.853609830141067505e-01,-1.781470328569412231e-01,-1.788782626390457153e-01,-3.533150302246212959e-03,1.089412719011306763e-01,-8.455821126699447632e-02,1.878582537174224854e-01,8.287438191473484039e-03,-3.945502266287803650e-02,-1.917028427124023438e-01,-1.026908755302429199e-01,-5.859401077032089233e-02,6.885700859129428864e-03,-7.161257416009902954e-02,-1.075170934200286865e-01,-7.717303186655044556e-02,2.697261571884155273e-01,1.093580052256584167e-01,1.075650826096534729e-01,-5.003581568598747253e-02,1.511584687978029251e-02,-3.434019535779953003e-02,9.215608239173889160e-02,-3.379393517971038818e-01,-1.573994010686874390e-01,-1.419154554605484009e-01,-2.078566551208496094e-01,-2.806064784526824951e-01,-5.983746424317359924e-02,-9.680133312940597534e-02,-2.035984694957733154e-01,1.637694425880908966e-02,-1.401538997888565063e-01,8.489079773426055908e-02,5.967776477336883545e-02,-1.590552777051925659e-01,-7.645636796951293945e-02,3.248348087072372437e-02,-5.192577093839645386e-02,9.996914863586425781e-02,1.160702109336853027e-01,-1.093909293413162231e-01,2.819874091073870659e-03,3.262955322861671448e-02,1.146724224090576172e-01,-1.079266741871833801e-01,-4.388027824461460114e-03,1.191191449761390686e-01,-8.660474419593811035e-02,-4.712585359811782837e-03,-3.240542113780975342e-02,-1.984423547983169556e-01,-1.196472123265266418e-01,-4.940237477421760559e-02,-6.200457736849784851e-02,-1.161267831921577454e-01,3.372020646929740906e-02,4.604910500347614288e-03,2.152695320546627045e-03,7.450192421674728394e-02,-1.074984669685363770e-01,-1.631792485713958740e-01,-1.038433760404586792e-01,-7.697124034166336060e-02,1.341680288314819336e-01,1.736310869455337524e-02,4.148228093981742859e-02,-2.919540740549564362e-03,-1.181372404098510742e-01,-7.827396690845489502e-02,1.944999247789382935e-01,-3.069704025983810425e-02,-7.958672940731048584e-03,-1.585886925458908081e-01,-2.075864672660827637e-01,3.092292323708534241e-02,-5.398887395858764648e-02,-5.755029618740081787e-02,6.241437047719955444e-02,-1.278933733701705933e-01,-6.372243165969848633e-02,6.864145398139953613e-02,-1.445127278566360474e-01,-2.468013018369674683e-02,-1.057976558804512024e-01,-4.753772169351577759e-02,-1.672755181789398193e-01,-8.337608538568019867e-03,-5.312675982713699341e-02,-5.487991496920585632e-02,1.857636868953704834e-01,-7.425865530967712402e-02,-2.044915705919265747e-01,-1.880120187997817993e-01,-1.876680701971054077e-01,-2.376168221235275269e-01,-1.627391278743743896e-01,1.705911383032798767e-02,-1.598397344350814819e-01,7.589161396026611328e-02,-1.125713139772415161e-01,-9.996660798788070679e-02,-5.266653001308441162e-02,-1.890242695808410645e-01,3.461953997611999512e-02,-1.623983234167098999e-01,3.942196443676948547e-02,7.336634397506713867e-02,-4.734492301940917969e-02,-1.103021726012229919e-01,-5.711263790726661682e-02
-8.758261799812316895e-02,-1.057286784052848816e-01,-1.750949472188949585e-01,-6.523700058460235596e-02,7.602423429489135742e-02,-5.836302042007446289e-02,-1.933847963809967041e-01,-1.359121203422546387e-01,-1.428899019956588745e-01,1.186120882630348206e-01,2.458927780389785767e-01,-6.552480906248092651e-02,-4.443753883242607117e-02,1.412719786167144775e-01,-1.209173277020454407e-01,1.879931390285491943e-01,6.297960132360458374e-02,-4.080961644649505615e-02,8.895716071128845215e-02,-3.335001319646835327e-02,3.830301016569137573e-02,1.976226642727851868e-02,-2.958545982837677002e-01,-1.150780022144317627e-01,-1.827044785022735596e-02,1.945883408188819885e-02,2.193362824618816376e-02,1.315342336893081665e-01,-9.596891701221466064e-03,1.234990581870079041e-01,2.211094349622726440e-01,7.187511026859283447e-02,-1.321647223085165024e-02,-1.102932840585708618e-01,-2.734395908191800117e-03,-1.327379792928695679e-01,-7.574556022882461548e-02,1.597999632358551025e-01,3.258464857935905457e-02,-3.282226622104644775e-02,-4.965027049183845520e-02,-1.432004123926162720e-01,1.572757959365844727e-02,-2.326160669326782227e-02,2.163764834403991699e-02,-1.211211830377578735e-01,-1.517154276371002197e-01,3.771705180406570435e-02,-1.258927881717681885e-01,-5.299251526594161987e-02,-9.392356872558593750e-02,-5.189239978790283203e-02,-2.435967028141021729e-01,2.741753496229648590e-02,-9.484336525201797485e-02,-8.687976002693176270e-02,1.644375175237655640e-02,1.162503957748413086e-01,1.881861686706542969e-01,4.327275324612855911e-03,-3.125681355595588684e-02,-1.279290318489074707e-01,1.418851464986801147e-01,5.009845644235610962e-02,-2.354098558425903320e-01,2.948423288762569427e-02,1.339400280267000198e-02,-2.083053588867187500e-01,4.651946574449539185e-02,4.384335502982139587e-02,6.081155687570571899e-02,1.273808479309082031e-01,1.805698871612548828e-01,2.339536510407924652e-02,1.027639657258987427e-01,8.800966292619705200e-02,1.057314202189445496e-01,2.435586601495742798e-01,3.151923418045043945e-02,6.453851610422134399e-02,1.140983030200004578e-01,1.561863124370574951e-01,9.324195981025695801e-02,-3.883393853902816772e-02,1.417871266603469849e-01,1.339604854583740234e-01,3.953843936324119568e-02,7.693668454885482788e-02,-5.718382075428962708e-02,3.053194284439086914e-02,-3.606423363089561462e-02,-8.582836017012596130e-04,6.205711979418992996e-03,1.234100013971328735e-01,-1.047535389661788940e-01,-1.066092103719711304e-01,-3.843153640627861023e-02,1.445140689611434937e-01,3.539894521236419678e-02,1.872623264789581299e-01,-2.242245525121688843e-02,-1.837328374385833740e-01,5.375473760068416595e-03,1.279431581497192383e-01,-1.070808991789817810e-02,2.299944460391998291e-01,7.292101532220840454e-02,4.429660364985466003e-02,2.454053144901990891e-03,-3.884350135922431946e-02,-9.892297536134719849e-02,1.019806950353085995e-03,1.629521995782852173e-01,1.261271089315414429e-01,1.846753209829330444e-01,1.698375120759010315e-02,-8.113850653171539307e-02,-1.374074220657348633e-01,1.648897677659988403e-01,5.829455703496932983e-02,6.857077032327651978e-02,2.225128002464771271e-02,1.640916615724563599e-01,2.284782752394676208e-02,-3.300005942583084106e-02,3.343838732689619064e-03,3.682928904891014099e-02,-1.234112903475761414e-01,1.666964143514633179e-01,8.695507794618606567e-02,3.784907609224319458e-02,1.111710071563720703e-01,1.594399064779281616e-01,4.646989703178405762e-02,1.975835412740707397e-01,6.278543174266815186e-02,-6.211678683757781982e-02,1.255276147276163101e-02,-3.793798014521598816e-02,-1.763664372265338898e-02,1.260140985250473022e-01,-1.140666231513023376e-01,9.230553358793258667e-02,1.201274394989013672e-01,1.864941567182540894e-01,1.257705092430114746e-01,2.021948108449578285e-03,2.195432037115097046e-02,1.262283474206924438e-01,1.289940923452377319e-01,2.691936120390892029e-02,1.583300232887268066e-01,1.916145086288452148e-01,-1.265274435281753540e-01,-3.778977692127227783e-02,5.710652843117713928e-02,7.671589404344558716e-02,9.840195998549461365e-03,-2.874754555523395538e-02,2.166815102100372314e-01,2.216708809137344360e-01,-4.197392985224723816e-02,-5.923177301883697510e-02,1.110558807849884033e-01,-4.620841890573501587e-02,-2.760510146617889404e-02,1.521127074956893921e-01,-1.884367913007736206e-01,1.383007466793060303e-01,1.639913916587829590e-01,-5.835803598165512085e-02,3.135100305080413818e-01,-1.907237991690635681e-02,-1.048749312758445740e-02,-9.467104449868202209e-03,4.436009749770164490e-02,2.020739316940307617e-01,9.036317467689514160e-02,1.903713680803775787e-02,1.015217900276184082e-01,-5.322766304016113281e-02,4.704057052731513977e-02,8.247820287942886353e-02
-4.580057039856910706e-02,8.777366578578948975e-02,-9.832204878330230713e-02,-9.603238105773925781e-02,1.113511249423027039e-01,1.455218046903610229e-01,-1.635907217860221863e-02,1.307552456855773926e-01,-1.845238059759140015e-01,2.988660335540771484e-02,-1.134735345840454102e-01,1.070642471313476562e-01,-1.849812418222427368e-01,8.837443590164184570e-02,-1.637752912938594818e-02,-1.445689350366592407e-01,-1.202932149171829224e-01,7.528020441532135010e-02,1.083276867866516113e-01,-3.430234640836715698e-02,6.535483151674270630e-02,9.309511631727218628e-02,2.455513551831245422e-02,-9.342638403177261353e-02,-4.405353963375091553e-02,1.060855090618133545e-01,-4.126315936446189880e-02,1.001419946551322937e-01,-5.853920057415962219e-02,5.688488017767667770e-04,8.773519843816757202e-02,-1.456108782440423965e-02,-1.781759113073348999e-01,-1.059878431260585785e-02,-1.709419637918472290e-01,-2.376669831573963165e-02,4.862096905708312988e-02,1.447775512933731079e-01,1.903149485588073730e-01,-1.430447101593017578e-01,-6.099540740251541138e-03,5.565132480114698410e-03,-8.631398901343345642e-03,8.273161202669143677e-02,-1.343734413385391235e-01,1.002150624990463257e-01,-4.125583544373512268e-02,9.321919828653335571e-02,-1.850206404924392700e-01,5.077697336673736572e-02,9.864715486764907837e-02,-3.675499558448791504e-02,6.861425936222076416e-04,1.534080598503351212e-02,9.030949324369430542e-02,1.298033148050308228e-01,2.433104254305362701e-02,1.212488710880279541e-01,1.289633661508560181e-01,-1.043737828731536865e-01,3.308659419417381287e-02,1.579589396715164185e-01,2.133649960160255432e-02,7.589942775666713715e-03,6.683806329965591431e-02,1.220020465552806854e-02,5.252974852919578552e-02,1.385825425386428833e-01,-7.467389106750488281e-02,-7.889664173126220703e-02,1.001711785793304443e-01,1.596186868846416473e-02,5.060828104615211487e-02,2.109902501106262207e-01,-1.543054580688476562e-01,-2.203516475856304169e-02,4.959977790713310242e-02,-2.727324366569519043e-01,7.579395174980163574e-02,-1.535444259643554688e-01,-8.869342505931854248e-02,-1.175593584775924683e-02,-7.094418257474899292e-02,9.750355780124664307e-02,1.293366309255361557e-03,6.520047038793563843e-02,4.624418541789054871e-02,-1.429081857204437256e-01,7.261446118354797363e-02,1.585835665464401245e-01,4.640028625726699829e-02,-5.362584441900253296e-02,-8.321843296289443970e-02,-1.659708917140960693e-01,-3.964201360940933228e-02,-9.880335628986358643e-02,6.894610822200775146e-02,-1.725026965141296387e-01,-1.049776077270507812e-01,-1.026112437248229980e-01,-1.684441417455673218e-01,1.021417155861854553e-01,7.657953351736068726e-02,2.492552101612091064e-01,-3.135032579302787781e-02,2.312746644020080566e-01,8.189502358436584473e-02,3.044310212135314941e-02,1.136930435895919800e-01,-1.161313131451606750e-01,-5.405059456825256348e-02,1.467031836509704590e-01,1.375204622745513916e-01,1.097181737422943115e-01,7.407612353563308716e-02,2.555175721645355225e-01,-5.553113296627998352e-02,1.199155449867248535e-01,1.456587314605712891e-01,9.031012887135148048e-04,1.558091491460800171e-01,2.797971852123737335e-02,8.307289332151412964e-02,-5.902030691504478455e-02,6.501471996307373047e-02,-4.834373295307159424e-02,-3.341647610068321228e-02,-1.838588863611221313e-01,2.934151561930775642e-03,2.281634509563446045e-02,-4.992875456809997559e-02,-1.120928972959518433e-01,-6.534267216920852661e-02,1.609569787979125977e-01,1.047754213213920593e-01,-3.773438185453414917e-02,9.934338927268981934e-02,3.217047080397605896e-02,9.317898005247116089e-02,1.190942153334617615e-01,1.424579471349716187e-01,6.077826768159866333e-02,-2.538812458515167236e-01,-5.591440200805664062e-02,1.114212349057197571e-01,-1.046242117881774902e-01,-9.070067852735519409e-02,-2.235478162765502930e-01,6.552519649267196655e-02,2.041291296482086182e-01,-8.234420791268348694e-03,-1.231857985258102417e-01,1.900550872087478638e-01,-3.973412141203880310e-02,-1.712585240602493286e-01,-1.602068245410919189e-01,4.581087082624435425e-02,1.690137535333633423e-01,-1.331296861171722412e-01,-7.828008383512496948e-02,5.779530480504035950e-02,-1.051949337124824524e-01,-1.092299520969390869e-01,-4.471591487526893616e-02,1.547162532806396484e-01,8.879059553146362305e-02,2.179733365774154663e-01,-6.086955964565277100e-02,1.612688004970550537e-01,1.407413184642791748e-02,4.053550213575363159e-02,8.288307487964630127e-02,-2.900518104434013367e-02,3.640476986765861511e-02,-5.255758017301559448e-02,-5.530605092644691467e-02,-4.155081138014793396e-02,6.760899908840656281e-03,3.468114137649536133e-01,5.501269549131393433e-02,-3.341399878263473511e-02,1.027157530188560486e-01,8.116745203733444214e-02
8.160461485385894775e-02,2.435735762119293213e-01,1.897376775741577148e-01,8.729023486375808716e-02,3.003357946872711182e-01,2.434083074331283569e-01,1.002322956919670105e-01,-1.076218560338020325e-01,-1.513493061065673828e-01,-3.797910362482070923e-02,1.638172566890716553e-01,1.331691592931747437e-01,-1.189495176076889038e-01,6.602271646261215210e-02,1.359151303768157959e-02,-3.487343341112136841e-02,-7.441915106028318405e-03,-1.610371172428131104e-01,7.412478327751159668e-02,4.371974617242813110e-02,5.777743831276893616e-02,5.413141846656799316e-02,1.880933195352554321e-01,2.275021560490131378e-02,-9.790702164173126221e-02,7.500092685222625732e-02,1.199415698647499084e-01,1.964499503374099731e-01,4.602717235684394836e-02,-9.152857586741447449e-03,1.598594188690185547e-01,9.929579682648181915e-03,1.055128052830696106e-01,1.631299406290054321e-01,1.979923397302627563e-01,1.685243099927902222e-01,8.117982745170593262e-02,1.849449574947357178e-01,1.301983594894409180e-01,-3.644945472478866577e-02,4.367975145578384399e-02,-2.082825824618339539e-02,-2.627347037196159363e-02,-2.410070449113845825e-01,-4.966086521744728088e-02,-1.353504657745361328e-01,-3.475274145603179932e-02,-9.105058014392852783e-02,-1.978838890790939331e-01,4.149124026298522949e-02,1.086574140936136246e-02,2.091111056506633759e-02,-7.790555804967880249e-02,-1.614621654152870178e-02,-2.354274503886699677e-02,1.054420843720436096e-01,-2.784469723701477051e-02,-2.295756489038467407e-01,-1.352374702692031860e-01,6.154652312397956848e-02,-8.802409470081329346e-02,5.718310922384262085e-02,4.719586670398712158e-02,1.415112148970365524e-02,-4.652009531855583191e-02,-2.792928218841552734e-01,8.491069823503494263e-02,-1.211438700556755066e-01,8.587554842233657837e-02,9.814562648534774780e-02,-2.081142365932464600e-01,-6.292212009429931641e-02,-1.195341944694519043e-01,-1.171552613377571106e-01,-5.337466299533843994e-02,-3.280647844076156616e-02,3.056556358933448792e-02,9.264374524354934692e-02,-2.438617646694183350e-01,5.385704338550567627e-03,-4.011183977127075195e-02,2.286695092916488647e-01,4.924945533275604248e-02,1.158155575394630432e-01,-1.290098577737808228e-01,-8.243305981159210205e-02,-8.316142112016677856e-02,7.873179018497467041e-02,-9.959883987903594971e-02,-7.461330294609069824e-02,2.144460566341876984e-02,-8.240872621536254883e-02,-8.376642316579818726e-02,-1.695601642131805420e-01,-9.035845100879669189e-02,-1.781284064054489136e-01,5.680924654006958008e-02,1.891965419054031372e-01,-5.555395036935806274e-02,6.238174065947532654e-02,3.937314823269844055e-02,-4.832114558666944504e-03,3.709548711776733398e-02,-4.083865787833929062e-03,-1.980114132165908813e-01,1.091068014502525330e-01,3.387436643242835999e-02,1.364777535200119019e-01,-2.600632607936859131e-03,1.079709902405738831e-01,2.606840133666992188e-01,1.587856560945510864e-01,-2.831649407744407654e-02,5.965359881520271301e-02,-1.404393464326858521e-01,-4.050020873546600342e-02,3.051811754703521729e-01,3.391252085566520691e-02,-7.979095727205276489e-02,7.766736298799514771e-02,1.711062192916870117e-01,1.275773942470550537e-01,-2.577686868607997894e-02,1.209077537059783936e-01,8.665607869625091553e-02,-8.276765793561935425e-02,-1.079330220818519592e-01,4.488205909729003906e-02,-4.788236692547798157e-02,1.726613789796829224e-01,1.484218686819076538e-01,1.135318949818611145e-01,1.971883177757263184e-01,2.067214399576187134e-01,3.831725940108299255e-02,1.298118233680725098e-01,-4.062281455844640732e-03,6.307338923215866089e-02,5.155357345938682556e-02,1.673405021429061890e-01,-5.703737214207649231e-02,9.036675840616226196e-02,-3.658874332904815674e-02,2.153568267822265625e-01,-2.926668850705027580e-03,1.898289918899536133e-01,-1.175355259329080582e-02,9.974065423011779785e-02,1.780319660902023315e-01,-3.281742706894874573e-02,2.032486945390701294e-01,2.921351976692676544e-02,5.103763565421104431e-02,1.462965011596679688e-01,8.313170075416564941e-02,7.104800641536712646e-02,-1.663305908441543579e-01,2.933359742164611816e-01,-3.603069577366113663e-03,1.796356290578842163e-01,1.407130360603332520e-01,1.601289510726928711e-01,4.151563718914985657e-02,2.426528036594390869e-01,-1.636437140405178070e-02,1.401415020227432251e-01,-4.141652211546897888e-02,3.135639056563377380e-02,8.004268258810043335e-02,1.660167574882507324e-01,-9.142376482486724854e-03,-6.039771251380443573e-03,9.983514249324798584e-02,-6.909150630235671997e-02,-3.509949147701263428e-02,9.878883138298988342e-03,1.664226055145263672e-01,1.507191210985183716e-01,1.300679296255111694e-01,8.147131651639938354e-02,1.772380769252777100e-01,-7.769186794757843018e-02,2.044559121131896973e-01
2.343864645808935165e-03,8.732795715332031250e-02,-3.746958449482917786e-02,-8.157665282487869263e-02,-5.337679386138916016e-02,1.382754445075988770e-01,-1.914776563644409180e-01,9.510117024183273315e-02,-5.878005176782608032e-04,5.215770378708839417e-02,-1.483096741139888763e-03,1.053242534399032593e-01,1.253904849290847778e-01,1.873231232166290283e-01,4.583191871643066406e-02,-4.878367763012647629e-03,1.367391198873519897e-01,1.523233801126480103e-01,9.194490313529968262e-02,-1.097238510847091675e-01,1.036410406231880188e-02,4.868075996637344360e-02,6.425989326089620590e-03,-6.172761693596839905e-02,-5.179792642593383789e-02,1.589386165142059326e-02,-4.269528016448020935e-02,2.653170935809612274e-02,-6.170241162180900574e-02,9.541814029216766357e-02,4.667249321937561035e-02,-1.759089529514312744e-01,-2.215657383203506470e-02,3.021836653351783752e-02,-1.047810353338718414e-02,5.471798777580261230e-02,-2.745637670159339905e-02,8.661654591560363770e-02,1.014742702245712280e-01,-6.068930029869079590e-02,2.104117721319198608e-01,-4.673909023404121399e-02,4.283927381038665771e-02,-4.005189239978790283e-02,2.020770460367202759e-01,1.221313923597335815e-01,-8.561037480831146240e-02,-5.652401223778724670e-02,1.259757857769727707e-02,-6.471685320138931274e-02,-9.660881012678146362e-02,-1.574526280164718628e-01,-1.814637146890163422e-02,8.768102526664733887e-02,7.431639730930328369e-02,9.128709882497787476e-02,2.247448861598968506e-01,9.923077374696731567e-02,-6.122113019227981567e-02,-3.392109274864196777e-02,2.323503978550434113e-02,-2.061107009649276733e-01,-4.735699330922216177e-04,3.007041476666927338e-02,-1.244495436549186707e-01,1.073191836476325989e-01,-1.458641886711120605e-01,1.070046797394752502e-01,-4.520517960190773010e-02,-9.856663644313812256e-03,5.960838170722126961e-04,-7.942947000265121460e-02,8.881676942110061646e-03,2.420322969555854797e-03,7.279159501194953918e-03,3.297259286046028137e-02,-8.055154979228973389e-02,1.199735980480909348e-02,-1.971004158258438110e-02,3.018833883106708527e-02,1.375400926917791367e-03,1.979430578649044037e-02,6.160796061158180237e-02,7.588566094636917114e-02,2.130382321774959564e-02,-1.618328131735324860e-02,9.277973324060440063e-02,4.466571658849716187e-02,2.222978174686431885e-01,1.366805732250213623e-01,-3.691584616899490356e-02,1.145220845937728882e-01,1.554667651653289795e-01,1.759964227676391602e-01,-1.070093959569931030e-01,-1.174295023083686829e-01,1.141296178102493286e-01,-1.665803417563438416e-02,-5.066446587443351746e-02,1.759238988161087036e-01,-1.105192974209785461e-01,-2.268561124801635742e-01,-2.584693022072315216e-02,-8.506279438734054565e-02,4.670099541544914246e-02,-5.662375316023826599e-02,2.422931343317031860e-01,-8.441567420959472656e-02,6.962452828884124756e-02,-1.811772584915161133e-02,1.193848699331283569e-01,-5.986877158284187317e-02,1.961914151906967163e-01,-8.082918822765350342e-03,1.874929666519165039e-01,-7.611896842718124390e-02,1.110295727849006653e-01,-1.602551192045211792e-01,-3.284356370568275452e-02,-2.337265610694885254e-01,2.683795616030693054e-02,1.038511320948600769e-01,-1.297155618667602539e-01,5.853561684489250183e-02,-2.002839893102645874e-01,8.616676181554794312e-02,3.942291438579559326e-02,4.295572638511657715e-02,1.965044997632503510e-02,7.727933675050735474e-02,2.110859006643295288e-02,-1.766988933086395264e-01,7.517451792955398560e-02,9.951605647802352905e-02,-2.206896059215068817e-02,8.907938003540039062e-02,4.959838837385177612e-02,-1.778157949447631836e-01,-1.954068690538406372e-01,-4.618456214666366577e-02,-8.715622127056121826e-02,1.025080867111682892e-02,2.730228751897811890e-02,2.185664623975753784e-01,-1.010006591677665710e-01,-4.111381992697715759e-02,2.001292407512664795e-01,1.441415697336196899e-01,2.707888744771480560e-02,-7.565530389547348022e-02,-1.774702966213226318e-01,1.205275803804397583e-01,9.587479755282402039e-03,1.869904696941375732e-01,-4.219262395054101944e-03,8.314430713653564453e-02,1.201066300272941589e-01,-1.092240121215581894e-02,1.052308455109596252e-02,2.246835641562938690e-02,-7.370454818010330200e-02,-1.866892427206039429e-01,6.087023392319679260e-02,1.814180016517639160e-01,-6.933426111936569214e-02,-1.022020205855369568e-01,1.952885650098323822e-02,-1.129051148891448975e-01,-6.237100809812545776e-02,2.947525493800640106e-02,-3.639966249465942383e-02,-1.456366479396820068e-01,1.512106209993362427e-01,-8.551134169101715088e-02,1.075016483664512634e-01,2.310078125447034836e-03,1.733473502099514008e-02,-2.261698618531227112e-02,-1.447545588016510010e-01,-2.695180773735046387e-01,9.896909445524215698e-02,1.177488267421722412e-02,-6.950202584266662598e-02
-2.090612202882766724e-01,5.432140547782182693e-03,-3.783901035785675049e-02,-1.248346194624900818e-01,-1.876891702413558960e-01,-2.471472620964050293e-01,4.585699364542961121e-02,4.897174239158630371e-02,-2.058145776391029358e-02,-3.520199283957481384e-02,4.121999070048332214e-02,3.553386777639389038e-04,-1.373928878456354141e-02,-3.990434855222702026e-02,1.636648625135421753e-01,3.209169209003448486e-02,-6.910955905914306641e-02,1.182770207524299622e-01,-9.504507482051849365e-02,-3.349895402789115906e-02,2.651553414762020111e-02,-3.225554898381233215e-02,-9.038899093866348267e-02,-4.890551045536994934e-02,5.976799875497817993e-02,-2.942687459290027618e-02,5.276101082563400269e-02,-2.090712189674377441e-01,-1.883531548082828522e-02,-7.997301965951919556e-02,-2.005012929439544678e-01,2.473677508533000946e-02,-2.053151875734329224e-01,3.583052754402160645e-02,1.114664971828460693e-01,1.376306265592575073e-01,3.222961425781250000e-01,1.271181702613830566e-01,-1.333772540092468262e-01,1.109951455146074295e-02,-3.989601507782936096e-02,1.491810083389282227e-01,3.691801428794860840e-02,-1.720439642667770386e-02,9.168731421232223511e-02,8.949098736047744751e-02,1.669368296861648560e-01,-1.840582042932510376e-01,8.741196990013122559e-02,4.400723800063133240e-02,-2.591867372393608093e-02,5.677526444196701050e-02,-1.481901854276657104e-01,-5.255248770117759705e-02,-1.038459911942481995e-01,-7.951898127794265747e-02,-4.628321900963783264e-02,8.894117549061775208e-03,5.278886109590530396e-02,4.153931513428688049e-02,4.305843263864517212e-03,1.475828737020492554e-01,-5.021791905164718628e-02,-3.578082099556922913e-02,1.532779335975646973e-01,-8.724667131900787354e-02,2.451485581696033478e-02,-2.114020287990570068e-02,-1.379885375499725342e-01,4.961976036429405212e-02,-6.129906326532363892e-02,-2.577730119228363037e-01,4.013636335730552673e-02,2.169398218393325806e-02,3.629210963845252991e-02,1.890336722135543823e-01,9.357893839478492737e-03,-2.061209529638290405e-01,-8.813501335680484772e-03,-8.002263307571411133e-02,2.213199390098452568e-03,6.428817659616470337e-02,-6.275825947523117065e-02,1.618025898933410645e-01,4.883403331041336060e-02,-1.203153207898139954e-01,-1.602857932448387146e-02,-1.405099928379058838e-01,1.213217806071043015e-02,-3.390745446085929871e-02,8.057318627834320068e-03,1.422777655534446239e-03,-6.538284569978713989e-02,5.829435214400291443e-02,6.525574135594069958e-04,2.574337087571620941e-02,-4.821714386343955994e-02,8.440667390823364258e-02,2.235038429498672485e-01,1.220338717103004456e-01,1.077610999345779419e-01,6.044055148959159851e-02,-7.771493983455002308e-04,-1.467825174331665039e-01,-8.632640540599822998e-02,1.727814599871635437e-02,2.163243293762207031e-02,-5.956826731562614441e-02,4.577636346220970154e-02,4.282960295677185059e-02,4.683658853173255920e-02,2.249238640069961548e-02,2.061623381450772285e-04,2.837948268279433250e-03,-1.836601346731185913e-01,3.353372961282730103e-02,2.783127687871456146e-02,-4.044468700885772705e-02,-1.319445073604583740e-01,-1.919978880323469639e-03,-5.017287656664848328e-02,3.691190853714942932e-02,-1.725327596068382263e-02,2.101350426673889160e-01,-1.118017360568046570e-01,1.366777420043945312e-01,-3.809596877545118332e-03,1.152340173721313477e-01,3.911038115620613098e-02,-5.631934106349945068e-02,2.261211164295673370e-02,2.689406648278236389e-02,-1.756491810083389282e-01,7.550631463527679443e-02,-1.207087263464927673e-01,3.743339329957962036e-02,-1.749198436737060547e-01,-1.548328697681427002e-01,2.876110002398490906e-02,8.902148902416229248e-02,-1.508465502411127090e-02,-1.471648365259170532e-01,2.962696552276611328e-01,2.155229002237319946e-01,-6.008685752749443054e-02,-1.552506908774375916e-02,-1.721208691596984863e-01,-9.611972607672214508e-03,7.746285945177078247e-02,9.483296424150466919e-02,7.690503448247909546e-02,1.400263514369726181e-02,-1.654717139899730682e-02,-7.318118959665298462e-02,1.130664572119712830e-01,-1.642183363437652588e-01,-1.410211473703384399e-01,1.087893843650817871e-01,1.329032629728317261e-01,-1.786099821329116821e-01,1.377153098583221436e-01,8.545552194118499756e-02,1.855144277215003967e-02,1.004939153790473938e-01,2.201011776924133301e-01,-6.519780308008193970e-02,1.641600579023361206e-02,-2.861494012176990509e-02,3.312037885189056396e-02,1.571576297283172607e-02,1.165979541838169098e-02,1.434132754802703857e-01,-5.790296476334333420e-03,-1.445000618696212769e-01,-1.795994676649570465e-02,8.179852738976478577e-03,-7.985934615135192871e-02,-6.611537933349609375e-02,2.043218761682510376e-01,-1.034835949540138245e-01,1.061408892273902893e-01,1.289222687482833862e-01,1.170460730791091919e-01
-4.768059402704238892e-02,1.485420018434524536e-01,-5.780788883566856384e-02,3.439494967460632324e-02,-8.484384417533874512e-02,-1.058426871895790100e-01,-2.060391157865524292e-01,7.392327766865491867e-03,-1.112566441297531128e-01,-2.533550746738910675e-02,-1.405735164880752563e-01,-3.320282697677612305e-02,-1.698681339621543884e-02,-1.426731050014495850e-01,7.584062963724136353e-02,1.475516557693481445e-01,-2.181280404329299927e-02,-1.674971133470535278e-01,2.109116464853286743e-01,6.231641396880149841e-02,-4.301318153738975525e-02,8.511469699442386627e-03,-1.712856739759445190e-01,-2.126439958810806274e-01,-1.359466314315795898e-01,5.939271301031112671e-02,-9.497653692960739136e-02,-1.501447241753339767e-02,5.942968185991048813e-03,-1.455437690019607544e-01,-1.700582206249237061e-01,6.148181390017271042e-03,-1.412921492010354996e-02,-1.086068153381347656e-01,1.023513153195381165e-01,-1.676075756549835205e-01,-4.012991860508918762e-02,6.316490471363067627e-02,-2.398201972246170044e-01,-7.516357302665710449e-02,-9.469392150640487671e-02,2.021494805812835693e-01,-2.123440057039260864e-01,7.552915066480636597e-02,1.731747761368751526e-02,-3.324945271015167236e-02,-5.249353125691413879e-02,5.956891551613807678e-02,-6.183069199323654175e-02,2.119792439043521881e-02,4.069885984063148499e-02,-4.656137898564338684e-02,-1.549203544855117798e-01,-4.922037944197654724e-02,-1.172760874032974243e-01,-5.143345519900321960e-02,-1.203726977109909058e-01,-3.821758180856704712e-02,5.898341536521911621e-02,1.499333381652832031e-01,6.593885272741317749e-02,-1.175513863563537598e-02,2.267094254493713379e-01,6.562925130128860474e-02,3.627881407737731934e-02,-1.481115818023681641e-01,-1.655733585357666016e-01,7.551825791597366333e-02,1.239893212914466858e-01,2.409681119024753571e-02,9.754058718681335449e-02,1.358373910188674927e-01,1.064905226230621338e-01,-2.016713656485080719e-02,1.649945974349975586e-01,3.336091712117195129e-02,1.301830261945724487e-01,4.784400388598442078e-02,1.434610486030578613e-01,-2.932633087038993835e-02,8.388599753379821777e-02,6.850047409534454346e-02,-1.180099248886108398e-01,1.067923307418823242e-01,-5.686699226498603821e-02,-6.924186646938323975e-02,1.233792677521705627e-01,7.432379573583602905e-02,2.218011021614074707e-01,-7.778169959783554077e-02,6.736480444669723511e-02,5.821987986564636230e-02,-3.880337625741958618e-02,1.833756826817989349e-02,2.903993986546993256e-02,4.577932879328727722e-02,-4.482140019536018372e-02,5.416418984532356262e-02,2.938391268253326416e-02,-3.748311102390289307e-02,-1.116026714444160461e-01,-4.402703419327735901e-02,-1.269793212413787842e-01,1.269318312406539917e-01,2.957283705472946167e-02,1.451110839843750000e-02,-1.825167089700698853e-01,-2.844732813537120819e-02,4.461861774325370789e-02,9.050086885690689087e-02,4.575816914439201355e-02,-4.811711981892585754e-02,-1.027838885784149170e-01,8.031880855560302734e-02,-1.484673619270324707e-01,-4.327476397156715393e-02,-1.896607577800750732e-01,4.420284181833267212e-02,-6.491796672344207764e-02,7.902232557535171509e-02,-1.456559449434280396e-01,-3.469454823061823845e-04,3.383127972483634949e-02,2.733044326305389404e-01,7.382424082607030869e-03,1.497524380683898926e-01,-2.636347413063049316e-01,-6.472359597682952881e-02,1.004164740443229675e-01,-2.919484861195087433e-02,9.117721766233444214e-02,1.192051172256469727e-01,-1.110144183039665222e-01,-8.783765137195587158e-02,-3.214376792311668396e-02,1.406580805778503418e-01,1.720110028982162476e-01,6.805976480245590210e-02,2.026472389698028564e-01,2.186799496412277222e-01,-1.143200621008872986e-01,-1.654174411669373512e-03,-3.610199689865112305e-02,1.014574915170669556e-01,-1.199444532394409180e-01,7.055515050888061523e-02,1.079789251089096069e-01,2.705801464617252350e-02,7.917836308479309082e-02,-1.057219132781028748e-01,6.257120519876480103e-02,-8.763306587934494019e-02,-4.309600219130516052e-02,-1.539800316095352173e-01,-1.679936051368713379e-01,-5.901391152292490005e-03,-2.146221101284027100e-01,9.397313743829727173e-02,-2.589292824268341064e-01,-5.606715753674507141e-02,-3.763199597597122192e-02,4.869965091347694397e-02,-3.730254620313644409e-02,5.009050946682691574e-03,-3.395688906311988831e-02,1.653435640037059784e-02,4.675371199846267700e-02,1.378648132085800171e-01,-2.863969840109348297e-02,-1.935223117470741272e-02,-1.522546857595443726e-01,2.074825577437877655e-02,1.153071671724319458e-01,8.448416739702224731e-02,1.966342031955718994e-01,3.818356199190020561e-03,-5.239903554320335388e-02,1.096467226743698120e-01,-1.949989702552556992e-03,9.550589323043823242e-02,-1.869239807128906250e-01,1.076439395546913147e-01,1.757165044546127319e-02
-5.009540915489196777e-02,-1.940299868583679199e-01,8.686929196119308472e-02,1.100717782974243164e-01,9.480632841587066650e-02,5.216820538043975830e-02,1.209418624639511108e-01,-9.949992597103118896e-02,2.567577175796031952e-02,-6.221944838762283325e-02,-3.758464381098747253e-02,-3.606724739074707031e-02,-8.300540596246719360e-02,1.842447221279144287e-01,5.798209086060523987e-02,4.679437354207038879e-02,-4.682912025600671768e-03,1.341794133186340332e-01,-5.005731806159019470e-02,9.311429411172866821e-02,-1.143572013825178146e-02,-7.789957523345947266e-02,-1.102867424488067627e-01,-2.675194293260574341e-02,-1.484063863754272461e-01,-1.223197355866432190e-01,-1.036617979407310486e-01,-1.579656451940536499e-01,1.970828920602798462e-01,-1.373257637023925781e-01,-1.109831128269433975e-02,-1.326820403337478638e-01,6.080790981650352478e-02,-4.496482759714126587e-02,-2.521838247776031494e-01,-7.769483327865600586e-02,2.094614133238792419e-02,-6.745414435863494873e-02,-6.467223167419433594e-02,7.105989754199981689e-02,-1.047632656991481781e-02,-2.129452824592590332e-01,-1.379787363111972809e-02,4.771255701780319214e-02,8.389171212911605835e-02,5.957650020718574524e-02,-1.559126377105712891e-01,-1.738436706364154816e-02,-1.320380065590143204e-02,1.953600905835628510e-02,1.979798227548599243e-01,-1.686063408851623535e-02,-2.132684737443923950e-01,-5.211262032389640808e-02,-1.542055010795593262e-01,-1.574367098510265350e-02,1.922743618488311768e-01,-1.741656959056854248e-01,-5.532937496900558472e-02,-6.222838535904884338e-03,2.656590379774570465e-02,-5.779938399791717529e-02,6.810112856328487396e-03,7.667031604796648026e-03,-9.613249450922012329e-03,-1.057824399322271347e-02,-1.294521987438201904e-01,5.395602434873580933e-02,-3.107278607785701752e-02,-2.869460359215736389e-02,-4.613434895873069763e-02,-1.108429208397865295e-01,2.285580337047576904e-02,-8.280285447835922241e-02,-9.388871490955352783e-03,2.439116127789020538e-02,-2.164083123207092285e-01,-1.022641435265541077e-01,-1.521722823381423950e-01,-5.304914712905883789e-02,2.020914480090141296e-02,-1.956705935299396515e-02,1.171263456344604492e-01,1.279409043490886688e-02,8.960728347301483154e-02,-7.763919234275817871e-02,1.465952955186367035e-03,-7.945775985717773438e-02,-2.301141433417797089e-02,1.169258505105972290e-01,-9.887657314538955688e-02,-5.032673478126525879e-02,-1.046635117381811142e-02,8.945065736770629883e-02,-4.541420936584472656e-02,-1.165931522846221924e-01,6.630535423755645752e-02,6.993693858385086060e-02,-3.204767405986785889e-02,-9.573756903409957886e-02,-1.309546083211898804e-01,7.166143506765365601e-02,-6.619127839803695679e-02,-4.402415826916694641e-02,-9.365526586771011353e-02,-7.033777236938476562e-02,1.357018761336803436e-02,-1.596861034631729126e-01,-1.655704230070114136e-01,-1.355010420083999634e-01,-4.750440269708633423e-02,1.113158911466598511e-01,-7.797759026288986206e-02,-7.391953468322753906e-02,1.635029911994934082e-01,-1.163697689771652222e-01,1.784143745899200439e-01,-1.871182471513748169e-01,-1.563193798065185547e-01,1.401834655553102493e-02,-1.405244022607803345e-01,-7.121775299310684204e-03,-4.478808492422103882e-02,-9.612829238176345825e-02,-1.237844377756118774e-01,-9.556910954415798187e-03,-1.282533071935176849e-02,-1.249055378139019012e-02,1.360972523689270020e-01,-1.900835037231445312e-01,-1.600233465433120728e-01,-3.367302240803837776e-03,1.337312310934066772e-01,3.586363419890403748e-02,-1.187802255153656006e-01,-3.669296205043792725e-02,3.241745010018348694e-02,3.639027476310729980e-02,-2.014923691749572754e-01,-8.167759329080581665e-02,-4.757846146821975708e-02,-1.373675763607025146e-01,-7.740487903356552124e-02,-5.340531095862388611e-02,-8.986706286668777466e-02,-5.141755938529968262e-02,-1.333850622177124023e-01,4.747332632541656494e-02,2.613667026162147522e-02,1.685769669711589813e-02,1.071715280413627625e-01,-1.584262251853942871e-01,-1.575101017951965332e-01,-7.971410453319549561e-02,-1.380403637886047363e-01,1.199716553092002869e-01,3.782289475202560425e-02,2.022655121982097626e-02,-3.521976992487907410e-02,1.612729132175445557e-01,-1.776827871799468994e-01,-9.152802079916000366e-02,1.551295351237058640e-02,-1.081873942166566849e-02,-1.072327867150306702e-01,-2.815714664757251740e-02,-1.568146795034408569e-01,-1.638108640909194946e-01,-1.815477460622787476e-01,-1.643296778202056885e-01,-5.291627719998359680e-02,1.195500884205102921e-02,-5.118457227945327759e-02,-2.110287696123123169e-01,-2.075957879424095154e-02,-2.116614766418933868e-02,6.189354881644248962e-02,-7.820187509059906006e-02,4.412453621625900269e-02,-1.775248497724533081e-01,-1.621505320072174072e-01,2.952905371785163879e-02,1.575798392295837402e-01
-2.529940381646156311e-02,5.021740123629570007e-02,2.551261186599731445e-01,2.436963021755218506e-01,-5.898241698741912842e-02,1.564107276499271393e-02,8.876712992787361145e-03,-1.350425481796264648e-01,-4.501990228891372681e-02,1.913065649569034576e-02,-3.440975770354270935e-02,-2.989793755114078522e-02,-1.055638417601585388e-01,1.516128331422805786e-01,-8.415607362985610962e-02,-9.349768050014972687e-03,1.949471794068813324e-02,-1.281764507293701172e-01,-2.053768560290336609e-02,-1.603978276252746582e-01,-5.215179547667503357e-02,3.275261074304580688e-02,1.389384269714355469e-01,5.216442793607711792e-02,1.269071102142333984e-01,3.222232684493064880e-02,1.862657368183135986e-01,-3.579341806471347809e-03,-7.657440006732940674e-02,-6.818499416112899780e-02,-1.200632303953170776e-01,2.605891041457653046e-02,-1.908404231071472168e-01,6.899147480726242065e-02,8.021087944507598877e-02,1.628947630524635315e-02,-1.945351250469684601e-02,-2.667324990034103394e-02,1.232648342847824097e-01,5.702522769570350647e-02,-2.952234447002410889e-01,2.195208817720413208e-01,1.333621293306350708e-01,7.445967197418212891e-02,-7.948902435600757599e-03,6.152227520942687988e-02,1.319400817155838013e-01,-4.124879464507102966e-02,-1.156898960471153259e-01,-1.875100284814834595e-01,1.473185122013092041e-01,-5.214560404419898987e-02,7.074411958456039429e-02,7.563909888267517090e-02,-3.694648295640945435e-02,-8.733632415533065796e-02,9.899959713220596313e-02,-9.911621361970901489e-02,6.463936716318130493e-02,1.904179155826568604e-01,-5.143590644001960754e-02,-9.325231611728668213e-02,9.611438959836959839e-02,4.325193539261817932e-02,4.048096761107444763e-02,-1.132686138153076172e-01,-6.412599980831146240e-02,1.740722171962261200e-02,-6.256490200757980347e-02,-6.596854887902736664e-03,9.555245935916900635e-02,1.231085062026977539e-01,1.282062381505966187e-01,1.747979968786239624e-01,-1.751437969505786896e-02,-7.944443821907043457e-02,5.737740918993949890e-02,5.260031297802925110e-02,-1.513825636357069016e-02,8.534073084592819214e-02,-7.028798013925552368e-02,2.506094053387641907e-02,1.456515025347471237e-02,-1.114539057016372681e-01,6.262817233800888062e-02,-5.085933580994606018e-02,8.538611233234405518e-02,3.611353412270545959e-02,-5.422371253371238708e-02,8.442478626966476440e-02,1.266102641820907593e-01,-6.439019739627838135e-02,-8.880636654794216156e-03,5.180175602436065674e-02,2.258927077054977417e-01,5.093766376376152039e-02,1.266463100910186768e-02,8.873032056726515293e-04,1.032888889312744141e-01,4.811321385204792023e-03,-9.796870499849319458e-02,2.781527349725365639e-03,1.528304219245910645e-01,-1.626494973897933960e-01,-1.856100372970104218e-02,1.261513330973684788e-03,-1.486334055662155151e-01,-1.202114298939704895e-01,-1.780317910015583038e-02,-1.030745804309844971e-01,1.460676044225692749e-01,1.537260040640830994e-02,-7.949516922235488892e-02,7.062158733606338501e-02,9.580761939287185669e-02,-1.698751933872699738e-02,1.708355545997619629e-01,2.964338287711143494e-02,8.731177076697349548e-03,-7.348416745662689209e-02,1.966193616390228271e-01,7.312975078821182251e-02,2.854040637612342834e-02,-4.153573513031005859e-02,-4.235058650374412537e-02,4.206700995564460754e-02,1.051569730043411255e-01,1.434850990772247314e-01,3.442348912358283997e-02,-8.924071490764617920e-02,-1.276051551103591919e-01,-2.742573618888854980e-02,-1.665890067815780640e-01,8.313871920108795166e-03,-1.839694082736968994e-01,4.045213758945465088e-02,-1.011187881231307983e-01,-9.494347870349884033e-02,1.371037587523460388e-02,-6.842280179262161255e-02,-1.861458867788314819e-01,2.839099615812301636e-03,-6.536473333835601807e-02,-1.586085110902786255e-01,-1.285587996244430542e-02,-1.067815050482749939e-01,-2.148605138063430786e-01,1.394729465246200562e-01,-2.547239512205123901e-02,9.690690040588378906e-02,-5.816505849361419678e-02,1.419263146817684174e-02,9.268173575401306152e-02,7.180907577276229858e-02,-7.432336453348398209e-03,7.406416535377502441e-02,1.092941761016845703e-01,-8.135031908750534058e-03,1.374178472906351089e-02,-1.073294207453727722e-01,-3.772734478116035461e-02,-2.190407216548919678e-01,-9.591770917177200317e-02,1.514392718672752380e-02,-2.965976484119892120e-03,3.273232840001583099e-03,3.337614983320236206e-02,1.051287818700075150e-02,-1.930293887853622437e-01,-4.735782369971275330e-02,6.594467908143997192e-02,6.913363188505172729e-02,1.722749769687652588e-01,-8.042363822460174561e-02,-5.538924410939216614e-02,-2.328397929668426514e-01,-2.825227193534374237e-02,3.016545251011848450e-02,-1.856784969568252563e-01,1.531730964779853821e-02,-4.832399543374776840e-03,1.980545371770858765e-01,-1.422548145055770874e-01
-7.850484549999237061e-02,9.375308454036712646e-02,1.232115626335144043e-01,1.576300412416458130e-01,1.855187714099884033e-01,-4.712202027440071106e-02,-7.599297910928726196e-02,-1.302330940961837769e-02,-1.180089786648750305e-01,5.485032871365547180e-02,-1.208707168698310852e-01,7.753525860607624054e-03,5.478741973638534546e-02,7.882211357355117798e-02,-3.204091638326644897e-02,8.098305016756057739e-02,2.887708544731140137e-01,-1.303817331790924072e-01,-9.727851301431655884e-02,3.645500168204307556e-02,-5.558569729328155518e-02,1.856546849012374878e-01,-2.152959443628787994e-02,-9.390296787023544312e-02,1.946266442537307739e-01,-2.980735898017883301e-02,1.200251504778862000e-01,-7.599755376577377319e-02,-1.739350706338882446e-01,-2.964195050299167633e-02,-3.938272967934608459e-02,1.234588921070098877e-01,-8.547517657279968262e-02,-2.147737592458724976e-01,1.141800656914710999e-01,7.593377493321895599e-03,2.548203766345977783e-01,5.383260175585746765e-02,-5.317236110568046570e-02,-5.316162109375000000e-02,3.588521108031272888e-02,3.253729268908500671e-02,-4.783482477068901062e-02,9.993405081331729889e-03,1.213532611727714539e-01,5.027630180120468140e-02,-1.131707243621349335e-02,-7.365726679563522339e-02,-4.661627113819122314e-02,-1.983880251646041870e-01,-5.551098659634590149e-02,-6.383982300758361816e-02,-4.312867298722267151e-02,-2.834804654121398926e-01,-2.427752614021301270e-01,-1.251265406608581543e-01,-9.100128710269927979e-02,4.753660759888589382e-04,4.165322706103324890e-02,2.919346690177917480e-01,3.135069310665130615e-01,1.179197579622268677e-01,9.586734324693679810e-02,1.254854798316955566e-01,1.743600368499755859e-01,2.075819112360477448e-02,-5.609165132045745850e-02,1.563723385334014893e-01,-1.023738905787467957e-01,-4.566946625709533691e-02,-7.083848118782043457e-02,1.369029879570007324e-01,3.465938568115234375e-02,-2.377500571310520172e-02,-2.276082336902618408e-01,-8.389763534069061279e-02,-1.282057072967290878e-02,4.687318578362464905e-02,2.922594361007213593e-02,-4.055650904774665833e-02,-6.648113951086997986e-03,-5.067688971757888794e-02,-7.849596440792083740e-03,2.821183577179908752e-02,1.049805730581283569e-01,-7.563844323158264160e-02,-5.913648009300231934e-02,-6.044597364962100983e-03,1.882496774196624756e-01,-1.075930427759885788e-02,4.531240463256835938e-02,-1.232303678989410400e-01,-3.018355462700128555e-03,-9.235644340515136719e-02,-6.468841433525085449e-02,5.041872709989547729e-02,6.758482754230499268e-02,-1.507463119924068451e-02,-1.033209562301635742e-01,8.988236635923385620e-02,-3.513514297083020210e-03,-2.356863208115100861e-02,-1.411167159676551819e-02,-5.869492515921592712e-02,4.306444898247718811e-02,7.688585668802261353e-02,-2.381865829229354858e-01,-8.614836260676383972e-03,2.193555980920791626e-01,-1.757549792528152466e-01,-1.630706489086151123e-01,1.818905025720596313e-01,1.044745370745658875e-01,-8.129191584885120392e-03,-4.438997805118560791e-02,-1.382635384798049927e-01,-2.343606017529964447e-02,-1.722441017627716064e-01,-4.238583892583847046e-02,-2.878021448850631714e-02,-1.448495034128427505e-02,1.178575120866298676e-02,2.959040738642215729e-02,-7.717817276716232300e-02,4.546315595507621765e-02,-4.428099095821380615e-02,2.303607612848281860e-01,-1.286733001470565796e-01,7.768830657005310059e-02,6.675599608570337296e-03,1.291830688714981079e-01,1.792258024215698242e-01,-9.566704183816909790e-02,1.211412549018859863e-01,8.181715756654739380e-02,1.419787555932998657e-01,2.778754383325576782e-02,7.465107738971710205e-02,1.048776507377624512e-01,-3.682922199368476868e-02,-6.023102253675460815e-02,1.351728141307830811e-01,4.037244711071252823e-03,-7.726246863603591919e-02,4.731344431638717651e-02,-6.692728959023952484e-03,9.162398427724838257e-02,2.497876808047294617e-02,-6.259559653699398041e-03,-2.050347626209259033e-02,1.830333918333053589e-01,1.029472425580024719e-01,8.909275382757186890e-02,2.047449946403503418e-01,1.819352060556411743e-01,6.874398887157440186e-02,3.330338001251220703e-02,-8.091954141855239868e-02,8.184240758419036865e-02,1.554361730813980103e-01,-2.499063313007354736e-01,-9.960314631462097168e-02,9.071008116006851196e-02,-1.773539781570434570e-01,-4.054972901940345764e-02,1.091701164841651917e-01,5.674794316291809082e-02,1.130241155624389648e-02,-3.626592084765434265e-02,6.341998931020498276e-03,-7.051466405391693115e-02,1.118516772985458374e-01,5.225132405757904053e-02,1.461014449596405029e-01,2.086648792028427124e-01,2.264559566974639893e-01,6.531260162591934204e-02,9.647936373949050903e-02,2.925155758857727051e-01,-1.167696937918663025e-01,1.026960164308547974e-01,7.165988534688949585e-02,9.608893841505050659e-02
-2.292874641716480255e-02,1.116282194852828979e-01,8.570487797260284424e-02,2.566729113459587097e-02,1.707419008016586304e-01,1.239714175462722778e-01,-1.693211197853088379e-01,-6.852741539478302002e-02,6.512840837240219116e-02,-2.282494902610778809e-01,-6.555092334747314453e-02,6.528732832521200180e-03,1.008398011326789856e-01,-3.708783164620399475e-02,-1.265576668083667755e-02,-6.515883374959230423e-03,1.564300656318664551e-01,1.446789503097534180e-01,7.338404655456542969e-02,-4.089926835149526596e-03,-7.586105912923812866e-02,2.916849963366985321e-02,-1.677238568663597107e-02,2.946252562105655670e-02,-1.019251439720392227e-02,-8.618278056383132935e-02,-1.549967676401138306e-01,-8.725363016128540039e-02,-1.538996696472167969e-01,-1.471275091171264648e-01,-2.953031659126281738e-02,5.719398334622383118e-02,1.023089438676834106e-01,-2.011650502681732178e-01,-1.044545136392116547e-02,-5.551729351282119751e-02,-8.105149120092391968e-02,-3.585232421755790710e-02,2.927801907062530518e-01,1.104175969958305359e-01,9.645976871252059937e-02,1.652031689882278442e-01,-9.506135433912277222e-02,7.554531097412109375e-02,-1.203153631649911404e-03,2.552617900073528290e-02,-9.645072743296623230e-03,1.942715644836425781e-01,8.417294011451303959e-04,6.928488612174987793e-02,1.026117987930774689e-02,1.314626727253198624e-02,-2.397383190691471100e-02,1.753576993942260742e-01,1.653910428285598755e-01,-3.357385098934173584e-02,-1.345856040716171265e-01,1.409956663846969604e-01,-1.804532110691070557e-01,2.150560915470123291e-01,3.882551938295364380e-02,-7.353565841913223267e-02,1.357742697000503540e-01,-2.051318287849426270e-01,-1.250274032354354858e-01,-1.145892068743705750e-01,5.296469479799270630e-02,-1.312806159257888794e-01,-2.914980798959732056e-02,1.856487803161144257e-02,-2.217808216810226440e-01,-7.841476052999496460e-02,1.328473794274032116e-03,-4.863717406988143921e-02,4.174130037426948547e-02,9.917460381984710693e-02,-1.638728007674217224e-02,-6.020881235599517822e-02,-6.031331140547990799e-03,-7.151000201702117920e-03,1.130251958966255188e-01,2.703558094799518585e-02,-1.857964247465133667e-01,7.871515303850173950e-02,-1.552677452564239502e-01,2.124957740306854248e-01,8.212772756814956665e-02,-7.160641998052597046e-02,-2.662653028964996338e-01,3.813866898417472839e-02,-1.331888046115636826e-02,-1.550472527742385864e-02,-8.871993981301784515e-03,1.165276989340782166e-01,1.425880342721939087e-01,4.507303610444068909e-02,1.068666502833366394e-01,-7.794535905122756958e-02,1.088543087244033813e-01,-8.599387109279632568e-02,-2.953468076884746552e-02,-6.884488463401794434e-02,-9.574788808822631836e-02,1.773042231798171997e-01,3.597033768892288208e-02,2.726242691278457642e-02,-1.134471446275711060e-01,5.416665226221084595e-02,-5.469906609505414963e-03,9.424485266208648682e-02,-2.935450710356235504e-02,-1.268209964036941528e-01,1.330371052026748657e-01,-8.000311255455017090e-02,-1.543743535876274109e-02,5.217608809471130371e-02,-1.011312603950500488e-01,-4.495511762797832489e-03,7.600547373294830322e-02,8.250176906585693359e-02,5.288133025169372559e-02,3.825963288545608521e-02,2.803751640021800995e-02,3.890413045883178711e-02,1.074318811297416687e-01,-1.644702255725860596e-01,-1.165810972452163696e-03,2.641118876636028290e-02,2.303046584129333496e-01,7.835295051336288452e-02,2.399374097585678101e-01,7.537615485489368439e-03,4.425472766160964966e-02,7.462659478187561035e-02,6.827955693006515503e-02,2.105666697025299072e-02,1.097390949726104736e-01,-1.335276011377573013e-02,2.247411906719207764e-01,-3.357368335127830505e-02,-6.400942802429199219e-02,-7.899297773838043213e-02,-2.205322831869125366e-01,3.376412764191627502e-02,-2.445884747430682182e-03,8.719296753406524658e-02,3.621180728077888489e-02,7.791026681661605835e-02,1.311826705932617188e-01,1.710442155599594116e-01,5.958572030067443848e-02,9.049026668071746826e-02,2.469256371259689331e-01,-1.318816542625427246e-01,-1.880792528390884399e-01,-1.483886390924453735e-01,-5.600272119045257568e-02,6.060336157679557800e-02,1.144737899303436279e-01,1.320052593946456909e-01,2.829078771173954010e-02,2.053878307342529297e-01,-9.204578399658203125e-02,6.143650785088539124e-02,-9.926959872245788574e-02,-1.179103180766105652e-01,7.270554453134536743e-02,1.254860013723373413e-01,6.826016306877136230e-02,-1.994448006153106689e-01,1.452033817768096924e-01,1.627386063337326050e-01,3.064952045679092407e-02,-3.451718017458915710e-02,-9.253059327602386475e-02,1.923632323741912842e-01,-3.421261208131909370e-03,9.900803118944168091e-02,1.107170507311820984e-01,1.402967721223831177e-01,-6.936684995889663696e-02,1.132690384984016418e-01,-3.778515011072158813e-02
-2.531434968113899231e-02,9.466787427663803101e-02,-1.680017113685607910e-01,1.578276157379150391e-01,-1.402193605899810791e-01,1.447037905454635620e-01,3.312737867236137390e-02,1.890722066164016724e-01,-5.139411240816116333e-02,-8.270025253295898438e-02,1.322318017482757568e-01,1.348301768302917480e-01,2.745234640315175056e-03,1.225709021091461182e-01,-1.666315048933029175e-01,-5.416699871420860291e-02,-5.786864832043647766e-02,6.612555682659149170e-02,1.487209461629390717e-02,-3.259483957663178444e-03,8.258721977472305298e-02,-2.980110235512256622e-02,3.521423041820526123e-02,-1.253171414136886597e-01,-1.592299044132232666e-01,5.467442050576210022e-02,1.569950580596923828e-01,2.299394225701689720e-03,-8.221052587032318115e-02,4.726189002394676208e-02,5.347676947712898254e-02,9.022260457277297974e-02,-4.024065285921096802e-02,2.720942720770835876e-02,-6.863922625780105591e-02,-5.546601861715316772e-02,-2.599226534366607666e-01,6.109284237027168274e-02,-2.108490094542503357e-02,7.238375395536422729e-02,-1.557173132896423340e-01,4.545000568032264709e-02,1.613060384988784790e-01,-5.893225595355033875e-02,-9.609765559434890747e-02,-1.247717440128326416e-01,-2.211801707744598389e-01,-4.285308346152305603e-02,-3.483974933624267578e-02,5.514958873391151428e-02,-1.236636862158775330e-01,-1.684505790472030640e-01,-6.874744594097137451e-02,1.817964017391204834e-01,-1.608548164367675781e-01,8.975344151258468628e-02,-5.987768247723579407e-02,8.067253977060317993e-02,-9.503088146448135376e-02,9.884376823902130127e-02,-5.153525620698928833e-02,-1.140165925025939941e-01,5.653266608715057373e-02,-2.376384800300002098e-03,3.270040452480316162e-02,6.872245669364929199e-02,2.591928653419017792e-02,-1.860814169049263000e-02,-2.758098952472209930e-02,1.414559036493301392e-02,-1.421987563371658325e-01,5.628830939531326294e-02,3.454911336302757263e-02,-1.041102632880210876e-01,-5.541400238871574402e-02,1.823934912681579590e-02,1.650091707706451416e-01,8.363597840070724487e-02,7.374186068773269653e-02,-3.173280134797096252e-02,1.305991262197494507e-01,7.858629338443279266e-03,-1.677907072007656097e-02,-4.764237627387046814e-02,1.827012933790683746e-02,4.200145974755287170e-02,-2.368932217359542847e-01,-1.692080497741699219e-01,-8.153599500656127930e-02,1.442752406001091003e-02,1.086484491825103760e-01,1.982337534427642822e-01,-4.770566150546073914e-02,1.470739990472793579e-01,9.935887902975082397e-02,-1.473765969276428223e-01,1.254366803914308548e-02,-1.110449656844139099e-01,1.735551357269287109e-01,9.450950473546981812e-02,9.361688792705535889e-02,-1.523768454790115356e-01,3.495167493820190430e-01,4.362037405371665955e-02,-2.905698865652084351e-02,1.478707534261047840e-03,4.348403215408325195e-02,-1.194792538881301880e-01,-4.207028821110725403e-02,-1.342001855373382568e-01,4.071568138897418976e-03,-1.967490185052156448e-03,-7.632534950971603394e-02,3.894398361444473267e-02,8.948298171162605286e-03,1.036170497536659241e-01,1.139095947146415710e-01,-6.711679697036743164e-02,-1.067434400320053101e-01,-1.819922477006912231e-01,7.202786952257156372e-02,-1.212421432137489319e-01,5.916802957653999329e-02,4.374830052256584167e-02,3.915007039904594421e-02,-1.030107364058494568e-01,-8.798902481794357300e-02,-4.671280086040496826e-02,-8.229319006204605103e-03,-1.301416456699371338e-01,6.638432294130325317e-02,-2.187732607126235962e-02,1.032875757664442062e-02,-5.749525036662817001e-03,5.386972427368164062e-02,-7.095160335302352905e-02,-1.606146395206451416e-01,-1.787636131048202515e-01,4.982084408402442932e-02,-7.038307934999465942e-02,-1.153927668929100037e-01,-1.278335601091384888e-02,-1.367565393447875977e-01,1.937380246818065643e-02,-2.156133018434047699e-02,-1.281896084547042847e-01,-5.040613934397697449e-02,1.828346773982048035e-02,9.468761831521987915e-02,-2.478190883994102478e-02,-3.828262910246849060e-02,-6.395262200385332108e-03,-1.927530318498611450e-01,8.259193599224090576e-02,-4.757374152541160583e-02,-1.220211666077375412e-02,-5.809842422604560852e-02,-1.387905031442642212e-01,-1.143282055854797363e-01,7.268851250410079956e-02,-6.573703885078430176e-02,2.212010696530342102e-02,1.169805899262428284e-01,5.151710286736488342e-02,-1.472831964492797852e-01,1.430844664573669434e-01,-2.017369270324707031e-01,1.056542098522186279e-01,1.492172330617904663e-01,-2.860533073544502258e-03,2.076169243082404137e-03,1.388398706912994385e-01,-1.417924165725708008e-01,3.015723638236522675e-02,3.091827034950256348e-02,-8.533809334039688110e-02,1.200510784983634949e-01,3.225656598806381226e-02,1.235582754015922546e-01,-5.438691377639770508e-02,6.903890520334243774e-03,-1.834440827369689941e-01,1.609623879194259644e-01
-3.998828306794166565e-02,-5.682564154267311096e-02,-1.298776175826787949e-02,-9.945400804281234741e-02,9.035047143697738647e-03,-7.559328526258468628e-02,1.550485342741012573e-01,-2.670269086956977844e-02,-1.210139021277427673e-01,9.800866246223449707e-02,-1.002011224627494812e-01,-1.825927346944808960e-01,1.329171471297740936e-03,1.034184470772743225e-01,9.250503778457641602e-02,-2.262682653963565826e-02,8.669168502092361450e-02,1.024867892265319824e-01,4.092397540807723999e-02,-2.583583584055304527e-03,7.080885767936706543e-02,1.110523417592048645e-01,1.013175547122955322e-01,1.459190249443054199e-01,2.541590929031372070e-01,6.220896169543266296e-02,-8.372292667627334595e-02,2.049269378185272217e-01,1.851382851600646973e-01,-7.377225905656814575e-02,3.695118427276611328e-02,-1.092488244175910950e-01,1.409262698143720627e-02,1.533492952585220337e-01,6.272311508655548096e-02,1.971579939126968384e-01,3.498194506391882896e-03,-6.758882850408554077e-02,7.198882522061467171e-04,-1.787071302533149719e-02,-7.326326519250869751e-02,1.265109628438949585e-01,1.239669620990753174e-01,-4.026100412011146545e-02,5.287718400359153748e-02,-7.137531787157058716e-02,-6.458263844251632690e-02,-3.716231510043144226e-02,-5.402998998761177063e-02,-5.738067906349897385e-03,-1.141741871833801270e-02,4.640321061015129089e-02,-1.745174676179885864e-01,2.193448841571807861e-01,6.781744211912155151e-02,1.334450393915176392e-01,9.495066851377487183e-02,-1.583371758460998535e-01,-1.637151390314102173e-01,-3.368696942925453186e-02,-8.841792494058609009e-02,9.532025456428527832e-02,3.146771714091300964e-02,2.134555391967296600e-02,-8.848364651203155518e-02,-1.530968695878982544e-01,2.020643092691898346e-03,-1.857054606080055237e-02,-4.253306612372398376e-02,1.242821663618087769e-01,-2.414161339402198792e-02,4.681266844272613525e-02,-5.186222866177558899e-02,3.870972618460655212e-02,-1.331302970647811890e-01,1.449404507875442505e-01,-1.690428704023361206e-02,7.009455561637878418e-02,-6.065880879759788513e-02,5.060426145792007446e-02,1.449954602867364883e-02,9.610357880592346191e-02,1.219396963715553284e-01,1.678970456123352051e-02,-4.549883306026458740e-02,-1.048217713832855225e-01,7.401294261217117310e-02,2.553793974220752716e-02,-1.982596814632415771e-01,-1.088960617780685425e-01,-5.938464775681495667e-02,4.600877314805984497e-02,-4.060496017336845398e-02,-4.253851249814033508e-02,1.136713102459907532e-01,1.133376583456993103e-01,7.720103114843368530e-02,3.386160731315612793e-02,5.751906335353851318e-02,-2.472088439390063286e-03,5.679505690932273865e-02,-4.662891104817390442e-02,5.483838170766830444e-02,-1.328727304935455322e-01,-8.800519257783889771e-02,6.462867558002471924e-02,-1.542707979679107666e-01,8.950496464967727661e-02,-3.005873225629329681e-02,-1.685921400785446167e-01,-7.859795540571212769e-02,-1.255032122135162354e-01,-2.649571299552917480e-01,1.406771093606948853e-01,1.733946800231933594e-01,8.923908323049545288e-02,2.085934579372406006e-01,-6.501889973878860474e-02,5.519712343811988831e-02,-3.238599374890327454e-02,-1.923031359910964966e-01,9.274990856647491455e-02,5.176588892936706543e-02,-7.306184619665145874e-02,1.306012123823165894e-01,1.726165264844894409e-01,1.346386224031448364e-01,1.837492883205413818e-01,8.940234035253524780e-02,-1.342527270317077637e-01,7.296500355005264282e-02,1.421489715576171875e-01,-7.559605687856674194e-02,4.357325285673141479e-02,-8.667151443660259247e-03,5.349100381135940552e-02,-1.252214312553405762e-01,-8.679648488759994507e-02,1.289573907852172852e-01,6.131474673748016357e-02,1.049202308058738708e-01,-1.871244423091411591e-02,9.341984987258911133e-02,1.607753150165081024e-02,1.293043643236160278e-01,-8.059374988079071045e-02,-4.483770206570625305e-02,7.575556635856628418e-02,-1.621544808149337769e-01,5.698114633560180664e-02,1.092029288411140442e-01,1.798218339681625366e-01,-1.609017699956893921e-02,-2.886671945452690125e-02,3.331309556961059570e-02,-6.340278685092926025e-02,3.515470400452613831e-02,-6.328248977661132812e-02,-2.205411158502101898e-02,1.059860885143280029e-01,3.126509487628936768e-01,-2.081521414220333099e-02,8.267398923635482788e-02,-1.136785671114921570e-01,8.743955194950103760e-02,-6.172123178839683533e-02,1.354693062603473663e-02,-2.284860704094171524e-03,6.435129046440124512e-02,-1.106358841061592102e-01,2.661795541644096375e-02,-6.979745626449584961e-02,-3.298099339008331299e-01,-6.255194544792175293e-02,5.443707108497619629e-02,2.747401297092437744e-01,-3.673744201660156250e-02,2.668476104736328125e-01,-6.215198710560798645e-02,-5.599308013916015625e-02,1.501886546611785889e-01,-2.012645900249481201e-01,-4.809020087122917175e-02
-2.139001488685607910e-01,9.300412610173225403e-03,-5.184197053313255310e-02,5.192469060420989990e-02,-2.263555303215980530e-02,4.965563490986824036e-02,4.069872200489044189e-02,-4.817082732915878296e-02,-2.145523279905319214e-01,-7.495826110243797302e-03,-4.451661184430122375e-02,7.496928796172142029e-03,-1.452023722231388092e-02,7.073736935853958130e-02,-1.088132187724113464e-01,-3.007527999579906464e-02,-1.998589932918548584e-01,1.865752190351486206e-01,1.148139219731092453e-02,-4.343095421791076660e-02,-1.148953288793563843e-01,5.319713614881038666e-03,-4.555975086987018585e-03,2.183147333562374115e-02,7.689229398965835571e-02,-3.030278086662292480e-01,-2.309211641550064087e-01,-8.167582750320434570e-02,-1.364612579345703125e-01,-4.027076065540313721e-02,-2.138789743185043335e-01,-2.410852164030075073e-01,-1.975294202566146851e-01,-1.003370955586433411e-01,1.285734921693801880e-01,-2.274865657091140747e-01,-2.984344027936458588e-02,-1.782688796520233154e-01,-7.483175396919250488e-02,-1.121019423007965088e-01,-2.798898816108703613e-01,1.161595154553651810e-02,5.726377665996551514e-02,6.823909934610128403e-03,2.542938571423292160e-03,-7.931694388389587402e-02,-8.147785812616348267e-02,-8.708067238330841064e-02,4.822849109768867493e-02,2.424741536378860474e-02,-1.219314616173505783e-02,-1.122350990772247314e-01,-9.503135085105895996e-02,-6.032817810773849487e-02,-1.302218437194824219e-01,-1.117954403162002563e-02,5.096245929598808289e-02,-8.046653121709823608e-02,-9.558991342782974243e-02,-1.183049380779266357e-01,-1.792403608560562134e-01,1.925640739500522614e-02,-1.914039552211761475e-01,-1.405944824218750000e-01,-1.193220689892768860e-01,-3.843286260962486267e-02,6.973239779472351074e-02,-4.064863547682762146e-02,-2.012932747602462769e-01,-5.288300663232803345e-02,-3.713940829038619995e-02,-2.086132066324353218e-03,-5.034770071506500244e-02,-8.484575152397155762e-02,-1.031554043292999268e-01,1.004663556814193726e-01,-2.255382090806961060e-01,-1.379878669977188110e-01,-1.802534013986587524e-01,-9.267013520002365112e-02,-1.711989492177963257e-01,-4.911785945296287537e-02,-1.054652556777000427e-01,-1.149849668145179749e-01,-1.565231829881668091e-01,-8.242017030715942383e-02,-1.450175046920776367e-01,-1.641667634248733521e-01,-7.940624654293060303e-02,-1.577708274126052856e-01,6.375053524971008301e-02,-7.710408885031938553e-03,-2.793663926422595978e-02,-1.204305887222290039e-01,-2.390433102846145630e-01,-1.238494589924812317e-01,-1.633048616349697113e-02,6.351482868194580078e-02,4.369278997182846069e-02,-5.196483060717582703e-02,-1.411374211311340332e-01,-6.417027860879898071e-02,-1.228093579411506653e-01,-8.612510561943054199e-02,-1.930842250585556030e-01,-1.135487258434295654e-01,-1.925162971019744873e-02,-8.082253485918045044e-02,-1.458279490470886230e-01,-1.960304230451583862e-01,5.715324729681015015e-02,-7.694606482982635498e-02,-2.746177837252616882e-02,-5.558377504348754883e-02,-1.857761889696121216e-01,-3.409286588430404663e-02,-1.725833397358655930e-03,-5.449366196990013123e-02,4.497060179710388184e-02,-2.278583794832229614e-01,-1.082905679941177368e-01,1.990040577948093414e-02,-1.523614376783370972e-01,-2.269287109375000000e-01,-1.773320436477661133e-01,1.654285006225109100e-02,-1.011649370193481445e-01,-2.441116273403167725e-01,-1.655942760407924652e-02,3.396885097026824951e-02,2.770782448351383209e-02,2.409254759550094604e-02,-1.041806340217590332e-01,-7.319821417331695557e-02,3.302586078643798828e-02,-4.966394230723381042e-02,-5.043670535087585449e-02,-9.720001369714736938e-02,-9.466118365526199341e-02,-2.394568026065826416e-01,-1.132973656058311462e-01,1.073282510042190552e-01,8.243906497955322266e-02,-1.045296788215637207e-01,-7.415670901536941528e-03,-6.431411206722259521e-02,-1.332414336502552032e-03,-7.587509695440530777e-03,-5.270586907863616943e-02,-3.261848688125610352e-01,-8.498284965753555298e-02,-3.783141449093818665e-02,-1.144293174147605896e-01,-1.885349750518798828e-01,9.062229841947555542e-02,-1.128358691930770874e-01,-1.829872578382492065e-01,-1.139952614903450012e-01,-4.704872891306877136e-02,-8.279919624328613281e-02,-5.353814736008644104e-02,-1.406633257865905762e-01,8.955301344394683838e-02,-1.254823356866836548e-01,-4.654812812805175781e-02,-9.790264070034027100e-02,-4.078017175197601318e-02,6.695498526096343994e-02,-1.921803802251815796e-01,-1.689379662275314331e-01,-9.075790643692016602e-03,-5.210397765040397644e-02,-1.779021620750427246e-01,-1.639068871736526489e-01,-6.552578508853912354e-02,-3.775645419955253601e-02,-5.537961423397064209e-02,-8.023336529731750488e-02,-1.561217159032821655e-01,-5.059393867850303650e-02,-1.104906126856803894e-01,-2.565379738807678223e-01,-1.378047168254852295e-01
-1.296923160552978516e-01,-1.005407702177762985e-02,-2.671371586620807648e-02,-1.963908970355987549e-01,-1.272775083780288696e-01,7.713026553392410278e-02,6.536518782377243042e-02,-8.786723017692565918e-02,-1.779932975769042969e-01,2.135728150606155396e-01,-1.174643263220787048e-01,-1.347615122795104980e-01,1.150394752621650696e-01,5.041284603066742420e-04,1.693672090768814087e-01,-4.705263674259185791e-02,7.603476196527481079e-02,3.882743418216705322e-02,3.197542950510978699e-02,-9.864188730716705322e-02,-4.525429382920265198e-02,-6.898856908082962036e-02,8.844628185033798218e-02,-7.541609928011894226e-03,4.094928130507469177e-02,1.174110081046819687e-02,-1.191897168755531311e-01,-9.557636827230453491e-02,7.331983745098114014e-02,-1.090983226895332336e-01,-8.771903067827224731e-02,-4.310190677642822266e-02,6.576611101627349854e-02,7.284297794103622437e-02,-2.077491879463195801e-01,1.673377454280853271e-01,-3.857016935944557190e-02,1.889331452548503876e-02,-1.953526958823204041e-02,5.079225078225135803e-02,-1.541838198900222778e-01,-1.174725070595741272e-01,2.493015378713607788e-01,-4.038147628307342529e-02,2.258917689323425293e-01,-3.517668694257736206e-02,8.981747925281524658e-02,3.407471179962158203e-01,1.500669568777084351e-01,-1.688088923692703247e-01,1.255415845662355423e-02,8.414961397647857666e-02,-2.891615591943264008e-02,-7.795988768339157104e-02,4.752370342612266541e-02,-4.160871356725692749e-02,-1.968555152416229248e-01,-1.581085473299026489e-01,-5.230385065078735352e-02,-3.325479850172996521e-02,2.322718733921647072e-03,-5.772540345788002014e-03,-1.786323040723800659e-01,8.167693018913269043e-02,-1.530266851186752319e-01,9.321322292089462280e-02,1.926909387111663818e-02,-2.388020977377891541e-02,1.740693598985671997e-01,2.341210991144180298e-01,4.352420940995216370e-02,-3.919409960508346558e-02,8.802309632301330566e-02,-1.200777292251586914e-01,-4.196369647979736328e-02,-4.126895591616630554e-02,-1.196270063519477844e-01,2.081522196531295776e-01,8.925992995500564575e-03,5.279553122818470001e-03,-8.452262729406356812e-03,1.423236075788736343e-02,3.271035477519035339e-02,7.047149538993835449e-02,1.386529505252838135e-01,4.597983136773109436e-02,-4.479232430458068848e-02,-3.090529441833496094e-01,-2.608293108642101288e-02,7.841554284095764160e-02,9.169406443834304810e-02,-5.720349401235580444e-02,1.002590879797935486e-01,1.229865029454231262e-01,3.367841839790344238e-01,2.739038765430450439e-01,5.264669656753540039e-02,2.497699670493602753e-02,3.478350490331649780e-02,1.696618460118770599e-02,7.012515515089035034e-02,1.042675748467445374e-01,-7.653020322322845459e-02,-9.437672793865203857e-02,5.119603499770164490e-02,2.821575477719306946e-02,-1.050365120172500610e-01,-1.351367533206939697e-01,9.968074411153793335e-02,1.599919945001602173e-01,3.607112169265747070e-02,-7.899594306945800781e-02,9.471212327480316162e-02,4.547028988599777222e-02,1.006047725677490234e-01,4.407417029142379761e-02,1.127658113837242126e-01,1.800667792558670044e-01,1.506692916154861450e-01,4.359671100974082947e-02,-1.011080071330070496e-01,-1.180690061300992966e-02,-9.617883712053298950e-03,-6.612411141395568848e-02,-3.451973199844360352e-02,5.968993902206420898e-02,1.149293854832649231e-01,9.936396777629852295e-02,-6.553343683481216431e-02,5.280324071645736694e-02,-1.415362060070037842e-01,1.741368770599365234e-01,-6.046297773718833923e-02,3.653260320425033569e-02,-1.590721122920513153e-02,9.205934405326843262e-02,-5.495787039399147034e-02,-1.222293302416801453e-01,-1.441648155450820923e-01,-1.618459820747375488e-01,2.865989692509174347e-02,-4.420132189989089966e-02,-6.488577276468276978e-02,-2.770006190985441208e-03,-5.793273821473121643e-02,5.021687597036361694e-02,-6.086337938904762268e-02,7.850619405508041382e-02,-1.058782413601875305e-01,2.675797641277313232e-01,-1.811911910772323608e-01,-7.012908160686492920e-02,6.878080219030380249e-02,8.445106446743011475e-03,-1.710425503551959991e-02,-8.764110505580902100e-03,-5.746781826019287109e-02,4.290138557553291321e-02,-6.754083931446075439e-02,-7.502090185880661011e-02,-2.449412457644939423e-02,-2.136125415563583374e-02,3.489144891500473022e-02,-3.190904855728149414e-02,-8.280056528747081757e-03,2.179899625480175018e-02,-8.832247555255889893e-02,1.454241294413805008e-02,-1.225176081061363220e-02,-6.631118059158325195e-02,-5.084205418825149536e-02,-4.698837921023368835e-02,9.018670767545700073e-02,-3.868906944990158081e-02,8.160460740327835083e-03,7.050748169422149658e-02,-2.623014338314533234e-02,-9.668496996164321899e-02,-1.764090806245803833e-01,5.950884521007537842e-02,-8.661517058499157429e-04,-8.954151719808578491e-02,5.574933718889951706e-03
5.746514350175857544e-02,-8.439771831035614014e-02,1.235465034842491150e-01,-6.421779841184616089e-02,-2.022672295570373535e-01,-1.563531160354614258e-01,7.303281128406524658e-02,-7.026650756597518921e-02,-8.270685374736785889e-02,1.061890507116913795e-03,-9.298541396856307983e-02,-2.618002295494079590e-01,4.025833331979811192e-04,-2.050868123769760132e-01,-1.822367310523986816e-01,-9.145924448966979980e-02,7.960356771945953369e-02,-7.474396377801895142e-02,3.987231478095054626e-02,6.005064025521278381e-02,-3.704774007201194763e-02,2.752844942733645439e-03,9.338816255331039429e-02,5.723357945680618286e-02,-5.285001918673515320e-02,-3.606489300727844238e-02,-1.134479790925979614e-01,-4.475572332739830017e-02,-1.174181327223777771e-01,-3.146392852067947388e-02,-2.996855974197387695e-01,5.518281459808349609e-02,-2.249048277735710144e-02,1.519168764352798462e-01,-7.500753551721572876e-02,2.530328184366226196e-02,1.318307369947433472e-01,-7.661145180463790894e-02,8.221333473920822144e-02,8.965399861335754395e-02,4.663344472646713257e-02,9.763363003730773926e-02,-1.750104688107967377e-02,8.336379379034042358e-02,1.189047545194625854e-01,1.188828796148300171e-01,-2.365674674510955811e-01,1.400803178548812866e-01,-5.403691902756690979e-02,-8.172861486673355103e-02,-2.521004974842071533e-01,-9.099267423152923584e-02,7.844764739274978638e-02,-2.470054030418395996e-01,5.522194504737854004e-02,-1.502695679664611816e-01,-4.207536205649375916e-02,-3.056974150240421295e-02,-1.403029728680849075e-02,9.824352711439132690e-02,7.296440750360488892e-02,5.257599428296089172e-02,8.152100257575511932e-03,1.001621186733245850e-01,-1.702622324228286743e-01,-3.015654906630516052e-02,1.036523506045341492e-01,-1.540965139865875244e-01,3.574218600988388062e-02,3.229504451155662537e-02,9.027266874909400940e-03,7.270103693008422852e-02,-1.002823002636432648e-03,2.151532471179962158e-02,-7.871647365391254425e-03,-1.351139396429061890e-01,-9.503149986267089844e-02,1.030944474041461945e-02,-1.007606163620948792e-01,1.000577434897422791e-01,-4.936941713094711304e-02,-2.612501382827758789e-01,2.906685695052146912e-02,-1.978755146265029907e-01,2.313984557986259460e-02,6.666819006204605103e-02,-7.994460873305797577e-03,-8.047177642583847046e-02,-2.088871896266937256e-01,-1.094938814640045166e-01,-6.447414308786392212e-02,7.487658876925706863e-03,-1.873719692230224609e-02,-1.958059705793857574e-02,8.182044327259063721e-02,4.551217332482337952e-02,-1.484423130750656128e-01,-1.261567696928977966e-02,-5.874388292431831360e-02,-7.617412507534027100e-02,-5.308869481086730957e-02,-4.750342667102813721e-02,-1.454702615737915039e-01,-1.093496903777122498e-01,2.259437739849090576e-01,-2.316589057445526123e-01,1.147540882229804993e-01,1.047671213746070862e-02,-8.785451948642730713e-02,-2.503519318997859955e-02,-2.205025255680084229e-01,-2.195993624627590179e-02,-1.063944771885871887e-01,-1.203702911734580994e-01,2.172287181019783020e-02,-6.484493613243103027e-02,-6.201162934303283691e-03,-8.684293180704116821e-02,-4.164105653762817383e-02,2.818907797336578369e-02,1.598782837390899658e-01,-1.203593984246253967e-01,9.377090632915496826e-02,1.217280253767967224e-01,-5.700982362031936646e-02,-1.468867510557174683e-01,-1.310272067785263062e-01,7.775586564093828201e-03,-7.032801210880279541e-02,-7.222831249237060547e-02,-6.286770850419998169e-02,-6.659700721502304077e-02,-1.596195101737976074e-01,-6.992632895708084106e-02,-4.058910161256790161e-02,4.466751217842102051e-02,-1.223073601722717285e-01,-4.566861689090728760e-02,1.161496415734291077e-01,-6.888784468173980713e-02,-1.587189584970474243e-01,1.649753306992352009e-03,3.626735135912895203e-02,-1.187537144869565964e-02,3.477498516440391541e-02,-5.478457361459732056e-02,8.498300611972808838e-02,1.456325948238372803e-01,1.442923098802566528e-01,-1.995861344039440155e-02,-4.437308385968208313e-02,-5.690005607903003693e-03,1.153144836425781250e-01,7.630064338445663452e-02,-9.565622359514236450e-02,1.596584171056747437e-01,-1.052473708987236023e-01,4.695036634802818298e-02,3.456334397196769714e-02,-3.443680331110954285e-02,-2.186562567949295044e-01,-1.601492762565612793e-01,5.298484582453966141e-03,2.794834971427917480e-02,-9.741561114788055420e-02,-2.043175101280212402e-01,-2.650109305977821350e-02,-6.198282912373542786e-02,-5.688073858618736267e-02,-9.302368015050888062e-02,-2.489664778113365173e-02,-5.236367136240005493e-02,-1.464113593101501465e-01,-8.296359330415725708e-02,-1.033809483051300049e-01,-2.518321014940738678e-02,2.638153545558452606e-02,9.076087176799774170e-02,-1.587324887514114380e-01,6.940759718418121338e-02,-2.867663837969303131e-02,-8.686736971139907837e-02,1.937424018979072571e-02
-1.182855889201164246e-01,2.216365933418273926e-01,4.634990543127059937e-02,2.568506896495819092e-01,9.482698142528533936e-02,-1.936984956264495850e-01,2.085593640804290771e-01,1.103810667991638184e-01,7.175922393798828125e-02,-3.538580983877182007e-02,5.602686107158660889e-02,5.765606835484504700e-02,8.170300722122192383e-02,3.969231620430946350e-02,2.158872783184051514e-02,-5.213041976094245911e-02,-1.782454550266265869e-02,-1.769143640995025635e-01,-1.045810133218765259e-01,-1.665922552347183228e-01,-5.221660435199737549e-02,-2.223695963621139526e-01,-9.683715552091598511e-02,-6.924527138471603394e-02,6.877124309539794922e-02,1.386763304471969604e-01,-1.868638843297958374e-01,-6.985946744680404663e-02,1.874274909496307373e-01,3.902179002761840820e-02,-7.976637035608291626e-02,-8.927011489868164062e-02,9.687678515911102295e-02,6.864176690578460693e-02,-2.473095357418060303e-01,-9.931855835020542145e-03,-1.755958497524261475e-01,5.652086436748504639e-02,2.560650184750556946e-02,6.132233887910842896e-02,6.659099459648132324e-02,-1.732459962368011475e-01,1.388329863548278809e-01,8.956182748079299927e-02,1.404482424259185791e-01,-4.673886671662330627e-02,1.097389385104179382e-01,-1.504146009683609009e-01,2.504715919494628906e-01,-7.644140161573886871e-03,1.566999009810388088e-03,-1.743545681238174438e-01,-5.727093666791915894e-02,-1.606908254325389862e-02,9.752955287694931030e-02,2.129546850919723511e-01,5.617230385541915894e-02,2.566185221076011658e-02,6.554105877876281738e-02,-9.536007046699523926e-02,-1.844708807766437531e-02,3.498296951875090599e-03,-1.269497722387313843e-01,1.034157946705818176e-01,-1.835380867123603821e-02,-4.578673094511032104e-02,1.247773692011833191e-01,1.356524676084518433e-01,-2.024395950138568878e-02,-1.102786213159561157e-01,-1.496441066265106201e-01,1.513865124434232712e-02,1.514380425214767456e-01,-4.120826348662376404e-02,2.151262946426868439e-02,3.903141617774963379e-02,-7.313134521245956421e-02,1.686635427176952362e-02,-5.670313537120819092e-02,1.246865242719650269e-01,-5.512249469757080078e-02,-2.929507754743099213e-02,2.076033651828765869e-01,-1.545398980379104614e-01,-3.669825941324234009e-02,1.189123392105102539e-01,8.142578601837158203e-02,6.554141640663146973e-02,1.422151327133178711e-01,-5.526078119874000549e-02,1.437023933976888657e-02,1.344974786043167114e-01,-1.382906048092991114e-04,1.142751947045326233e-01,-1.700802445411682129e-01,-2.722569927573204041e-02,-3.390277922153472900e-02,1.047827079892158508e-01,8.793482929468154907e-02,-2.099102921783924103e-02,7.542640715837478638e-02,5.297022312879562378e-02,-5.114778131246566772e-02,6.794238579459488392e-04,1.601000130176544189e-02,-9.767173975706100464e-02,5.399474501609802246e-02,-1.034370362758636475e-01,-4.467157647013664246e-02,-3.053198754787445068e-02,-1.742370575666427612e-01,-9.873893857002258301e-02,1.365103200078010559e-02,1.330739259719848633e-02,6.022940948605537415e-02,3.437857329845428467e-02,2.871575653553009033e-01,2.939677797257900238e-02,8.052530139684677124e-02,1.494914591312408447e-01,-2.152988165616989136e-01,6.313167512416839600e-02,1.551860421895980835e-01,1.645741797983646393e-02,-6.259485334157943726e-02,-7.523839920759201050e-02,6.337155401706695557e-02,2.072558104991912842e-01,-1.501957923173904419e-01,2.526915818452835083e-02,-1.110217645764350891e-01,6.025097519159317017e-02,9.050540626049041748e-02,5.972510203719139099e-02,7.465601712465286255e-02,1.493875402957201004e-03,-6.383199989795684814e-02,4.415360838174819946e-02,3.604569286108016968e-02,2.440899983048439026e-02,-7.179553620517253876e-03,1.238547340035438538e-01,6.018270272761583328e-03,8.725260384380817413e-03,9.480317682027816772e-02,-4.236765578389167786e-02,-2.579432912170886993e-02,2.449630573391914368e-02,5.965564027428627014e-02,3.265997022390365601e-02,-4.915365576744079590e-02,-8.045051246881484985e-02,-2.522322721779346466e-02,-1.257797628641128540e-01,-2.081781625747680664e-01,1.180458907037973404e-02,-1.138219237327575684e-01,-1.028515994548797607e-01,1.074898168444633484e-01,-2.828725799918174744e-02,-1.607290096580982208e-02,9.563353657722473145e-02,-1.431347429752349854e-01,2.099835686385631561e-02,6.438937038183212280e-02,-2.312696911394596100e-02,-1.029347181320190430e-01,1.579070836305618286e-01,3.656163578853011131e-03,7.657369971275329590e-02,-1.155587956309318542e-01,-2.139257034286856651e-03,-2.239961326122283936e-01,1.517985612154006958e-01,4.478006809949874878e-02,7.503703236579895020e-02,7.916536927223205566e-02,-1.036581546068191528e-01,7.726228237152099609e-02,-4.610600415617227554e-03,2.192981839179992676e-01,5.855690222233533859e-03,-8.417566865682601929e-02
-7.813387364149093628e-02,1.209129020571708679e-01,6.646890938282012939e-02,-1.858938783407211304e-01,-9.859615564346313477e-02,-1.442984342575073242e-01,-1.018952652812004089e-01,-2.008681595325469971e-01,5.096177384257316589e-02,8.237646520137786865e-02,9.143842384219169617e-03,1.877675950527191162e-01,5.780751258134841919e-02,1.686713993549346924e-01,-2.778304368257522583e-02,5.785479396581649780e-02,7.144089788198471069e-02,1.081929504871368408e-01,-1.311079692095518112e-02,1.598635464906692505e-01,-8.288242667913436890e-02,-1.013203710317611694e-01,-1.563771218061447144e-01,-8.218875527381896973e-02,8.835013955831527710e-02,2.916188538074493408e-02,-3.301104530692100525e-02,-2.007892876863479614e-01,6.679123640060424805e-02,-4.839950706809759140e-04,-1.023703739047050476e-01,1.095934771001338959e-02,1.720253229141235352e-01,5.361096560955047607e-02,9.475287050008773804e-03,-1.032803505659103394e-01,1.871699690818786621e-01,-5.377638339996337891e-02,6.003183871507644653e-02,2.111171483993530273e-01,6.316835433244705200e-02,9.630188345909118652e-02,-1.856994815170764923e-02,-3.036281652748584747e-02,-1.802502572536468506e-01,4.525138996541500092e-03,-1.664714142680168152e-02,-4.380482714623212814e-03,-6.598287075757980347e-02,-1.728218607604503632e-02,-1.113914176821708679e-01,-5.983621254563331604e-02,2.284919656813144684e-02,-1.778760105371475220e-01,-1.367604434490203857e-01,-1.178581714630126953e-01,-3.591350466012954712e-02,-4.736577346920967102e-02,9.199311584234237671e-02,-1.010489538311958313e-01,-6.457594782114028931e-02,-1.520420424640178680e-02,-4.027239233255386353e-02,2.689595147967338562e-02,4.600323364138603210e-02,-1.626182347536087036e-01,1.297233849763870239e-01,4.970338195562362671e-02,-7.887048274278640747e-02,1.451056078076362610e-02,-7.220863550901412964e-02,-1.528017967939376831e-01,-1.261555403470993042e-01,-8.638327009975910187e-03,-1.172470301389694214e-01,1.545698195695877075e-01,-1.483010407537221909e-02,-7.299649063497781754e-03,-2.929073944687843323e-02,-1.986291557550430298e-01,1.163986884057521820e-02,5.081736296415328979e-02,-9.136972576379776001e-02,1.054267063736915588e-01,-2.873800322413444519e-02,-1.879767924547195435e-01,-1.253255009651184082e-01,-7.455834001302719116e-02,1.056542620062828064e-01,9.403175115585327148e-02,-7.546293735504150391e-02,-5.385370925068855286e-03,3.374594263732433319e-03,-1.158716380596160889e-01,-1.495923250913619995e-01,9.580275043845176697e-03,6.734267622232437134e-02,9.075450152158737183e-02,6.251198798418045044e-02,9.072588384151458740e-02,-6.735733151435852051e-02,-1.872195675969123840e-02,6.865126639604568481e-02,-1.793951094150543213e-01,1.580215245485305786e-01,-4.240033216774463654e-03,-1.356250196695327759e-01,-9.645884484052658081e-02,-2.983194217085838318e-02,-1.199582666158676147e-01,6.551529467105865479e-02,1.044664159417152405e-01,1.738925427198410034e-01,1.559500843286514282e-01,2.302088588476181030e-02,2.163307275623083115e-03,2.640069127082824707e-01,-2.311435528099536896e-02,1.468317955732345581e-01,1.686432212591171265e-01,1.168181598186492920e-01,7.031542807817459106e-02,1.070185080170631409e-01,1.267744787037372589e-02,-2.784781344234943390e-02,1.431281119585037231e-01,1.038720179349184036e-02,-3.476717323064804077e-02,9.186084568500518799e-02,-7.906277477741241455e-02,7.342138141393661499e-02,-3.519495716318488121e-03,4.553987458348274231e-02,-7.525390386581420898e-02,8.364517986774444580e-02,-8.115351200103759766e-02,6.978511810302734375e-02,3.281374648213386536e-02,2.202113866806030273e-01,3.829761967062950134e-02,1.152441054582595825e-01,1.875638812780380249e-01,-2.722057141363620758e-02,-6.240114569664001465e-02,1.780904531478881836e-01,-4.282027110457420349e-02,2.983250841498374939e-02,2.042947337031364441e-02,3.331153467297554016e-02,-7.111547887325286865e-02,-1.192781478166580200e-01,1.211614757776260376e-01,-4.064944013953208923e-02,4.148837924003601074e-02,-1.898565292358398438e-01,2.131588757038116455e-02,9.285597503185272217e-02,9.667100012302398682e-02,-1.142241954803466797e-01,-5.134187266230583191e-02,5.799734219908714294e-02,-1.122656986117362976e-01,-8.372875861823558807e-03,-1.544329524040222168e-02,-6.251999735832214355e-02,3.519058227539062500e-02,1.458789110183715820e-01,-3.685805946588516235e-03,-6.092941015958786011e-02,-6.531417369842529297e-02,-2.610608637332916260e-01,1.473081205040216446e-02,2.189458459615707397e-01,-5.745557695627212524e-02,-8.920243382453918457e-02,8.776445686817169189e-02,-4.778199270367622375e-02,3.542685881257057190e-03,5.603227391839027405e-02,-5.081184674054384232e-03,-7.269884645938873291e-02,5.626731086522340775e-03,1.593638658523559570e-01
-7.788459211587905884e-02,1.294098198413848877e-01,6.425010412931442261e-02,4.850756376981735229e-02,2.031674534082412720e-01,4.842219874262809753e-02,-8.888173848390579224e-02,-5.155690945684909821e-03,-1.078599411994218826e-02,-4.917154554277658463e-03,4.033198207616806030e-02,3.194165602326393127e-02,-1.241867914795875549e-01,-3.286600485444068909e-02,1.050860062241554260e-02,-2.083610147237777710e-01,1.271933875977993011e-02,9.539438784122467041e-02,-9.055173397064208984e-02,-1.617099195718765259e-01,-8.621758222579956055e-02,1.124430354684591293e-02,-1.438215076923370361e-01,-1.566758006811141968e-01,-8.748833090066909790e-02,-3.823692351579666138e-02,-4.607306793332099915e-02,-6.791979819536209106e-02,-1.326194852590560913e-01,1.712096184492111206e-01,5.679300054907798767e-02,7.464504241943359375e-02,1.283578723669052124e-01,-1.692848056554794312e-01,-4.713064432144165039e-02,1.068049520254135132e-01,1.212585940957069397e-01,-1.704237312078475952e-01,-1.244811341166496277e-03,-4.142758622765541077e-02,4.450649395585060120e-02,7.479741424322128296e-02,-3.462563455104827881e-02,-5.957345291972160339e-02,1.295653879642486572e-01,7.775733619928359985e-02,9.809438884258270264e-02,-2.598505467176437378e-02,1.298491060733795166e-01,1.070921197533607483e-01,1.909650489687919617e-02,2.886333735659718513e-03,1.105458848178386688e-02,2.215508744120597839e-02,-2.375762760639190674e-01,1.116776168346405029e-01,-7.850790023803710938e-02,-3.344931080937385559e-02,1.410504989326000214e-02,7.940236479043960571e-03,7.390857674181461334e-03,2.393406778573989868e-01,8.490943349897861481e-03,-6.862286478281021118e-02,-1.370669603347778320e-01,1.459893286228179932e-01,-1.691650301218032837e-01,-4.458498954772949219e-02,-1.941967010498046875e-01,2.441457100212574005e-02,-1.133583858609199524e-01,-9.892401844263076782e-02,-3.846305608749389648e-02,1.293299626559019089e-02,-1.082767248153686523e-01,-8.612482808530330658e-03,1.088445112109184265e-01,-6.512102484703063965e-02,7.659991085529327393e-02,1.311477571725845337e-01,1.984080970287322998e-01,-1.276625990867614746e-01,5.789656192064285278e-02,7.559274882078170776e-02,5.668992921710014343e-02,3.565400093793869019e-02,-6.175264343619346619e-02,6.243407353758811951e-02,-1.465011853724718094e-02,-1.366184372454881668e-02,-9.700927883386611938e-02,-5.128576979041099548e-02,-6.052830070257186890e-02,8.700922131538391113e-02,-5.723670497536659241e-02,-7.121636718511581421e-02,-2.457869797945022583e-01,-4.423648864030838013e-02,-1.749983429908752441e-01,-1.860507950186729431e-02,2.084096670150756836e-01,1.198747530579566956e-01,2.096767723560333252e-01,1.011675745248794556e-01,5.223870649933815002e-02,-7.624707370996475220e-02,4.017805680632591248e-02,3.022317774593830109e-02,1.050526425242424011e-01,-1.239107400178909302e-01,-2.205764502286911011e-02,1.907090246677398682e-01,-1.624165028333663940e-01,6.503750337287783623e-04,5.202590301632881165e-02,1.091455742716789246e-01,1.829993128776550293e-01,-1.518289744853973389e-01,1.574394255876541138e-01,2.922678738832473755e-02,5.419053882360458374e-02,-1.699876412749290466e-02,2.831864915788173676e-02,-3.946001641452312469e-03,4.224988818168640137e-02,1.167711839079856873e-01,-1.121265292167663574e-01,-6.963516771793365479e-02,1.761473268270492554e-01,1.567741781473159790e-01,-1.051333770155906677e-01,-7.772640138864517212e-02,-1.070607900619506836e-01,1.794205158948898315e-01,1.192843355238437653e-02,6.231425702571868896e-02,-3.864127397537231445e-02,-7.139134407043457031e-02,7.643616199493408203e-02,-1.150072515010833740e-01,-6.781671941280364990e-02,-8.905493468046188354e-02,-1.575476303696632385e-02,7.993273437023162842e-03,2.391808107495307922e-02,2.485329285264015198e-02,1.134647428989410400e-01,1.699497550725936890e-01,2.610364370048046112e-02,-4.812981188297271729e-02,1.075409259647130966e-02,-7.856287062168121338e-02,2.677611261606216431e-02,-7.911181449890136719e-02,-2.101359218358993530e-01,1.608110368251800537e-01,-2.003588080406188965e-01,-1.319339126348495483e-01,2.123822830617427826e-02,1.094499677419662476e-01,-3.703996539115905762e-02,1.480033695697784424e-01,1.232376769185066223e-01,1.687322705984115601e-01,3.241899982094764709e-02,1.391620188951492310e-01,1.453495584428310394e-02,-9.457800537347793579e-02,6.713318079710006714e-02,1.079295650124549866e-01,-1.670114099979400635e-01,-1.317971348762512207e-01,-9.975361824035644531e-02,5.862372741103172302e-02,8.244307339191436768e-02,1.878616809844970703e-01,-2.693234682083129883e-01,2.399030700325965881e-02,2.094069682061672211e-02,-2.353983670473098755e-01,-1.045313253998756409e-01,-3.311350941658020020e-02,2.982578799128532410e-02
-6.456378102302551270e-02,-1.194983441382646561e-02,-1.187395900487899780e-01,-1.978596672415733337e-02,1.364598870277404785e-01,5.293516069650650024e-02,-1.771335452795028687e-01,-1.428780108690261841e-01,8.482015877962112427e-02,5.105422437191009521e-02,2.542240545153617859e-02,-1.275884062051773071e-01,-1.795884780585765839e-02,9.280323237180709839e-02,7.678191363811492920e-02,-1.036747246980667114e-01,-5.385315511375665665e-03,-3.560574352741241455e-02,-1.380174458026885986e-01,1.628396660089492798e-01,-5.028733611106872559e-02,-2.497972920536994934e-02,-2.881368435919284821e-02,1.185090467333793640e-01,-6.047911569476127625e-02,-1.330042332410812378e-01,7.271490991115570068e-02,-2.145423591136932373e-01,2.672117203474044800e-02,-3.046516776084899902e-01,-1.316334903240203857e-01,-7.117005065083503723e-03,-4.906760528683662415e-02,-2.111436575651168823e-01,-8.290644735097885132e-02,-6.958682835102081299e-02,6.792739778757095337e-02,1.158026307821273804e-01,5.193282663822174072e-02,-4.613866284489631653e-02,1.523565649986267090e-01,2.344688177108764648e-01,-9.569344669580459595e-02,2.299202680587768555e-01,2.214083261787891388e-02,-1.171560306102037430e-02,2.556873261928558350e-01,1.464055627584457397e-01,-6.280570477247238159e-02,1.981528997421264648e-01,-1.121275126934051514e-01,-7.183451950550079346e-02,-1.383835673332214355e-01,-1.039845049381256104e-01,7.064000517129898071e-02,-7.281596190296113491e-04,1.368439495563507080e-01,1.740617454051971436e-01,5.322174355387687683e-02,6.810376793146133423e-02,-1.363328285515308380e-02,-2.338968366384506226e-01,-1.705471724271774292e-01,-2.589276991784572601e-02,1.021136194467544556e-01,2.336777597665786743e-01,5.323742330074310303e-02,-9.812073409557342529e-02,-1.121864244341850281e-01,8.076266944408416748e-02,-1.347747892141342163e-01,-1.044510006904602051e-01,7.969404011964797974e-02,1.021195575594902039e-01,1.968898773193359375e-01,4.652394726872444153e-02,-1.676409244537353516e-01,8.773357421159744263e-02,1.111547350883483887e-01,-1.258328109979629517e-01,8.136277087032794952e-03,3.116368502378463745e-02,-2.674486935138702393e-01,7.381402701139450073e-02,-1.020861119031906128e-01,1.477989926934242249e-02,-1.364454180002212524e-01,-6.594445556402206421e-02,8.729806542396545410e-02,-2.522908896207809448e-02,3.224458172917366028e-02,1.152320057153701782e-01,1.612579971551895142e-01,-4.400404915213584900e-02,-1.306978315114974976e-01,4.694139957427978516e-02,1.772157661616802216e-02,1.739707402884960175e-02,-6.446758657693862915e-02,1.744385659694671631e-01,-1.157192438840866089e-01,9.679685533046722412e-02,8.458585292100906372e-02,1.202969178557395935e-01,6.391256302595138550e-02,-8.131492882966995239e-02,2.356709539890289307e-02,-2.735528722405433655e-02,1.676930114626884460e-02,1.402709335088729858e-01,-3.881700336933135986e-03,-5.388917773962020874e-02,3.880495578050613403e-02,2.558588236570358276e-02,1.331334412097930908e-01,-2.322659939527511597e-01,-1.475171148777008057e-01,7.738163322210311890e-02,1.090315952897071838e-01,4.795005172491073608e-02,-1.705932989716529846e-02,7.526381406933069229e-03,-8.311392739415168762e-03,-4.184602200984954834e-02,4.043388739228248596e-02,6.097482517361640930e-02,7.958295941352844238e-02,8.872064203023910522e-02,1.377578973770141602e-01,1.670415699481964111e-01,1.618980057537555695e-02,-9.101171046495437622e-02,-5.042582750320434570e-02,1.484532058238983154e-01,1.626786142587661743e-01,2.918206155300140381e-02,-1.243811659514904022e-02,8.852601051330566406e-02,6.320719420909881592e-02,-5.590244196355342865e-03,-3.520400822162628174e-02,5.095561221241950989e-02,4.756674170494079590e-03,-4.324698820710182190e-02,-1.065596044063568115e-01,-1.175530329346656799e-01,-6.274066120386123657e-02,2.011899463832378387e-02,-8.411326259374618530e-02,-5.939935520291328430e-02,-1.273302733898162842e-01,-1.476697921752929688e-01,6.885486096143722534e-02,8.903051167726516724e-02,-9.747130423784255981e-02,1.105142459273338318e-01,5.824520438909530640e-02,2.077370733022689819e-01,1.676459461450576782e-01,1.849405914545059204e-01,6.097427103668451309e-03,5.515739694237709045e-02,9.950450807809829712e-02,2.467472553253173828e-01,2.989705465734004974e-02,6.596891582012176514e-02,5.688648670911788940e-02,-3.328893566504120827e-03,-2.271996811032295227e-02,-3.797195618972182274e-03,8.071523159742355347e-02,2.867780029773712158e-01,-1.416233181953430176e-01,2.721808552742004395e-01,7.595578581094741821e-02,-3.673091530799865723e-02,5.646264180541038513e-02,-3.182774782180786133e-02,5.062009394168853760e-02,-9.355119615793228149e-02,1.491248160600662231e-01,-1.199385970830917358e-01,7.493053376674652100e-02
-5.190115571022033691e-01,2.241807132959365845e-01,6.351410597562789917e-02,-7.548532485961914062e-01,-5.432035326957702637e-01,-1.552904397249221802e-01,2.557160891592502594e-02,-2.380114495754241943e-01,-2.455821931362152100e-01,1.113351956009864807e-01,4.057142436504364014e-01,4.227516651153564453e-01,-3.485538661479949951e-01,-6.094626709818840027e-02,-3.418612182140350342e-01,-1.135262474417686462e-01,-4.869044944643974304e-02,-6.352700293064117432e-02,-5.409532785415649414e-01,-5.114333629608154297e-01,-2.342267185449600220e-01,-2.046838635578751564e-03,5.770951136946678162e-02,-2.772733569145202637e-01,-3.725301325321197510e-01,-5.061443895101547241e-02,1.788194291293621063e-03,5.355885624885559082e-01,5.087664723396301270e-01,2.628473639488220215e-01,1.489371806383132935e-01,2.230455130338668823e-01,2.682720422744750977e-01,1.955405473709106445e-01,-2.732039391994476318e-01,3.314225003123283386e-02,-1.193065419793128967e-01,-3.893691897392272949e-01,-1.036564484238624573e-01,-3.137054145336151123e-01,-4.735420942306518555e-01,1.603411696851253510e-02,-9.358136914670467377e-03,-1.902592182159423828e-01,2.105785310268402100e-01,4.520176723599433899e-02,-1.915344893932342529e-01,4.929668083786964417e-02,1.156301721930503845e-01,-1.334857940673828125e-01,-4.091737270355224609e-01,-2.021593600511550903e-01,-2.152491956949234009e-01,-2.540011107921600342e-01,-4.923453927040100098e-02,2.534088492393493652e-02,2.947135865688323975e-01,8.252478837966918945e-01,4.632674753665924072e-01,6.802147626876831055e-02,2.209710776805877686e-01,7.393749803304672241e-02,4.599446058273315430e-02,-1.257066521793603897e-02,4.000916332006454468e-02,-2.015689164400100708e-01,-5.261716246604919434e-01,-2.773370742797851562e-01,-8.241183161735534668e-01,-4.781516790390014648e-01,-3.509848415851593018e-01,-3.981758356094360352e-01,-3.472023904323577881e-01,-3.109560608863830566e-01,-2.290391027927398682e-01,-9.437456727027893066e-03,-1.304133683443069458e-01,-3.510983660817146301e-02,-1.364844739437103271e-01,-8.974658697843551636e-02,-1.875964254140853882e-01,-2.863795161247253418e-01,-2.523631453514099121e-01,-1.922663450241088867e-01,-4.685274064540863037e-01,-1.467715203762054443e-01,-1.953691095113754272e-01,3.274644166231155396e-02,5.914444103837013245e-02,8.037827163934707642e-02,6.539390236139297485e-02,1.132289618253707886e-01,2.404660582542419434e-01,1.364233642816543579e-01,2.175482213497161865e-01,-4.386194422841072083e-02,-1.311099622398614883e-02,8.664932101964950562e-02,4.351179301738739014e-02,-1.819399297237396240e-01,2.389812283217906952e-02,-1.178882196545600891e-01,-1.554885208606719971e-01,-1.489985035732388496e-03,1.020953282713890076e-01,2.003960907459259033e-01,1.466407030820846558e-01,-2.689011394977569580e-01,-1.461677104234695435e-01,1.746279895305633545e-01,1.341284485533833504e-03,-1.140855178236961365e-01,4.205174744129180908e-02,2.669158875942230225e-01,-8.321440219879150391e-02,1.349629312753677368e-01,2.572580054402351379e-02,-4.478672891855239868e-02,-9.842251241207122803e-02,-2.852624468505382538e-02,2.123637348413467407e-01,-5.882250517606735229e-02,-9.378802031278610229e-02,4.386847093701362610e-02,1.419351845979690552e-01,-7.819063961505889893e-02,3.859885409474372864e-02,2.050111293792724609e-01,-8.657292276620864868e-02,-5.532542243599891663e-02,-9.911751747131347656e-02,6.272816658020019531e-02,4.198683053255081177e-02,-1.070271804928779602e-01,7.940052449703216553e-02,6.832771003246307373e-02,-1.571475565433502197e-01,9.611806832253932953e-03,3.567152097821235657e-02,1.113995239138603210e-01,-4.802817851305007935e-02,5.905861780047416687e-02,8.920130133628845215e-02,-2.289041280746459961e-01,1.439813226461410522e-01,1.851644739508628845e-02,1.213511079549789429e-02,1.441470235586166382e-01,-1.305640488862991333e-01,6.603951007127761841e-02,7.560518383979797363e-02,-1.010072045028209686e-02,-1.343360543251037598e-01,-5.417798645794391632e-03,1.881750226020812988e-01,6.112989410758018494e-02,1.652643084526062012e-01,-8.937340974807739258e-02,-1.130941137671470642e-01,-9.214170277118682861e-02,-5.399239063262939453e-02,1.513417810201644897e-02,1.844654530286788940e-01,-2.748424187302589417e-02,-3.933228552341461182e-03,-1.060532853007316589e-01,-1.894727945327758789e-01,5.535586550831794739e-02,-4.009126126766204834e-02,1.376021932810544968e-02,5.884400010108947754e-02,-2.559452690184116364e-02,3.205813840031623840e-02,-4.501508176326751709e-02,-6.143366917967796326e-02,5.759585183113813400e-03,-9.587915241718292236e-02,-9.006581455469131470e-02,-4.870218411087989807e-02,3.934422042220830917e-03,-4.307555779814720154e-02,-1.116184145212173462e-01,4.917923361063003540e-02
-3.775216266512870789e-02,1.375891864299774170e-01,-2.031259983777999878e-02,5.150613840669393539e-03,1.091864630579948425e-01,1.952784955501556396e-01,1.363112926483154297e-01,1.322684437036514282e-01,-1.658093370497226715e-02,-7.397340983152389526e-02,2.413202263414859772e-02,-7.936476171016693115e-02,-1.403607875108718872e-01,1.533106062561273575e-02,8.506989479064941406e-02,3.085557557642459869e-02,2.008973434567451477e-02,9.812138974666595459e-02,-7.216860353946685791e-02,1.580729782581329346e-01,2.118367254734039307e-01,9.874498099088668823e-02,2.010237798094749451e-02,-4.649782553315162659e-02,-4.028498381376266479e-02,-6.887362152338027954e-02,-8.342172950506210327e-02,-1.348463594913482666e-01,1.095700263977050781e-01,1.146100275218486786e-02,6.107353419065475464e-02,-4.179989174008369446e-02,-8.246921747922897339e-02,-1.103209108114242554e-01,-1.189775988459587097e-01,-5.729322135448455811e-02,8.784677833318710327e-02,1.395997256040573120e-01,-1.135673224925994873e-01,5.407077819108963013e-02,7.279091328382492065e-02,7.844282686710357666e-02,1.517378538846969604e-01,-7.617946714162826538e-02,6.437969207763671875e-02,-1.214412525296211243e-01,1.434323936700820923e-01,1.265269219875335693e-01,5.576160177588462830e-02,4.901521373540163040e-03,4.849830269813537598e-02,-1.075174883008003235e-01,-8.712627738714218140e-02,1.041031554341316223e-01,2.350436002016067505e-01,5.966689437627792358e-02,1.096698194742202759e-01,2.145850658416748047e-02,-7.854466885328292847e-02,1.414116621017456055e-01,-5.021081492304801941e-02,1.721758544445037842e-01,9.439771994948387146e-03,9.974815696477890015e-02,1.295540779829025269e-01,1.257553547620773315e-01,2.265963517129421234e-02,9.208174305967986584e-04,-1.944616809487342834e-02,9.269556030631065369e-03,-8.590123057365417480e-02,7.957515120506286621e-02,-6.488668918609619141e-02,6.512437760829925537e-02,6.274508684873580933e-02,2.284267097711563110e-01,-1.548236757516860962e-01,4.442709684371948242e-02,1.542051881551742554e-01,-5.373416095972061157e-02,4.128806293010711670e-02,3.438588082790374756e-01,-2.763255126774311066e-02,4.032090306282043457e-02,2.451810836791992188e-01,4.347199574112892151e-02,9.989504516124725342e-02,-1.121078580617904663e-01,6.544755399227142334e-02,-1.410560756921768188e-01,-9.184490889310836792e-02,1.264406144618988037e-01,4.089568182826042175e-02,-9.770003706216812134e-02,-4.046459123492240906e-02,2.367590554058551788e-02,7.767872512340545654e-02,5.890185129828751087e-04,-2.300901561975479126e-01,2.232552170753479004e-01,-4.843644052743911743e-02,3.284235671162605286e-02,1.267202943563461304e-01,1.919639855623245239e-01,1.288074105978012085e-01,1.834398694336414337e-02,-1.192707121372222900e-01,1.436812728643417358e-01,7.417786866426467896e-02,-8.490530401468276978e-02,-6.662045419216156006e-02,-1.986484825611114502e-01,4.871953651309013367e-02,2.256317250430583954e-02,-1.082454174757003784e-01,-2.749732434749603271e-01,-8.054037392139434814e-02,1.417328715324401855e-01,-1.890980824828147888e-02,2.986123971641063690e-02,5.071474704891443253e-03,1.722172051668167114e-01,2.848352491855621338e-02,-2.087190933525562286e-02,-8.709026128053665161e-02,-2.131363190710544586e-02,-5.138596892356872559e-02,-3.788103163242340088e-02,7.373192906379699707e-02,-9.192257374525070190e-02,-2.507694065570831299e-02,6.497818976640701294e-02,-7.126128673553466797e-02,-1.367868483066558838e-01,9.442411363124847412e-02,8.101271092891693115e-02,1.891653537750244141e-01,-9.010788053274154663e-03,-4.455321654677391052e-02,1.225032210350036621e-01,-4.715860262513160706e-02,4.276490584015846252e-02,2.975091151893138885e-02,-9.886913001537322998e-02,-1.689039766788482666e-01,2.176390960812568665e-02,-2.695853589102625847e-03,-1.277543418109416962e-02,2.978087589144706726e-02,-9.912236034870147705e-02,8.558230847120285034e-02,1.170350797474384308e-02,-1.386790871620178223e-01,4.994521077605895698e-06,-8.498711138963699341e-02,2.572395503520965576e-01,4.362179432064294815e-03,5.570400878787040710e-02,1.089441869407892227e-02,-9.515871852636337280e-02,-4.860195517539978027e-02,-1.248582005500793457e-01,1.047645956277847290e-01,-1.602432429790496826e-01,-6.778633221983909607e-03,-2.309756726026535034e-02,-7.799069397151470184e-03,-1.704461872577667236e-02,-1.818828582763671875e-01,-6.028325879015028477e-04,-7.279221713542938232e-02,-1.153185218572616577e-01,1.811790168285369873e-01,-4.646527022123336792e-02,-3.726224228739738464e-02,1.587370038032531738e-02,-7.351594418287277222e-02,-1.362411975860595703e-01,-1.342790275812149048e-01,1.438901424407958984e-01,1.083656400442123413e-01,-1.629214435815811157e-01,3.009766107425093651e-03
1.619047373533248901e-01,-2.088022232055664062e-02,-8.679431676864624023e-02,-1.402783300727605820e-02,-8.368243277072906494e-02,-1.365340352058410645e-01,-4.616135358810424805e-02,-7.094873487949371338e-02,-8.733008988201618195e-03,-1.056090965867042542e-01,-1.896245181560516357e-01,-6.263928115367889404e-02,-1.091240569949150085e-01,2.127615362405776978e-01,4.617221653461456299e-02,1.857535094022750854e-01,6.872422248125076294e-02,-3.922945819795131683e-03,-1.105255559086799622e-01,-2.860436141490936279e-01,-2.510069012641906738e-01,-1.350394487380981445e-01,-4.767963290214538574e-01,6.355623155832290649e-02,-1.460327059030532837e-01,-2.464895546436309814e-01,-2.949282228946685791e-01,-5.838456377387046814e-02,2.801079489290714264e-02,-1.903233490884304047e-02,3.538942337036132812e-02,-1.122831478714942932e-01,-2.113434970378875732e-01,1.172648891806602478e-01,-1.478709727525711060e-01,1.153636202216148376e-01,1.920906305313110352e-01,2.427712976932525635e-01,1.753354668617248535e-01,4.407831653952598572e-02,2.860036790370941162e-01,9.408729523420333862e-02,-2.391738444566726685e-02,6.187835335731506348e-02,-2.987986430525779724e-02,4.836382716894149780e-02,-1.356686800718307495e-01,-2.927511185407638550e-02,-2.316205799579620361e-01,-6.378441303968429565e-02,-6.593446433544158936e-02,-9.552937000989913940e-02,1.668484359979629517e-01,3.786611258983612061e-01,4.754008054733276367e-01,3.123541176319122314e-01,5.114202499389648438e-01,7.019054889678955078e-01,7.184872627258300781e-01,3.612079322338104248e-01,5.999682471156120300e-02,-1.047999188303947449e-01,-6.090283393859863281e-02,-1.819694340229034424e-01,-9.113091230392456055e-02,6.276139616966247559e-02,-1.182480081915855408e-01,4.196566343307495117e-02,-1.908328942954540253e-02,-3.051592968404293060e-02,-8.241196721792221069e-02,-2.275737933814525604e-02,9.125296026468276978e-02,-6.635709665715694427e-03,1.251059472560882568e-01,1.177039667963981628e-01,1.263231970369815826e-02,8.716303855180740356e-02,3.114546090364456177e-02,1.069697216153144836e-01,1.847361326217651367e-01,5.725752934813499451e-02,1.316220015287399292e-01,-3.952686116099357605e-02,2.079094946384429932e-01,2.919741906225681305e-02,1.717636436223983765e-01,3.342185914516448975e-02,8.504961431026458740e-02,8.971425890922546387e-02,4.064454510807991028e-02,9.202747046947479248e-02,4.635016247630119324e-02,8.598252385854721069e-02,2.043451070785522461e-01,-5.854903254657983780e-03,-1.749303005635738373e-02,1.421160101890563965e-01,5.614572763442993164e-02,9.660970419645309448e-02,2.140626907348632812e-01,2.521197311580181122e-02,6.195546686649322510e-02,1.872965395450592041e-01,2.089858800172805786e-01,7.514034211635589600e-02,-1.552348211407661438e-02,5.035567656159400940e-02,-1.674157567322254181e-02,1.498810797929763794e-01,1.299103442579507828e-02,5.723239853978157043e-02,1.454040706157684326e-01,9.245102852582931519e-02,1.399656981229782104e-01,8.778919279575347900e-02,8.390419185161590576e-02,7.631234824657440186e-02,-3.640906512737274170e-02,1.201447658240795135e-02,1.920783519744873047e-01,8.271498978137969971e-02,7.332127541303634644e-02,-7.940113544464111328e-02,2.290175706148147583e-01,1.381708532571792603e-01,8.787909150123596191e-02,9.986996650695800781e-02,1.001966148614883423e-01,9.624658524990081787e-02,-9.995435923337936401e-02,1.462361216545104980e-01,6.989424675703048706e-02,1.720358431339263916e-02,4.102302342653274536e-02,1.495241224765777588e-01,-4.652297869324684143e-02,-2.567349560558795929e-02,6.641536206007003784e-02,-7.202500477433204651e-03,-3.879111260175704956e-02,1.459202021360397339e-01,7.278359681367874146e-02,1.983870416879653931e-01,8.461447805166244507e-02,1.344909667968750000e-01,2.542375326156616211e-01,1.427625864744186401e-01,3.920943941920995712e-03,3.391708433628082275e-02,5.092746391892433167e-02,1.681084930896759033e-01,1.403142362833023071e-01,-1.028854921460151672e-01,1.151579618453979492e-01,4.499429836869239807e-02,1.043105125427246094e-01,1.976867318153381348e-01,-8.635839074850082397e-02,-7.400857657194137573e-02,1.812737733125686646e-01,-7.550909370183944702e-02,3.703341260552406311e-02,4.931575385853648186e-04,-4.999810829758644104e-02,6.525927037000656128e-02,1.778913438320159912e-01,1.036716029047966003e-01,1.053330227732658386e-01,-3.949420154094696045e-02,1.417056918144226074e-01,1.629167646169662476e-01,1.208280846476554871e-01,4.589044302701950073e-02,4.013224039226770401e-03,1.225299984216690063e-01,1.137276515364646912e-01,-1.030366495251655579e-01,8.396337181329727173e-02,9.238815307617187500e-02,2.232740372419357300e-01,7.149665802717208862e-02,4.338733851909637451e-02
-1.787685155868530273e-01,-5.389590188860893250e-02,-7.985749095678329468e-02,1.665278570726513863e-03,-1.256818920373916626e-01,-3.580407798290252686e-02,2.992196008563041687e-02,1.368372887372970581e-01,-1.415182650089263916e-01,2.557496167719364166e-02,1.164881605654954910e-02,8.031615056097507477e-03,1.865662485361099243e-01,-4.714296385645866394e-02,-7.195950485765933990e-03,-1.795363612473011017e-02,-1.037885807454586029e-02,-2.942552976310253143e-02,4.632401466369628906e-02,-2.206987142562866211e-01,2.544907480478286743e-02,-2.006322517991065979e-02,8.721648156642913818e-02,-1.171825826168060303e-01,-4.271503910422325134e-02,-6.062342226505279541e-02,1.896085031330585480e-02,-6.458359956741333008e-02,-6.891656666994094849e-02,-1.184150427579879761e-01,-2.865142561495304108e-02,-1.684525161981582642e-01,2.324002981185913086e-01,-1.018212083727121353e-02,1.807156354188919067e-01,-1.096980273723602295e-01,2.116913348436355591e-01,-1.589462757110595703e-01,-4.663428291678428650e-03,8.607786893844604492e-02,2.384593486785888672e-01,1.016194149851799011e-01,1.235434710979461670e-01,9.040894359350204468e-02,6.775495130568742752e-03,-1.025806069374084473e-01,6.853587180376052856e-02,-6.922711431980133057e-02,1.188211590051651001e-01,-6.088798493146896362e-02,4.144318029284477234e-02,4.625523462891578674e-02,-4.078427329659461975e-02,1.900308998301625252e-04,-4.270303063094615936e-03,-1.406554728746414185e-01,-8.474855683743953705e-03,-6.529967486858367920e-02,-9.564711153507232666e-02,-2.832031846046447754e-01,1.417270004749298096e-01,1.305840611457824707e-01,1.167251765727996826e-01,1.188511028885841370e-02,-6.422544270753860474e-02,-1.873972080647945404e-02,-5.230354145169258118e-02,1.361578516662120819e-02,-3.596663475036621094e-02,-1.012212485074996948e-01,6.840722262859344482e-02,-2.073882520198822021e-02,1.831609010696411133e-01,-4.096159338951110840e-02,8.822396397590637207e-02,-1.667522937059402466e-01,5.979134514927864075e-02,-1.953746974468231201e-01,-8.440764248371124268e-02,2.810769081115722656e-01,-1.780337691307067871e-01,-2.263861149549484253e-01,1.013415083289146423e-01,9.368482232093811035e-02,7.470072805881500244e-02,-9.961371123790740967e-02,1.072666570544242859e-01,6.892258767038583755e-03,6.743660569190979004e-02,-5.433877184987068176e-02,5.004840716719627380e-02,1.497640460729598999e-01,-1.617430597543716431e-01,1.283191144466400146e-01,-3.040463030338287354e-01,1.112095043063163757e-01,-1.607414335012435913e-01,-5.763955041766166687e-02,-6.403050571680068970e-02,-1.169498860836029053e-01,1.249363124370574951e-01,-5.984000861644744873e-02,7.526498287916183472e-02,4.264133051037788391e-03,-1.164575740694999695e-01,4.724891111254692078e-02,6.998739391565322876e-02,-9.997404366731643677e-02,-3.349143266677856445e-02,2.177655696868896484e-02,-6.868443638086318970e-02,4.733385890722274780e-02,-1.235851347446441650e-01,3.713171929121017456e-02,-2.219329960644245148e-02,7.446905225515365601e-02,-7.598730921745300293e-02,1.978813856840133667e-02,1.387528628110885620e-01,8.391459286212921143e-02,-1.321522891521453857e-01,-9.159328043460845947e-02,-1.638229191303253174e-02,1.226014718413352966e-01,9.488467872142791748e-02,1.704255938529968262e-01,-4.758699610829353333e-02,-1.845877617597579956e-01,-8.531648665666580200e-03,1.709277974441647530e-03,2.080198675394058228e-01,-1.533667445182800293e-01,-4.030054435133934021e-02,5.041433125734329224e-02,2.500177919864654541e-02,-8.759368211030960083e-02,-3.997789695858955383e-02,2.766453661024570465e-02,-5.396979674696922302e-02,-5.206565186381340027e-02,1.688316650688648224e-02,1.076833531260490417e-01,-8.735124766826629639e-02,-1.587497293949127197e-01,5.900149792432785034e-02,-6.238717585802078247e-02,-2.938282489776611328e-02,4.536216729320585728e-04,-8.116777986288070679e-03,-8.275917172431945801e-02,-3.454092890024185181e-02,-2.455114014446735382e-02,-4.717739298939704895e-03,1.927876621484756470e-01,1.134404018521308899e-01,-1.992771327495574951e-01,-1.472098287194967270e-02,-1.060403659939765930e-01,-3.969501238316297531e-03,-1.417165100574493408e-01,-8.908437192440032959e-02,1.601445078849792480e-01,-1.048501115292310715e-03,-5.311724171042442322e-02,-4.141361638903617859e-02,9.327050298452377319e-02,1.458623632788658142e-02,2.598283439874649048e-02,-4.706517979502677917e-02,3.753220289945602417e-02,4.830025881528854370e-02,-3.952115774154663086e-02,-1.192144975066184998e-01,-2.493659965693950653e-02,-3.202161751687526703e-03,1.306668817996978760e-01,-8.102883398532867432e-02,-8.573982631787657738e-04,4.710018634796142578e-02,-2.265326678752899170e-01,5.449407175183296204e-02,-1.471063308417797089e-02,-1.988799124956130981e-01
1.105627790093421936e-01,-5.841755494475364685e-02,-5.330221727490425110e-02,-7.953503727912902832e-02,-1.832073479890823364e-01,-7.358662784099578857e-02,4.851148277521133423e-02,3.580201789736747742e-02,-9.741356223821640015e-02,-9.224960952997207642e-02,-1.434544567018747330e-02,-2.313710935413837433e-02,7.597777876071631908e-04,-1.956296116113662720e-01,4.413359984755516052e-02,3.743611276149749756e-02,-1.913261413574218750e-02,-7.404381781816482544e-02,-7.422753423452377319e-02,-1.056393142789602280e-02,4.220272600650787354e-02,2.603961154818534851e-02,-5.812841281294822693e-02,5.045132339000701904e-02,-1.235452294349670410e-01,-1.568622887134552002e-01,1.601453870534896851e-02,8.542237337678670883e-04,-1.300678309053182602e-02,-7.243990898132324219e-02,-3.466787189245223999e-02,-9.841258078813552856e-02,-6.016145274043083191e-02,2.965281251817941666e-03,9.391967207193374634e-03,-5.242085829377174377e-02,-5.837384983897209167e-02,-3.453000634908676147e-02,-1.554867029190063477e-01,3.214100003242492676e-02,1.054190322756767273e-01,-1.167575418949127197e-01,-2.138819098472595215e-01,-1.653466671705245972e-01,-2.798284031450748444e-02,-4.530220851302146912e-02,1.405665874481201172e-01,9.596264921128749847e-03,-2.015684694051742554e-01,-6.798153370618820190e-02,-8.530025929212570190e-02,9.158090502023696899e-02,8.626714348793029785e-02,-2.206621170043945312e-01,7.048768550157546997e-02,-5.862089991569519043e-02,2.690117247402667999e-02,-1.059462428092956543e-01,8.457892388105392456e-02,5.107483267784118652e-02,-9.687549620866775513e-02,1.149734407663345337e-01,-7.338684052228927612e-02,-1.000710800290107727e-01,5.269284918904304504e-02,1.232599988579750061e-01,-1.514330655336380005e-01,-1.241319030523300171e-01,1.993212848901748657e-01,-1.043700706213712692e-02,-8.376838266849517822e-02,3.872691467404365540e-02,5.185673385858535767e-02,1.631346940994262695e-01,-3.934060409665107727e-02,-2.250946164131164551e-01,1.310100704431533813e-01,2.164411693811416626e-01,-1.183644682168960571e-01,-8.736664801836013794e-02,3.372589359059929848e-03,-3.673031181097030640e-02,-2.160399109125137329e-01,6.969577819108963013e-02,1.690170727670192719e-02,7.180311530828475952e-02,8.166585117578506470e-03,4.660345148295164108e-03,-3.438468277454376221e-02,2.150988280773162842e-01,6.689994037151336670e-02,2.072831839323043823e-01,-7.441732287406921387e-02,-2.778216265141963959e-02,-2.884268760681152344e-02,-8.851633965969085693e-02,-1.036797091364860535e-01,-5.130526144057512283e-03,-6.100490316748619080e-02,8.820553123950958252e-02,-4.942760989069938660e-02,-5.725963413715362549e-02,-9.149653464555740356e-02,-8.680493384599685669e-02,-1.413291785866022110e-02,-8.835845440626144409e-02,-3.359684720635414124e-03,-1.278824172914028168e-02,1.161433011293411255e-01,1.569917947053909302e-01,-4.639787971973419189e-02,-7.406242191791534424e-02,1.616132110357284546e-01,3.179905191063880920e-02,-9.193599224090576172e-03,1.243331283330917358e-01,-7.985398173332214355e-02,-3.936233744025230408e-02,-1.551758944988250732e-01,-4.972616210579872131e-02,1.762514263391494751e-01,-5.228101834654808044e-02,-7.284902781248092651e-02,-1.227669138461351395e-02,6.579521112143993378e-03,-4.992421716451644897e-02,-1.892378181219100952e-02,-1.920084357261657715e-01,-3.977533429861068726e-02,1.018905639648437500e-01,-9.264905750751495361e-02,-2.855021320283412933e-02,2.835183776915073395e-02,-1.881869323551654816e-02,-4.717294126749038696e-02,-1.968470402061939240e-02,4.216089844703674316e-02,3.703547269105911255e-02,-7.288980484008789062e-02,6.523926556110382080e-02,7.353538181632757187e-03,-1.595543175935745239e-01,-2.052982300519943237e-01,3.073307126760482788e-02,-8.998094499111175537e-02,7.417270541191101074e-02,-2.003412693738937378e-02,7.439327239990234375e-02,-1.418301165103912354e-01,-5.487074702978134155e-02,-7.621314376592636108e-02,6.550132483243942261e-02,1.383383870124816895e-01,7.663207501173019409e-02,-2.089021541178226471e-02,-5.751891061663627625e-02,4.060208797454833984e-02,1.354628801345825195e-01,-2.265376746654510498e-01,-2.062567695975303650e-02,1.284581720829010010e-01,-1.056350544095039368e-01,-7.336168736219406128e-02,-1.315704267472028732e-02,-1.927107572555541992e-03,1.375978812575340271e-02,6.044204533100128174e-02,6.581877171993255615e-02,-3.517732722684741020e-03,-3.415482491254806519e-02,5.834882706403732300e-02,1.641811989247798920e-02,-6.336327642202377319e-02,4.657099395990371704e-02,-2.286667376756668091e-02,1.663381308317184448e-01,1.395954787731170654e-01,1.050344109535217285e-02,-5.483867973089218140e-02,2.523126080632209778e-03,-8.326827734708786011e-02,3.102619946002960205e-02,-1.369088441133499146e-01
-1.528391987085342407e-01,-2.312636077404022217e-01,-1.746319048106670380e-02,-2.090245336294174194e-01,-5.201555415987968445e-02,4.232206940650939941e-02,-6.570142507553100586e-02,5.587663128972053528e-02,2.941574715077877045e-02,-1.231144890189170837e-01,1.265133321285247803e-01,1.513882279396057129e-01,7.622116059064865112e-02,-1.517185755074024200e-02,-3.878777846693992615e-02,6.429141759872436523e-02,-3.436548262834548950e-02,-1.538386046886444092e-01,1.524992287158966064e-01,6.243421882390975952e-02,6.279350817203521729e-02,1.782251596450805664e-01,8.647955954074859619e-02,-1.422925442457199097e-01,-5.861569568514823914e-02,9.309460222721099854e-02,6.084740161895751953e-02,2.138071507215499878e-01,4.834064468741416931e-02,6.008143350481987000e-02,-6.947350222617387772e-03,-1.632622070610523224e-02,1.530185043811798096e-01,-1.985704293474555016e-03,9.923380613327026367e-02,-1.721416860818862915e-01,1.933091133832931519e-01,2.185854017734527588e-01,1.415056586265563965e-01,-4.093082249164581299e-02,6.457041949033737183e-02,-1.459675878286361694e-01,-6.530336290597915649e-02,-2.051465213298797607e-02,-3.835970908403396606e-02,3.820049809291958809e-03,3.729334101080894470e-02,1.089276149868965149e-01,-3.751790896058082581e-02,-5.200913548469543457e-02,-8.073405176401138306e-02,2.322180382907390594e-02,6.286748498678207397e-02,4.569508135318756104e-02,-1.172623112797737122e-01,7.565098255872726440e-02,1.285150274634361267e-02,-8.870518207550048828e-02,1.017382927238941193e-02,6.300112605094909668e-02,2.279442846775054932e-01,3.030648641288280487e-02,-2.239311337471008301e-01,-1.658579558134078979e-01,-1.192708462476730347e-01,-1.022592186927795410e-01,-2.566835582256317139e-01,2.560906857252120972e-02,-4.924568347632884979e-03,-6.769074499607086182e-02,-1.411327123641967773e-01,-1.023173108696937561e-01,-3.702874183654785156e-01,-3.737535700201988220e-02,1.751929968595504761e-01,-1.625704914331436157e-01,-1.976097226142883301e-01,1.165869086980819702e-01,-1.321133673191070557e-01,-1.563731580972671509e-01,-3.523987159132957458e-02,-5.414327234029769897e-02,1.241405587643384933e-02,-9.755197912454605103e-03,1.377394050359725952e-01,-1.413716673851013184e-01,-5.317057296633720398e-02,5.929189175367355347e-02,9.904534369707107544e-02,-8.739195764064788818e-02,-6.259244680404663086e-02,5.390357971191406250e-02,-3.144765645265579224e-02,1.602308601140975952e-01,6.584171205759048462e-03,4.347113519906997681e-02,7.553711999207735062e-03,1.462216377258300781e-01,-1.644983589649200439e-01,-3.264271095395088196e-02,-1.081025972962379456e-01,4.475829657167196274e-03,-1.247687041759490967e-01,3.799483552575111389e-02,8.804748207330703735e-02,1.425514668226242065e-01,2.265240065753459930e-03,-1.788389980792999268e-01,-3.640687558799982071e-03,1.373463124036788940e-01,-1.168353632092475891e-01,-2.601953968405723572e-02,-1.029300875961780548e-02,-5.742063000798225403e-02,8.148818463087081909e-02,1.438207477331161499e-01,-9.453484416007995605e-02,-6.487491726875305176e-02,9.550032019615173340e-02,-2.701890096068382263e-02,5.925313383340835571e-02,-2.702049165964126587e-02,-1.529853194952011108e-01,-6.847765296697616577e-02,-1.207997053861618042e-01,-2.506274282932281494e-01,1.936341077089309692e-01,-6.445562466979026794e-04,1.511204801499843597e-02,5.748360604047775269e-02,6.293985992670059204e-02,9.040380269289016724e-02,4.755836725234985352e-02,-9.773978590965270996e-02,1.281946599483489990e-01,-1.055904775857925415e-01,-2.419168651103973389e-01,-1.732991486787796021e-01,1.219022348523139954e-01,-6.748660653829574585e-02,-1.658951640129089355e-01,-1.372911930084228516e-01,2.131062559783458710e-02,-8.044735342264175415e-02,-1.529794558882713318e-02,1.653350442647933960e-01,1.154450923204421997e-01,4.465925972908735275e-03,1.345371361821889877e-02,-5.155096296221017838e-03,-2.969661355018615723e-01,-1.537805702537298203e-02,2.711870521306991577e-02,-1.591303944587707520e-01,9.523766487836837769e-02,4.710565879940986633e-02,-4.787817224860191345e-02,-1.935532242059707642e-01,5.403793975710868835e-02,-7.574134320020675659e-02,1.220740526914596558e-01,-2.466371804475784302e-01,-9.024366736412048340e-02,2.578169293701648712e-02,-3.733517974615097046e-02,-5.607438832521438599e-02,1.356601808220148087e-02,-1.246483549475669861e-01,-8.557324111461639404e-02,3.104606270790100098e-02,5.641610920429229736e-02,-7.785335183143615723e-02,-1.710748225450515747e-01,1.572744734585285187e-02,5.431488528847694397e-02,1.374070495367050171e-01,-6.901080161333084106e-02,1.455889642238616943e-01,-3.500040838844142854e-05,-1.418307125568389893e-01,-2.052571810781955719e-02,6.003337725996971130e-02,-3.936209902167320251e-02
1.487100720405578613e-01,7.169862836599349976e-02,2.559822797775268555e-02,2.669491805136203766e-02,3.114692308008670807e-02,-1.413804758340120316e-02,-8.050980418920516968e-02,-1.177379190921783447e-01,-1.284304913133382797e-02,-2.071480453014373779e-01,-2.263463474810123444e-02,-2.474966049194335938e-01,1.847586035728454590e-01,-7.432232797145843506e-02,-6.195670366287231445e-02,-1.380818635225296021e-01,2.152336202561855316e-02,1.456279307603836060e-01,-2.145251445472240448e-02,-5.835941433906555176e-02,1.542836129665374756e-01,-1.041276380419731140e-01,-1.092820540070533752e-01,-2.349961996078491211e-01,1.470533907413482666e-01,-1.783024817705154419e-01,-9.295815974473953247e-02,2.099527716636657715e-01,-3.232275135815143585e-03,9.533064439892768860e-03,-4.275065660476684570e-02,-5.763864610344171524e-03,1.549341529607772827e-01,2.029211223125457764e-01,-2.416192292002961040e-04,1.452710181474685669e-01,-1.051406711339950562e-01,-3.231012821197509766e-02,1.268655210733413696e-01,6.679507344961166382e-02,-9.382600337266921997e-02,-4.212133586406707764e-02,-6.455776095390319824e-02,8.130529895424842834e-03,-1.179318130016326904e-02,-7.842178642749786377e-02,-8.580074459314346313e-02,-7.248330861330032349e-03,7.445282489061355591e-02,8.831587433815002441e-02,2.179157920181751251e-02,4.085560888051986694e-02,-3.856254369020462036e-02,2.998405508697032928e-02,1.326940953731536865e-01,1.731549203395843506e-01,-1.541008502244949341e-01,9.399519860744476318e-02,-9.359539486467838287e-03,1.897134035825729370e-01,-3.932197764515876770e-02,1.357396095991134644e-01,2.861400321125984192e-02,-1.205153241753578186e-01,7.320236414670944214e-02,8.952908962965011597e-02,-1.019802317023277283e-01,5.334664601832628250e-03,-2.154352376237511635e-03,1.062977612018585205e-01,1.012528166174888611e-01,5.210358276963233948e-02,1.589962691068649292e-01,-4.648845642805099487e-03,2.368768490850925446e-02,4.200004786252975464e-02,2.539621852338314056e-02,1.365895718336105347e-01,8.363879472017288208e-02,-1.354901343584060669e-01,4.362277686595916748e-03,-7.860950380563735962e-02,5.592074245214462280e-02,5.184252932667732239e-02,-5.100713670253753662e-02,5.879029259085655212e-02,-1.639926582574844360e-01,1.425789743661880493e-01,-1.759587973356246948e-01,7.683018338866531849e-04,-1.919828206300735474e-01,-2.448405511677265167e-02,-3.876311704516410828e-02,-5.321377422660589218e-03,1.538613718003034592e-02,4.627889022231101990e-02,-1.387903094291687012e-01,-9.035158902406692505e-02,-9.459262341260910034e-02,3.030582889914512634e-02,5.083494633436203003e-02,2.309863418340682983e-01,9.548567235469818115e-02,-2.356457337737083435e-02,5.675253644585609436e-02,-8.136966079473495483e-02,5.294062942266464233e-02,-1.865405291318893433e-01,-1.341056227684020996e-01,-2.272180169820785522e-01,-6.153186410665512085e-02,-1.111758649349212646e-01,5.175271630287170410e-02,-3.411024063825607300e-02,-2.873134985566139221e-02,8.941327035427093506e-02,-6.963130831718444824e-02,-1.859074085950851440e-02,4.075829684734344482e-02,9.523928165435791016e-02,-2.190934866666793823e-02,1.949967145919799805e-01,-2.148128002882003784e-01,-1.214528009295463562e-01,-1.094439774751663208e-01,2.013634443283081055e-01,-1.476842164993286133e-01,3.992207348346710205e-02,4.544933885335922241e-02,1.328884810209274292e-01,-4.735608771443367004e-02,-1.623009294271469116e-01,-5.464891344308853149e-02,-7.068619132041931152e-02,-1.288277283310890198e-02,2.276611141860485077e-02,-7.952897250652313232e-02,-3.901855647563934326e-02,-1.113975644111633301e-01,-1.691378355026245117e-01,-7.074294984340667725e-02,1.074258536100387573e-01,-1.387220919132232666e-01,7.031944114714860916e-03,1.233651936054229736e-01,-1.902158558368682861e-01,7.203744724392890930e-03,-8.859297260642051697e-03,-3.868310712277889252e-03,8.500655740499496460e-02,-9.870966896414756775e-03,-2.250729501247406006e-02,9.062445908784866333e-02,-9.465002268552780151e-02,1.424635052680969238e-01,3.764692693948745728e-02,-6.220730487257242203e-03,2.625560015439987183e-02,8.751189708709716797e-02,-1.092964783310890198e-02,-9.933874942362308502e-03,-3.419101983308792114e-02,-8.416510373353958130e-02,4.313787817955017090e-02,1.348719596862792969e-01,-9.888201206922531128e-02,5.434952676296234131e-02,-1.866758167743682861e-01,-2.459125369787216187e-01,1.007819622755050659e-01,-3.543764469213783741e-04,1.176359429955482483e-01,-7.464642077684402466e-02,1.031480878591537476e-01,-1.070273201912641525e-02,-9.031680971384048462e-02,1.046894565224647522e-01,1.924697309732437134e-02,-8.901573717594146729e-02,9.294119477272033691e-02,4.461249709129333496e-02,-2.040084153413772583e-01,-1.495654582977294922e-01
-1.667798012495040894e-01,-4.102218449115753174e-01,-3.159965872764587402e-01,-4.033971950411796570e-02,-5.610993131995201111e-02,1.892431974411010742e-01,-2.516644895076751709e-01,-3.459282517433166504e-01,-1.491019874811172485e-01,5.848561227321624756e-02,7.715593278408050537e-02,2.959381639957427979e-01,1.931645721197128296e-02,2.992603555321693420e-02,-1.998925209045410156e-02,1.673719435930252075e-01,-1.031301394104957581e-01,1.205566227436065674e-01,7.283143699169158936e-02,-2.770580537617206573e-02,-3.686013817787170410e-02,3.138734996318817139e-01,1.615894883871078491e-01,-2.454025670886039734e-02,-2.197565138339996338e-01,-1.927871257066726685e-01,-1.943618208169937134e-01,-9.186276793479919434e-02,-5.192169919610023499e-02,-8.119300752878189087e-02,6.604861468076705933e-02,-9.765694849193096161e-03,1.576071046292781830e-02,-1.614700257778167725e-02,-2.689141780138015747e-02,8.685836941003799438e-02,-4.498283192515373230e-02,1.254425793886184692e-01,2.524124681949615479e-01,7.341412454843521118e-02,-3.680593892931938171e-02,-1.756954789161682129e-01,-2.335673756897449493e-02,-4.914383217692375183e-02,-1.682315468788146973e-01,-4.848452657461166382e-02,-1.583884656429290771e-01,-1.432415395975112915e-01,-1.299933195114135742e-01,-1.282253265380859375e-01,3.002572804689407349e-02,1.444995850324630737e-01,6.697333604097366333e-02,8.870011568069458008e-02,3.088198304176330566e-01,1.225035190582275391e-01,-2.384033985435962677e-02,5.488098412752151489e-02,2.466630190610885620e-01,-1.747821271419525146e-01,-1.756061464548110962e-01,1.620596498250961304e-01,-1.458695679903030396e-01,6.450209021568298340e-02,-3.371646627783775330e-02,-1.232598796486854553e-01,1.595339737832546234e-02,-9.668637812137603760e-02,-1.588748246431350708e-01,-7.386969868093729019e-03,-1.248117387294769287e-01,-1.327043026685714722e-01,-1.939101070165634155e-01,-7.425934076309204102e-02,2.201953530311584473e-02,-1.165136545896530151e-01,4.397603869438171387e-02,-4.748586565256118774e-02,-3.002915903925895691e-02,1.366655677556991577e-01,-2.514724135398864746e-01,1.619684547185897827e-01,6.047623697668313980e-03,-1.283329129219055176e-01,-9.330607950687408447e-02,-1.056158393621444702e-01,8.999711275100708008e-02,1.772595345973968506e-01,7.521505653858184814e-02,-1.428120285272598267e-01,-1.695214211940765381e-01,-9.527615457773208618e-02,-1.279857009649276733e-01,-6.310277432203292847e-02,-1.977823078632354736e-01,-1.599467098712921143e-01,4.611061513423919678e-02,-1.035771742463111877e-01,-1.403686404228210449e-01,-1.041137203574180603e-01,-8.513201028108596802e-02,-2.482330799102783203e-01,-2.774012684822082520e-01,-1.899468153715133667e-01,-2.806809246540069580e-01,-1.614994406700134277e-01,-2.916763126850128174e-01,-1.652669012546539307e-01,-3.375421166419982910e-01,-1.665300428867340088e-01,-3.363919854164123535e-01,-1.223632246255874634e-01,2.172542735934257507e-02,-1.277084462344646454e-02,-2.886131107807159424e-01,4.598370566964149475e-02,-4.939748346805572510e-02,-2.001443356275558472e-01,6.771352142095565796e-02,-2.850294113159179688e-02,-1.981167197227478027e-01,-1.231425106525421143e-01,-4.857683554291725159e-02,1.160632297396659851e-01,-5.496241617947816849e-03,2.203718759119510651e-02,-4.166580364108085632e-02,1.624819263815879822e-02,-1.099631041288375854e-01,1.638495922088623047e-02,5.836779018864035606e-04,-2.608797885477542877e-02,1.403582692146301270e-01,-1.346140913665294647e-02,-2.092260271310806274e-01,1.172596588730812073e-02,-3.470451012253761292e-02,-1.770562976598739624e-01,-1.138591244816780090e-01,1.071988884359598160e-02,5.341826379299163818e-02,1.490276679396629333e-02,2.392768301069736481e-02,-1.340922340750694275e-02,-9.445386379957199097e-02,4.565510526299476624e-02,9.047533571720123291e-02,4.308091476559638977e-02,-1.373468339443206787e-02,6.936595588922500610e-02,-5.520902946591377258e-02,5.486340820789337158e-02,2.789508923888206482e-02,5.386850610375404358e-02,1.100445762276649475e-01,1.182710751891136169e-01,1.830389052629470825e-01,2.998940832912921906e-02,-2.946852520108222961e-02,-1.006465703248977661e-01,-1.597239449620246887e-02,1.267270743846893311e-01,-8.776587247848510742e-02,-1.046930551528930664e-01,-4.254730790853500366e-02,-1.944730728864669800e-01,3.431154880672693253e-03,-4.730556160211563110e-03,6.216507777571678162e-02,-2.302976995706558228e-01,-7.194145023822784424e-02,-1.158024072647094727e-01,1.764702051877975464e-02,3.511398285627365112e-02,1.142654661089181900e-02,-1.161974444985389709e-01,4.797498136758804321e-02,-1.100475490093231201e-01,1.962586045265197754e-01,5.252346023917198181e-02,-3.756370395421981812e-02,-5.599920451641082764e-02,-1.391132324934005737e-01
-1.392305344343185425e-01,1.211027055978775024e-01,-6.170865148305892944e-03,9.545549750328063965e-02,1.252438277006149292e-01,-1.150198876857757568e-01,8.418859541416168213e-02,1.097187697887420654e-01,2.543071806430816650e-01,3.968269377946853638e-02,1.625789403915405273e-01,8.383577316999435425e-02,-5.169383808970451355e-02,2.690008841454982758e-02,-1.576962321996688843e-01,5.544076114892959595e-02,5.913998559117317200e-02,-6.773938983678817749e-02,-1.013006120920181274e-01,-1.381033565849065781e-02,-9.708541445434093475e-03,6.078798323869705200e-02,-1.575980037450790405e-01,-7.464758306741714478e-02,-1.606725007295608521e-01,-1.290391236543655396e-01,2.060684710741043091e-01,1.621765047311782837e-01,1.823599338531494141e-01,8.759217709302902222e-02,-3.826062195003032684e-03,7.256256788969039917e-02,-1.278333179652690887e-02,1.395553350448608398e-01,6.332290172576904297e-02,1.709633693099021912e-02,1.755876541137695312e-01,-1.313256621360778809e-01,-1.232690177857875824e-02,7.260958105325698853e-02,-1.202631928026676178e-02,-1.726881116628646851e-01,4.418002441525459290e-02,-1.956650055944919586e-02,5.066572874784469604e-02,8.663217723369598389e-02,-2.821912765502929688e-01,2.833700366318225861e-02,1.364784538745880127e-01,1.066606640815734863e-01,-3.033154271543025970e-02,-1.773166954517364502e-01,-2.278456650674343109e-02,-3.506003022193908691e-01,-1.700812876224517822e-01,-6.707733124494552612e-02,-1.274843364953994751e-01,1.313229203224182129e-01,-1.046078056097030640e-01,-1.573069095611572266e-01,5.491809453815221786e-03,3.016837127506732941e-02,4.571747966110706329e-03,-1.300797797739505768e-02,-1.362920403480529785e-01,-4.120723903179168701e-02,-1.446442902088165283e-01,-1.593643128871917725e-01,-6.493455171585083008e-02,-4.908447340130805969e-02,1.629182398319244385e-01,-3.469735011458396912e-02,5.658353329636156559e-04,-1.347042527049779892e-02,4.736615717411041260e-02,4.679104313254356384e-02,8.965223282575607300e-02,-3.870579972863197327e-02,2.911425195634365082e-02,-1.335197240114212036e-01,4.649450257420539856e-02,-7.438872754573822021e-02,-1.487735062837600708e-01,3.471779404208064079e-03,3.797747567296028137e-02,-1.313946023583412170e-02,-9.245607070624828339e-03,2.688791602849960327e-03,1.427682787179946899e-01,-1.285021286457777023e-02,8.173099160194396973e-02,2.096206694841384888e-01,-4.569751769304275513e-02,4.174761474132537842e-02,-6.032336503267288208e-02,3.830369561910629272e-02,-1.182136163115501404e-01,-1.340140937827527523e-03,-1.156484428793191910e-02,-8.579680323600769043e-02,-1.171213909983634949e-01,4.800359532237052917e-02,3.856057301163673401e-02,7.430788129568099976e-02,-5.523146688938140869e-02,2.324297837913036346e-02,-9.874214977025985718e-02,1.216062065213918686e-02,2.453522942960262299e-02,1.823345869779586792e-01,6.207863613963127136e-02,-1.060407012701034546e-01,-1.331291496753692627e-01,-2.392579987645149231e-02,1.010063737630844116e-01,1.253141462802886963e-01,6.823089718818664551e-02,9.024178236722946167e-02,-1.020870208740234375e-01,2.041347473859786987e-01,5.206232517957687378e-02,4.016343876719474792e-02,6.387960165739059448e-03,-7.434046268463134766e-02,8.677989244461059570e-02,6.686298549175262451e-02,2.798386104404926300e-02,1.831759512424468994e-02,6.556746666319668293e-04,5.232425779104232788e-02,-8.548676222562789917e-02,1.154625788331031799e-01,-9.133718907833099365e-02,-4.891966655850410461e-02,-1.563551127910614014e-01,4.684791713953018188e-02,-6.126360967755317688e-02,-1.352205723524093628e-01,2.371486574411392212e-01,-4.722351580858230591e-02,-7.503233850002288818e-02,-2.933997847139835358e-02,-1.515749245882034302e-01,-2.233773320913314819e-01,5.540948361158370972e-03,1.260110288858413696e-01,-6.981728225946426392e-02,-1.190750002861022949e-01,5.316141247749328613e-02,1.561359018087387085e-01,4.795105010271072388e-02,-8.444934338331222534e-02,-1.738374382257461548e-01,4.769512638449668884e-02,-1.245457492768764496e-02,-1.972278580069541931e-02,-5.227965116500854492e-02,5.018961802124977112e-02,7.663987576961517334e-02,2.871380001306533813e-02,5.112709943205118179e-03,1.882357895374298096e-01,-1.554427593946456909e-01,3.793920576572418213e-02,1.455290019512176514e-01,-2.628531306982040405e-02,-5.474401637911796570e-02,-7.065679132938385010e-02,6.979925185441970825e-02,1.355105787515640259e-01,-5.747777409851551056e-03,-3.616753593087196350e-02,2.420374602079391479e-01,1.042227894067764282e-01,-8.308412879705429077e-02,3.918598592281341553e-02,2.846827171742916107e-02,-1.131970658898353577e-01,-5.177161190658807755e-03,4.582019988447427750e-03,7.046174257993698120e-02,1.932471059262752533e-02,8.452533930540084839e-02
-1.023957412689924240e-02,-8.376388251781463623e-02,4.623047262430191040e-02,1.011337414383888245e-01,6.371190398931503296e-02,-2.576600573956966400e-02,-6.577539443969726562e-02,-7.265701144933700562e-02,1.316075921058654785e-01,-7.738607469946146011e-03,-1.757152229547500610e-01,2.071560174226760864e-01,-6.050982326269149780e-02,-4.448263347148895264e-02,-2.178156524896621704e-01,-6.979978829622268677e-02,-4.041667282581329346e-02,4.717690404504537582e-03,-1.457780450582504272e-01,-1.679551154375076294e-01,-7.699111104011535645e-02,5.596930533647537231e-02,-2.243003994226455688e-01,4.390040040016174316e-02,-1.977238059043884277e-01,-9.605807252228260040e-03,-8.927555382251739502e-02,-8.860387653112411499e-02,-4.887891188263893127e-02,4.938176646828651428e-02,5.673223733901977539e-02,4.867345839738845825e-02,-1.472753584384918213e-01,1.094352379441261292e-01,-9.009406715631484985e-02,-3.645931929349899292e-02,-9.669838100671768188e-02,2.375678531825542450e-02,1.270612627267837524e-01,1.951431035995483398e-01,1.100486218929290771e-01,-4.583632573485374451e-02,4.050708562135696411e-02,-1.319455206394195557e-01,-2.226475998759269714e-02,-2.246400527656078339e-02,-1.000311598181724548e-01,7.063298672437667847e-02,-1.558255255222320557e-01,-4.783738777041435242e-02,-3.219826519489288330e-02,-3.960281237959861755e-02,4.854284971952438354e-02,-6.090273335576057434e-02,-3.711960464715957642e-02,-1.847312003374099731e-01,-3.281496092677116394e-02,-2.160290777683258057e-01,-1.752661317586898804e-01,-1.982479989528656006e-01,1.166066452860832214e-01,1.297985464334487915e-01,4.981281608343124390e-02,1.019008085131645203e-02,-7.377868890762329102e-02,-7.787785679101943970e-02,5.083280056715011597e-02,-1.179823502898216248e-01,-1.038415282964706421e-01,2.169624865055084229e-01,4.791601002216339111e-02,-9.386099874973297119e-02,3.456905484199523926e-02,8.760023117065429688e-02,8.828221261501312256e-02,-6.859745085239410400e-02,-1.374119706451892853e-02,1.541679948568344116e-01,2.257851064205169678e-01,1.184420958161354065e-01,2.031228505074977875e-02,-1.014822162687778473e-02,-3.509539365768432617e-02,6.765864044427871704e-02,-1.326420754194259644e-01,-1.603411734104156494e-01,-7.427153177559375763e-03,-9.053940325975418091e-02,2.786898799240589142e-02,1.411701887845993042e-01,-2.016003429889678955e-01,4.153115674853324890e-02,7.980056852102279663e-02,-6.795776076614856720e-03,-8.251465857028961182e-02,-3.830873966217041016e-02,-7.813167758285999298e-03,1.146291047334671021e-01,-1.277389824390411377e-01,9.531108662486076355e-03,1.346806734800338745e-01,-3.684022277593612671e-02,1.800471842288970947e-01,-1.206649839878082275e-02,-1.410953402519226074e-01,1.248928681015968323e-01,2.245908975601196289e-01,1.779219508171081543e-01,2.539678663015365601e-02,7.365413755178451538e-02,-4.132895544171333313e-02,1.402008384466171265e-01,-1.204853057861328125e-01,-5.311002582311630249e-02,1.069072782993316650e-01,5.973252281546592712e-02,1.101361401379108429e-02,6.640370190143585205e-02,7.199336588382720947e-02,-1.061307191848754883e-01,-8.516550995409488678e-03,-2.089052647352218628e-02,-4.958397150039672852e-02,7.449641823768615723e-02,5.482679605484008789e-02,7.089857943356037140e-03,5.305516999214887619e-03,-5.928203091025352478e-02,-1.054394897073507309e-02,-9.823812544345855713e-02,5.004794523119926453e-02,5.299926269799470901e-03,-6.511265784502029419e-02,1.428679749369621277e-02,5.725901201367378235e-02,-3.609952330589294434e-02,2.048941850662231445e-01,-4.403831437230110168e-02,-5.109016969799995422e-02,-3.248140215873718262e-02,7.829378545284271240e-02,-4.191399365663528442e-02,4.118633642792701721e-02,5.532774329185485840e-02,5.935760587453842163e-02,-2.624696306884288788e-02,2.073827981948852539e-01,1.040765643119812012e-01,1.271738409996032715e-01,1.629863232374191284e-01,-8.812424540519714355e-02,-1.254414021968841553e-01,-6.991607695817947388e-02,1.645650565624237061e-01,7.047617435455322266e-02,2.879388928413391113e-01,9.288010001182556152e-02,-5.622849985957145691e-02,-4.442921653389930725e-02,-1.139137744903564453e-01,7.685720920562744141e-02,-1.849778927862644196e-02,-8.586511760950088501e-02,-2.236821949481964111e-01,-6.471735984086990356e-02,3.643879294395446777e-02,6.063494458794593811e-02,-5.117627233266830444e-02,-3.626578301191329956e-02,8.242251724004745483e-02,8.173892647027969360e-02,-7.107876986265182495e-02,6.557103246450424194e-02,6.148194894194602966e-03,-1.869021542370319366e-02,1.984820961952209473e-01,2.881825268268585205e-01,7.701316382735967636e-03,1.646614968776702881e-01,3.524054586887359619e-02,-1.157590895891189575e-01,2.591989375650882721e-02,9.367410093545913696e-02
5.027919262647628784e-02,1.800579130649566650e-01,2.746172249317169189e-01,1.657181680202484131e-01,5.365965142846107483e-02,4.323304072022438049e-02,1.238660886883735657e-02,-4.455803707242012024e-02,2.336625009775161743e-01,1.743665635585784912e-01,3.208165615797042847e-02,-8.676023036241531372e-02,-1.950998902320861816e-01,2.173930220305919647e-02,1.003978773951530457e-01,3.463853150606155396e-02,1.741062402725219727e-01,9.512229263782501221e-02,1.450709998607635498e-01,9.573649615049362183e-02,2.459917683154344559e-03,3.672089800238609314e-02,5.157766491174697876e-02,-3.944173222407698631e-04,-3.034774772822856903e-02,-1.182810813188552856e-01,-1.616182476282119751e-01,-2.392204105854034424e-01,9.927673637866973877e-02,1.603318005800247192e-01,-7.137422263622283936e-02,1.065365076065063477e-01,2.012449353933334351e-01,1.951430886983871460e-01,8.739329874515533447e-02,1.228062435984611511e-01,1.609211564064025879e-01,3.106186389923095703e-01,2.445563673973083496e-01,1.339751631021499634e-01,2.111683636903762817e-01,1.685160100460052490e-01,3.222030773758888245e-02,-1.454623341560363770e-01,-1.727712601423263550e-01,-2.548635303974151611e-01,-2.103586643934249878e-01,-2.972598373889923096e-01,-4.822699427604675293e-01,-4.594605863094329834e-01,-3.501712679862976074e-01,-1.146889701485633850e-01,1.874570846557617188e-01,3.560514003038406372e-02,9.287688881158828735e-02,4.339807629585266113e-01,4.207786321640014648e-01,3.154458105564117432e-01,-2.144187688827514648e-02,-8.508437126874923706e-02,-2.669946551322937012e-01,-1.264644265174865723e-01,2.779734730720520020e-01,1.155361086130142212e-01,-1.621305942535400391e-01,-3.269595801830291748e-01,-3.031606972217559814e-01,-1.576011925935745239e-01,-3.248423635959625244e-01,-1.821848154067993164e-01,-2.435897737741470337e-01,-3.207976222038269043e-01,-2.107346951961517334e-01,-1.937442421913146973e-01,-1.417015492916107178e-01,-1.843497306108474731e-01,1.342811714857816696e-02,6.730034947395324707e-02,1.017833203077316284e-01,-4.404821898788213730e-03,1.159500796347856522e-03,-3.820433095097541809e-02,-3.533821436576545238e-04,4.172753542661666870e-02,6.951942923478782177e-04,-3.959181904792785645e-02,-1.240443997085094452e-02,7.676240801811218262e-02,3.034508228302001953e-02,-6.069689057767391205e-03,1.792283728718757629e-02,1.112824305891990662e-01,-7.502184808254241943e-02,9.996911138296127319e-02,8.428419381380081177e-02,-6.188235804438591003e-02,1.345634758472442627e-01,8.015663921833038330e-02,3.369059041142463684e-02,1.395759731531143188e-01,1.466391086578369141e-01,2.277147583663463593e-02,1.779238134622573853e-01,1.107564494013786316e-01,1.241801306605339050e-01,4.553855955600738525e-02,-6.558579206466674805e-02,9.430134296417236328e-02,1.813040301203727722e-02,1.285621821880340576e-01,3.967409580945968628e-02,1.379723101854324341e-01,-1.468931231647729874e-02,5.317877978086471558e-02,1.985468864440917969e-01,1.474611461162567139e-01,4.608783870935440063e-02,2.102915495634078979e-01,3.276353329420089722e-02,4.504249244928359985e-02,2.589290775358676910e-02,-4.661805182695388794e-02,1.123225390911102295e-01,1.089781671762466431e-01,-2.673550322651863098e-02,3.088887594640254974e-02,1.020174548029899597e-01,8.596803992986679077e-02,-5.581971630454063416e-02,4.849165678024291992e-02,7.256964221596717834e-03,1.285602301359176636e-01,-1.845523901283740997e-02,1.468918770551681519e-01,1.284267604351043701e-01,1.998175233602523804e-01,-7.522697560489177704e-03,1.670644283294677734e-01,2.154012322425842285e-01,1.402888353914022446e-02,-4.810129478573799133e-02,1.508767306804656982e-01,1.288742125034332275e-01,1.059176921844482422e-01,2.805322781205177307e-02,1.379706412553787231e-01,1.460234224796295166e-01,9.784679859876632690e-02,2.030496895313262939e-01,4.413125663995742798e-02,1.732593588531017303e-02,1.456663757562637329e-01,7.883052527904510498e-02,1.097716465592384338e-01,7.336422801017761230e-02,1.811695843935012817e-01,9.852244704961776733e-02,2.553494181483983994e-03,5.082518979907035828e-02,9.193028509616851807e-02,1.082097887992858887e-01,-7.638554088771343231e-03,1.448289752006530762e-01,1.648655533790588379e-01,1.557877808809280396e-01,5.902097001671791077e-02,4.145977273583412170e-02,1.191003322601318359e-01,9.626013040542602539e-02,1.162061840295791626e-01,7.716346532106399536e-02,1.705349236726760864e-01,1.930656582117080688e-01,5.974977836012840271e-02,1.886572837829589844e-01,4.965395852923393250e-02,1.530447155237197876e-01,7.233800739049911499e-02,9.323581308126449585e-02,6.037056446075439453e-02,1.749883890151977539e-01,8.025718480348587036e-02,1.376792937517166138e-01
2.734823897480964661e-02,-2.002380043268203735e-01,-4.557844623923301697e-02,-6.243458483368158340e-03,-1.214105188846588135e-01,-1.521722078323364258e-01,1.680556088685989380e-01,-1.006168648600578308e-01,-2.243604324758052826e-02,3.656233102083206177e-02,1.267231404781341553e-01,-1.081670075654983521e-01,1.724368631839752197e-01,2.200094312429428101e-01,9.065196663141250610e-02,-1.715523600578308105e-01,8.232001215219497681e-02,7.493942975997924805e-02,1.364032924175262451e-01,9.570889174938201904e-02,-9.762284904718399048e-02,2.631797790527343750e-01,8.163745701313018799e-02,1.145469322800636292e-01,1.231096237897872925e-01,-5.496864020824432373e-02,1.971069723367691040e-02,1.775160133838653564e-01,-4.984214529395103455e-02,5.338462814688682556e-02,-4.760333150625228882e-02,9.335649758577346802e-02,-6.552898790687322617e-03,3.415309637784957886e-02,1.436287164688110352e-01,-7.091524451971054077e-02,1.937926188111305237e-02,-7.802201062440872192e-02,6.331657525151968002e-03,-2.431047260761260986e-01,-8.323228359222412109e-02,1.543696671724319458e-01,-3.828957676887512207e-02,-3.461484238505363464e-02,-1.380779501050710678e-02,8.957712352275848389e-02,7.190062105655670166e-02,2.066856063902378082e-02,1.149121373891830444e-01,1.210362538695335388e-01,7.486953586339950562e-02,-8.882842957973480225e-02,1.779366284608840942e-01,-6.281964480876922607e-02,1.377519336529076099e-03,1.067291125655174255e-01,1.117188297212123871e-02,1.653895888011902571e-04,-1.952619850635528564e-01,-1.786021739244461060e-01,9.206073731184005737e-02,6.055516004562377930e-02,1.529344171285629272e-01,7.210802286863327026e-02,8.909760415554046631e-02,3.242596611380577087e-02,-3.907197341322898865e-02,1.092552915215492249e-01,5.855670664459466934e-03,-1.853562891483306885e-01,6.296914070844650269e-02,-6.111809983849525452e-02,2.689261361956596375e-02,1.500800549983978271e-01,1.623600348830223083e-02,1.121442466974258423e-01,-5.162143334746360779e-02,9.195368736982345581e-02,7.505917549133300781e-02,-7.955410331487655640e-02,-6.761761009693145752e-02,2.362508513033390045e-02,-1.621632128953933716e-01,1.545623689889907837e-01,1.277711391448974609e-01,2.046662420034408569e-01,1.373246014118194580e-01,-3.617620840668678284e-02,-7.929333299398422241e-02,1.278160791844129562e-02,1.184483543038368225e-01,3.282389044761657715e-02,7.064875215291976929e-02,-1.691185832023620605e-01,1.260234862565994263e-01,1.750105768442153931e-01,7.354248315095901489e-03,2.068102546036243439e-02,2.995028346776962280e-02,-1.101046800613403320e-01,-2.715251408517360687e-03,1.156344041228294373e-01,4.080460220575332642e-02,2.413813769817352295e-01,5.186066031455993652e-02,1.141984574496746063e-02,1.802152097225189209e-01,-3.733070194721221924e-02,2.189739979803562164e-02,-7.523728907108306885e-02,3.925348073244094849e-02,-2.009606920182704926e-03,1.478753238916397095e-01,2.637929618358612061e-01,-6.835950911045074463e-02,1.644902527332305908e-01,7.047907263040542603e-02,2.102800756692886353e-01,1.981203071773052216e-02,8.506716042757034302e-02,4.964699596166610718e-02,-1.677597910165786743e-01,1.000032052397727966e-01,-1.906449794769287109e-01,1.525025349110364914e-02,-2.051205374300479889e-02,-1.192125380039215088e-01,-7.031329441815614700e-03,2.246674336493015289e-02,-4.457871988415718079e-02,7.008270174264907837e-02,1.021918468177318573e-02,1.688574999570846558e-02,-1.323208808898925781e-01,2.896189987659454346e-01,3.881531208753585815e-02,9.521894901990890503e-02,9.023639559745788574e-02,-2.284419909119606018e-02,1.167394369840621948e-01,1.439114660024642944e-01,6.005427334457635880e-03,-4.172721877694129944e-02,1.801293045282363892e-01,9.421142935752868652e-02,7.140077650547027588e-02,1.897502131760120392e-02,-2.434895746409893036e-02,-7.234802842140197754e-02,1.680157631635665894e-01,1.320499926805496216e-01,1.135940477252006531e-01,2.085780538618564606e-02,2.865005470812320709e-02,1.762890443205833435e-02,-1.201806124299764633e-02,2.542426250874996185e-02,5.003188550472259521e-02,4.180794209241867065e-02,1.162036359310150146e-01,1.155956536531448364e-01,1.813007146120071411e-01,1.954840570688247681e-01,4.146575927734375000e-02,-4.308591783046722412e-02,-1.130356565117835999e-01,6.331489980220794678e-02,1.463133841753005981e-01,-1.169413849711418152e-01,-5.123610142618417740e-03,1.905452460050582886e-01,-9.822341799736022949e-02,4.370804503560066223e-02,5.385811626911163330e-02,-2.054004557430744171e-02,-2.352324128150939941e-02,7.742486894130706787e-02,5.429195985198020935e-02,2.991205267608165741e-02,4.248353466391563416e-02,7.799132913351058960e-02,-2.878348529338836670e-02,2.964024199172854424e-03
-8.753430098295211792e-03,1.159223094582557678e-01,1.917990893125534058e-01,3.599428758025169373e-02,-1.997826248407363892e-01,5.813071504235267639e-02,-9.152420610189437866e-02,-1.478219926357269287e-01,-7.125881314277648926e-02,-5.032673850655555725e-02,1.900058612227439880e-02,-1.038150340318679810e-01,-1.999028325080871582e-01,4.558383300900459290e-02,1.371157318353652954e-01,-1.620324999094009399e-01,-2.510391920804977417e-02,1.212638169527053833e-01,7.393214851617813110e-02,1.484275460243225098e-01,-3.626661002635955811e-02,7.392238080501556396e-02,-6.085550040006637573e-02,-7.580085098743438721e-02,1.079878434538841248e-01,-1.590176299214363098e-02,-1.161926090717315674e-01,-4.734914377331733704e-02,-1.024267300963401794e-01,-4.202656447887420654e-02,-8.073303848505020142e-02,5.214048177003860474e-02,-1.600979566574096680e-01,-1.072205677628517151e-01,-1.345090866088867188e-01,-2.846032194793224335e-02,5.279051139950752258e-02,2.506604418158531189e-02,-7.598488032817840576e-02,6.761615723371505737e-02,5.038667470216751099e-02,8.120565675199031830e-03,1.528599858283996582e-02,1.920800805091857910e-01,-1.271015554666519165e-01,-7.042023539543151855e-02,1.511557549238204956e-01,-5.161510780453681946e-02,6.942296400666236877e-03,1.046307533979415894e-01,-1.047406792640686035e-01,-1.688191592693328857e-01,7.300618290901184082e-02,-1.626499928534030914e-02,2.468484193086624146e-01,4.973800107836723328e-02,7.825811952352523804e-02,1.158054918050765991e-01,-3.103653201833367348e-03,9.692987799644470215e-02,-3.857828676700592041e-02,5.509879812598228455e-02,1.249620169401168823e-01,-9.268970787525177002e-02,1.470983624458312988e-01,3.456065058708190918e-02,1.815874725580215454e-01,8.270125836133956909e-02,-1.211154311895370483e-01,-7.158092223107814789e-03,-8.484260737895965576e-02,1.796692609786987305e-02,-6.000813469290733337e-02,9.603145718574523926e-02,-1.081420257687568665e-01,-1.103553995490074158e-01,1.939304769039154053e-01,6.892337650060653687e-02,-4.561278969049453735e-02,1.995359063148498535e-01,9.490645676851272583e-02,1.224211603403091431e-01,-1.479278355836868286e-01,-6.270108371973037720e-02,8.511845022439956665e-02,-2.035529725253582001e-02,-2.440801113843917847e-01,1.310706045478582382e-02,-1.401638537645339966e-01,-1.049849241971969604e-01,2.575715258717536926e-02,-2.670310437679290771e-01,-9.402360767126083374e-03,-2.920326218008995056e-02,-4.518979787826538086e-02,8.988857269287109375e-02,9.926497191190719604e-02,-1.980278640985488892e-01,-6.203300785273313522e-03,2.394618690013885498e-01,-1.741122640669345856e-02,-1.662954501807689667e-02,-4.483717679977416992e-02,2.989489398896694183e-02,1.262278412468731403e-03,-1.923369765281677246e-01,-3.942458331584930420e-02,-1.490087658166885376e-01,-3.566569462418556213e-02,3.270574286580085754e-02,2.536769956350326538e-02,8.405754715204238892e-02,-9.144702553749084473e-02,-1.612936258316040039e-01,-4.012090340256690979e-02,1.125261113047599792e-01,3.862909507006406784e-03,-4.972110036760568619e-03,-1.798004359006881714e-01,3.977663815021514893e-02,-1.064371317625045776e-01,-4.159795120358467102e-02,-6.631605327129364014e-02,-2.805042639374732971e-02,-2.211239933967590332e-01,5.438220873475074768e-02,7.862624526023864746e-02,2.013078629970550537e-01,9.802597016096115112e-02,5.906205251812934875e-02,7.693289965391159058e-02,1.929902285337448120e-02,-3.590356186032295227e-02,-2.346678227186203003e-01,-7.900944352149963379e-02,-3.479862585663795471e-02,2.101568728685379028e-01,5.544382706284523010e-02,-2.449190802872180939e-02,-1.527031417936086655e-02,4.986410215497016907e-02,-9.903708845376968384e-02,1.375004556030035019e-02,1.293104439973831177e-01,-1.365293413400650024e-01,6.193532422184944153e-02,1.696704924106597900e-01,1.547783166170120239e-01,3.212688118219375610e-02,-3.380623459815979004e-02,8.782111108303070068e-03,-1.157286912202835083e-01,4.941177740693092346e-02,-7.003074139356613159e-02,-5.099827423691749573e-02,-3.684560209512710571e-02,1.180655807256698608e-01,-1.052489853464066982e-03,1.711296141147613525e-01,-8.846045285463333130e-02,2.480180747807025909e-02,1.031294763088226318e-01,1.014425531029701233e-01,-5.099988356232643127e-02,-9.908530116081237793e-02,-1.868596971035003662e-01,7.529006153345108032e-02,1.078320071101188660e-01,-3.631999250501394272e-03,-1.417249441146850586e-01,1.356539875268936157e-01,6.412631273269653320e-02,6.486321240663528442e-02,-2.662320137023925781e-01,1.752199679613113403e-01,2.392055280506610870e-02,1.432760357856750488e-01,9.683922678232192993e-02,-5.608531832695007324e-02,-9.996097534894943237e-02,-4.679389297962188721e-02,-1.270745098590850830e-01,-2.945143878459930420e-01
